1000 30 29 0.00538088986650109 78.4865036010742
999 0 0 0.00538088986650109 78.3864974975586
998 0 0 0.00538088986650109 78.2864990234375
997 0 0 0.00538088986650109 78.1865005493164
996 0 0 0.00538088986650109 78.0865020751953
995 0 0 0.00538088986650109 77.9865036010742
994 0 0 0.00538088986650109 77.8864974975586
993 0 0 0.00538088986650109 77.7864990234375
992 0 0 0.00538088986650109 77.6865005493164
991 0 0 0.00538088986650109 77.5865020751953
990 0 0 0.00538088986650109 77.4865036010742
989 0 0 0.00538088986650109 77.3864974975586
988 0 0 0.00538088008761406 77.2864990234375
987 0 0 0.00538088008761406 77.1865005493164
986 0 0 0.00538088008761406 77.0865020751953
985 0 0 0.00538088008761406 76.9865036010742
984 0 0 0.00538088008761406 76.8864974975586
983 0 0 0.00538088008761406 76.7864990234375
982 0 0 0.00538088008761406 76.6865005493164
981 0 0 0.00538088008761406 76.5865020751953
980 0 0 0.00538088008761406 76.4865036010742
979 0 0 0.00538088008761406 76.3864974975586
978 0 0 0.00538088008761406 76.2864990234375
977 0 0 0.00538088008761406 76.1865005493164
976 0 0 0.00538088008761406 76.0865020751953
975 0 0 0.00538088008761406 75.9865036010742
974 0 0 0.00538086984306574 75.8864974975586
973 0 0 0.00538086984306574 75.7864990234375
972 0 0 0.00538086984306574 75.6865005493164
971 0 0 0.00538086984306574 75.5865020751953
970 0 0 0.00538086984306574 75.4865036010742
969 0 0 0.00538086984306574 75.3864974975586
968 0 0 0.00538086984306574 75.2864990234375
967 0 0 0.00538086984306574 75.1865005493164
966 0 0 0.00538086984306574 75.0865020751953
965 0 0 0.00538086984306574 74.9865036010742
964 0 0 0.00538086984306574 74.8864974975586
963 0 0 0.00538086984306574 74.7864990234375
962 0 0 0.00538086984306574 74.6865005493164
961 0 0 0.00538086984306574 74.5865020751953
960 0 0 0.00538086006417871 74.4865036010742
959 0 0 0.00538086006417871 74.3864974975586
958 0 0 0.00538086006417871 74.2864990234375
957 0 0 0.00538086006417871 74.1865005493164
956 0 0 0.00538086006417871 74.0865020751953
955 0 0 0.00538086006417871 73.9865036010742
954 0 0 0.00538086006417871 73.8864974975586
953 0 0 0.00538086006417871 73.7864990234375
952 0 0 0.00538086006417871 73.6865005493164
951 0 0 0.00538086006417871 73.5865020751953
950 29 24 0.00538086006417871 73.4865036010742
949 0 0 0.00538086006417871 73.3864974975586
948 0 0 0.00538086006417871 73.2864990234375
947 0 0 0.00538084981963038 73.1865005493164
946 0 0 0.00538084981963038 73.0865020751953
945 0 0 0.00538084981963038 72.9865036010742
944 0 0 0.00538084981963038 72.8864974975586
943 0 0 0.00538084981963038 72.7864990234375
942 0 0 0.00538084981963038 72.6865005493164
941 0 0 0.00538084981963038 72.5865020751953
940 0 0 0.00538084981963038 72.4865036010742
939 0 0 0.00538084981963038 72.3864974975586
938 0 0 0.00538084981963038 72.2864990234375
937 0 0 0.00538084981963038 72.1865005493164
936 0 0 0.00538084981963038 72.0865020751953
935 0 0 0.00538084004074335 71.9865036010742
934 0 0 0.00538084004074335 71.8864974975586
933 0 0 0.00538084004074335 71.7864990234375
932 0 0 0.00538084004074335 71.6865005493164
931 0 0 0.00538084004074335 71.5865020751953
930 0 0 0.00538084004074335 71.4865036010742
929 0 0 0.00538084004074335 71.3864974975586
928 0 0 0.00538084004074335 71.2864990234375
927 0 0 0.00538084004074335 71.1865005493164
926 0 0 0.00538084004074335 71.0865020751953
925 0 0 0.00538084004074335 70.9865036010742
924 0 0 0.00538082979619503 70.8864974975586
923 0 0 0.00538082979619503 70.7864990234375
922 0 0 0.00538082979619503 70.6865005493164
921 0 0 0.00538082979619503 70.5865020751953
920 0 0 0.00538082979619503 70.4865036010742
919 0 0 0.00538082979619503 70.3864974975586
918 0 0 0.00538082979619503 70.2864990234375
917 0 0 0.00538082979619503 70.1865005493164
916 0 0 0.00538082979619503 70.0865020751953
915 0 0 0.00538082979619503 69.9865036010742
914 0 0 0.00538082979619503 69.8864974975586
913 0 0 0.005380820017308 69.7864990234375
912 0 0 0.005380820017308 69.6865005493164
911 0 0 0.005380820017308 69.5865020751953
910 0 0 0.005380820017308 69.4865036010742
909 0 0 0.005380820017308 69.3864974975586
908 0 0 0.005380820017308 69.2864990234375
907 0 0 0.005380820017308 69.1865005493164
906 0 0 0.005380820017308 69.0865020751953
905 0 0 0.005380820017308 68.9865036010742
904 0 0 0.005380820017308 68.8864974975586
903 0 0 0.005380820017308 68.7864990234375
902 0 0 0.00538080977275968 68.6865005493164
901 0 0 0.00538080977275968 68.5865020751953
900 28 24 0.00538080977275968 68.4865036010742
899 0 0 0.00538080977275968 68.3864974975586
898 0 0 0.00538080977275968 68.2864990234375
897 0 0 0.00538080977275968 68.1865005493164
896 0 0 0.00538080977275968 68.0865020751953
895 0 0 0.00538080977275968 67.9865036010742
894 0 0 0.00538080977275968 67.8864974975586
893 0 0 0.00538080977275968 67.7864990234375
892 0 0 0.00538079999387264 67.6865005493164
891 0 0 0.00538079999387264 67.5865020751953
890 0 0 0.00538079999387264 67.4865036010742
889 0 0 0.00538079999387264 67.3864974975586
888 0 0 0.00538079999387264 67.2864990234375
887 0 0 0.00538079999387264 67.1865005493164
886 0 0 0.00538079999387264 67.0865020751953
885 0 0 0.00538079999387264 66.9865036010742
884 0 0 0.00538079999387264 66.8864974975586
883 0 0 0.00538079021498561 66.7864990234375
882 0 0 0.00538079021498561 66.6865005493164
881 0 0 0.00538079021498561 66.5865020751953
880 0 0 0.00538079021498561 66.4865036010742
879 0 0 0.00538079021498561 66.3864974975586
878 0 0 0.00538079021498561 66.2864990234375
877 0 0 0.00538079021498561 66.1865005493164
876 0 0 0.00538079021498561 66.0865020751953
875 0 0 0.00538079021498561 65.9865036010742
874 0 0 0.00538079021498561 65.8864974975586
873 0 0 0.00538077997043729 65.7864990234375
872 0 0 0.00538077997043729 65.6865005493164
871 0 0 0.00538077997043729 65.5865020751953
870 0 0 0.00538077997043729 65.4865036010742
869 0 0 0.00538077997043729 65.3864974975586
868 0 0 0.00538077997043729 65.2864990234375
867 0 0 0.00538077997043729 65.1865005493164
866 0 0 0.00538077997043729 65.0865020751953
865 0 0 0.00538077997043729 64.9865036010742
864 0 0 0.00538077019155025 64.8864974975586
863 0 0 0.00538077019155025 64.7864990234375
862 0 0 0.00538077019155025 64.6865005493164
861 0 0 0.00538077019155025 64.5865020751953
860 0 0 0.00538077019155025 64.4865036010742
859 0 0 0.00538077019155025 64.3864974975586
858 0 0 0.00538077019155025 64.2864990234375
857 0 0 0.00538077019155025 64.1865005493164
856 0 0 0.00538075994700193 64.0865020751953
855 0 0 0.00538075994700193 63.986499786377
854 0 0 0.00538075994700193 63.8865013122559
853 0 0 0.00538075994700193 63.7864990234375
852 0 0 0.00538075994700193 63.6865005493164
851 0 0 0.00538075994700193 63.586498260498
850 27 24 0.00538075994700193 63.486499786377
849 0 0 0.00538075994700193 63.3865013122559
848 0 0 0.0053807501681149 63.2864990234375
847 0 0 0.0053807501681149 63.1865005493164
846 0 0 0.0053807501681149 63.086498260498
845 0 0 0.0053807501681149 62.986499786377
844 0 0 0.0053807501681149 62.8865013122559
843 0 0 0.0053807501681149 62.7864990234375
842 0 0 0.0053807501681149 62.6865005493164
841 0 0 0.0053807501681149 62.586498260498
840 0 0 0.00538073992356658 62.486499786377
839 0 0 0.00538073992356658 62.3865013122559
838 0 0 0.00538073992356658 62.2864990234375
837 0 0 0.00538073992356658 62.1865005493164
836 0 0 0.00538073992356658 62.086498260498
835 0 0 0.00538073992356658 61.986499786377
834 0 0 0.00538073992356658 61.8865013122559
833 0 0 0.00538073992356658 61.7864990234375
832 0 0 0.00538073014467955 61.6865005493164
831 0 0 0.00538073014467955 61.586498260498
830 0 0 0.00538073014467955 61.486499786377
829 0 0 0.00538073014467955 61.3865013122559
828 0 0 0.00538073014467955 61.2864990234375
827 0 0 0.00538073014467955 61.1865005493164
826 0 0 0.00538073014467955 61.086498260498
825 0 0 0.00538071990013123 60.986499786377
824 0 0 0.00538071990013123 60.8865013122559
823 0 0 0.00538071990013123 60.7864990234375
822 0 0 0.00538071990013123 60.6865005493164
821 0 0 0.00538071990013123 60.586498260498
820 0 0 0.00538071990013123 60.486499786377
819 0 0 0.00538071990013123 60.3865013122559
818 0 0 0.00538071012124419 60.2864990234375
817 0 0 0.00538071012124419 60.1865005493164
816 0 0 0.00538071012124419 60.086498260498
815 0 0 0.00538071012124419 59.986499786377
814 0 0 0.00538071012124419 59.8865013122559
813 0 0 0.00538071012124419 59.7864990234375
812 0 0 0.00538071012124419 59.6865005493164
811 0 0 0.00538069987669587 59.586498260498
810 0 0 0.00538069987669587 59.486499786377
809 0 0 0.00538069987669587 59.3865013122559
808 0 0 0.00538069987669587 59.2864990234375
807 0 0 0.00538069987669587 59.1865005493164
806 0 0 0.00538069987669587 59.086498260498
805 0 0 0.00538069009780884 58.986499786377
804 0 0 0.00538069009780884 58.8865013122559
803 0 0 0.00538069009780884 58.7864990234375
802 0 0 0.00538069009780884 58.6865005493164
801 0 0 0.00538069009780884 58.586498260498
800 26 24 0.00538069009780884 58.486499786377
799 0 0 0.00538069009780884 58.3865013122559
798 0 0 0.00538067985326052 58.2864990234375
797 0 0 0.00538067985326052 58.1865005493164
796 0 0 0.00538067985326052 58.086498260498
795 0 0 0.00538067985326052 57.986499786377
794 0 0 0.00538067985326052 57.8865013122559
793 0 0 0.00538067985326052 57.7864990234375
792 0 0 0.00538067007437348 57.6865005493164
791 0 0 0.00538067007437348 57.586498260498
790 0 0 0.00538067007437348 57.486499786377
789 0 0 0.00538067007437348 57.3865013122559
788 0 0 0.00538067007437348 57.2864990234375
787 0 0 0.00538067007437348 57.1865005493164
786 0 0 0.00538065982982516 57.086498260498
785 0 0 0.00538065982982516 56.986499786377
784 0 0 0.00538065982982516 56.8865013122559
783 0 0 0.00538065982982516 56.7864990234375
782 0 0 0.00538065982982516 56.6865005493164
781 0 0 0.00538065982982516 56.586498260498
780 0 0 0.00538065005093813 56.486499786377
779 0 0 0.00538065005093813 56.3865013122559
778 0 0 0.00538065005093813 56.2864990234375
777 0 0 0.00538065005093813 56.1865005493164
776 0 0 0.00538065005093813 56.086498260498
775 0 0 0.00538063980638981 55.986499786377
774 0 0 0.00538063980638981 55.8865013122559
773 0 0 0.00538063980638981 55.7864990234375
772 0 0 0.00538063980638981 55.6865005493164
771 0 0 0.00538063980638981 55.586498260498
770 0 0 0.00538063980638981 55.486499786377
769 0 0 0.00538063002750278 55.3865013122559
768 0 0 0.00538063002750278 55.2864990234375
767 0 0 0.00538063002750278 55.1865005493164
766 0 0 0.00538063002750278 55.086498260498
765 0 0 0.00538063002750278 54.986499786377
764 0 0 0.00538061978295445 54.8865013122559
763 0 0 0.00538061978295445 54.7864990234375
762 0 0 0.00538061978295445 54.6865005493164
761 0 0 0.00538061978295445 54.586498260498
760 0 0 0.00538061978295445 54.486499786377
759 0 0 0.00538061000406742 54.3865013122559
758 0 0 0.00538061000406742 54.2864990234375
757 0 0 0.00538061000406742 54.1865005493164
756 0 0 0.00538061000406742 54.086498260498
755 0 0 0.00538061000406742 53.986499786377
754 0 0 0.00538060022518039 53.8865013122559
753 0 0 0.00538060022518039 53.7864990234375
752 0 0 0.00538060022518039 53.6865005493164
751 0 0 0.00538060022518039 53.586498260498
750 25 24 0.00538060022518039 53.486499786377
749 0 0 0.00538058998063207 53.3865013122559
748 0 0 0.00538058998063207 53.2864990234375
747 0 0 0.00538058998063207 53.1865005493164
746 0 0 0.00538058998063207 53.086498260498
745 0 0 0.00538058998063207 52.986499786377
744 0 0 0.00538058020174503 52.8865013122559
743 0 0 0.00538058020174503 52.7864990234375
742 0 0 0.00538058020174503 52.6865005493164
741 0 0 0.00538058020174503 52.586498260498
740 0 0 0.00538058020174503 52.486499786377
739 0 0 0.00538056995719671 52.3865013122559
738 0 0 0.00538056995719671 52.2864990234375
737 0 0 0.00538056995719671 52.1865005493164
736 0 0 0.00538056995719671 52.086498260498
735 0 0 0.00538056017830968 51.986499786377
734 0 0 0.00538056017830968 51.8865013122559
733 0 0 0.00538056017830968 51.7864990234375
732 0 0 0.00538056017830968 51.6865005493164
731 0 0 0.00538056017830968 51.586498260498
730 0 0 0.00538054993376136 51.486499786377
729 0 0 0.00538054993376136 51.3865013122559
728 0 0 0.00538054993376136 51.2864990234375
727 0 0 0.00538054993376136 51.1865005493164
726 0 0 0.00538054015487432 51.086498260498
725 0 0 0.00538054015487432 50.986499786377
724 0 0 0.00538054015487432 50.8865013122559
723 0 0 0.00538054015487432 50.7864990234375
722 0 0 0.005380529910326 50.6865005493164
721 0 0 0.005380529910326 50.586498260498
720 0 0 0.005380529910326 50.486499786377
719 0 0 0.005380529910326 50.3865013122559
718 0 0 0.00538052013143897 50.2864990234375
717 0 0 0.00538052013143897 50.1865005493164
716 0 0 0.00538052013143897 50.086498260498
715 0 0 0.00538052013143897 49.986499786377
714 0 0 0.00538050988689065 49.8865013122559
713 0 0 0.00538050988689065 49.7864990234375
712 0 0 0.00538050988689065 49.6865005493164
711 0 0 0.00538050988689065 49.586498260498
710 0 0 0.00538050010800362 49.486499786377
709 0 0 0.00538050010800362 49.3865013122559
708 0 0 0.00538050010800362 49.2864990234375
707 0 0 0.00538050010800362 49.1865005493164
706 0 0 0.0053804898634553 49.086498260498
705 0 0 0.0053804898634553 48.986499786377
704 0 0 0.0053804898634553 48.8865013122559
703 0 0 0.00538048008456826 48.7864990234375
702 0 0 0.00538048008456826 48.6865005493164
701 0 0 0.00538048008456826 48.586498260498
700 24 24 0.00538048008456826 48.486499786377
699 0 0 0.00538046984001994 48.3865013122559
698 0 0 0.00538046984001994 48.2864990234375
697 0 0 0.00538046984001994 48.1865005493164
696 0 0 0.00538046984001994 48.086498260498
695 0 0 0.00538046006113291 47.986499786377
694 0 0 0.00538046006113291 47.8865013122559
693 0 0 0.00538046006113291 47.7864990234375
692 0 0 0.00538044981658459 47.6865005493164
691 0 0 0.00538044981658459 47.586498260498
690 0 0 0.00538044981658459 47.486499786377
689 0 0 0.00538044003769755 47.3865013122559
688 0 0 0.00538044003769755 47.2864990234375
687 0 0 0.00538044003769755 47.1865005493164
686 0 0 0.00538044003769755 47.086498260498
685 0 0 0.00538042979314923 46.986499786377
684 0 0 0.00538042979314923 46.8865013122559
683 0 0 0.00538042979314923 46.7864990234375
682 0 0 0.0053804200142622 46.6865005493164
681 0 0 0.0053804200142622 46.586498260498
680 0 0 0.0053804200142622 46.486499786377
679 0 0 0.00538040976971388 46.3865013122559
678 0 0 0.00538040976971388 46.2864990234375
677 0 0 0.00538040976971388 46.1865005493164
676 0 0 0.00538039999082685 46.086498260498
675 0 0 0.00538039999082685 45.986499786377
674 0 0 0.00538039999082685 45.8865013122559
673 0 0 0.00538039021193981 45.7864990234375
672 0 0 0.00538039021193981 45.6865005493164
671 0 0 0.00538039021193981 45.586498260498
670 0 0 0.00538037996739149 45.486499786377
669 0 0 0.00538037996739149 45.3865013122559
668 0 0 0.00538037996739149 45.2864990234375
667 0 0 0.00538037018850446 45.1865005493164
666 0 0 0.00538037018850446 45.086498260498
665 0 0 0.00538037018850446 44.986499786377
664 0 0 0.00538035994395614 44.8865013122559
663 0 0 0.00538035994395614 44.7864990234375
662 0 0 0.00538035994395614 44.6865005493164
661 0 0 0.0053803501650691 44.586498260498
660 0 0 0.0053803501650691 44.486499786377
659 0 0 0.0053803501650691 44.3865013122559
658 0 0 0.00538033992052078 44.2864990234375
657 0 0 0.00538033992052078 44.1865005493164
656 0 0 0.00538033992052078 44.086498260498
655 0 0 0.00538033014163375 43.986499786377
654 0 0 0.00538033014163375 43.8865013122559
653 0 0 0.00538031989708543 43.7864990234375
652 0 0 0.00538031989708543 43.6865005493164
651 0 0 0.00538031989708543 43.586498260498
650 23 24 0.00538031011819839 43.486499786377
649 0 0 0.00538031011819839 43.3865013122559
648 0 0 0.00538031011819839 43.2864990234375
647 0 0 0.00538029987365007 43.1865005493164
646 0 0 0.00538029987365007 43.086498260498
645 0 0 0.00538029009476304 42.986499786377
644 0 0 0.00538029009476304 42.8865013122559
643 0 0 0.00538029009476304 42.7864990234375
642 0 0 0.00538027985021472 42.6865005493164
641 0 0 0.00538027985021472 42.586498260498
640 0 0 0.00538027007132769 42.486499786377
639 0 0 0.00538027007132769 42.3865013122559
638 0 0 0.00538025982677937 42.2864990234375
637 0 0 0.00538025982677937 42.1865005493164
636 0 0 0.00538025982677937 42.086498260498
635 0 0 0.00538025004789233 41.986499786377
634 0 0 0.00538025004789233 41.8865013122559
633 0 0 0.00538023980334401 41.7864990234375
632 0 0 0.00538023980334401 41.6865005493164
631 0 0 0.00538023002445698 41.586498260498
630 0 0 0.00538023002445698 41.486499786377
629 0 0 0.00538023002445698 41.3865013122559
628 0 0 0.00538021977990866 41.2864990234375
627 0 0 0.00538021977990866 41.1865005493164
626 0 0 0.00538021000102162 41.086498260498
625 0 0 0.00538021000102162 40.986499786377
624 0 0 0.00538020022213459 40.8865013122559
623 0 0 0.00538020022213459 40.7864990234375
622 0 0 0.00538018997758627 40.6865005493164
621 0 0 0.00538018997758627 40.586498260498
620 0 0 0.00538018019869924 40.486499786377
619 0 0 0.00538018019869924 40.3865013122559
618 0 0 0.00538016995415092 40.2864990234375
617 0 0 0.00538016995415092 40.1865005493164
616 0 0 0.00538016017526388 40.086498260498
615 0 0 0.00538016017526388 39.986499786377
614 0 0 0.00538014993071556 39.8865013122559
613 0 0 0.00538014993071556 39.7864990234375
612 0 0 0.00538014015182853 39.6865005493164
611 0 0 0.00538014015182853 39.586498260498
610 0 0 0.00538012990728021 39.486499786377
609 0 0 0.00538012990728021 39.3865013122559
608 0 0 0.00538012012839317 39.2864990234375
607 0 0 0.00538012012839317 39.1865005493164
606 0 0 0.00538010988384485 39.086498260498
605 0 0 0.00538010988384485 38.986499786377
604 0 0 0.00538010010495782 38.8865013122559
603 0 0 0.00538010010495782 38.7864990234375
602 0 0 0.0053800898604095 38.6865005493164
601 0 0 0.0053800898604095 38.586498260498
600 22 24 0.00538008008152246 38.486499786377
599 0 0 0.00538008008152246 38.3865013122559
598 0 0 0.00538006983697414 38.2864990234375
597 0 0 0.00538006005808711 38.1865005493164
596 0 0 0.00538006005808711 38.086498260498
595 0 0 0.00538004981353879 37.986499786377
594 0 0 0.00538004981353879 37.8865013122559
593 0 0 0.00538004003465176 37.7864990234375
592 0 0 0.00538004003465176 37.6865005493164
591 0 0 0.00538002979010344 37.586498260498
590 0 0 0.0053800200112164 37.486499786377
589 0 0 0.0053800200112164 37.3865013122559
588 0 0 0.00538001023232937 37.2864990234375
587 0 0 0.00537999998778105 37.1865005493164
586 0 0 0.00537999998778105 37.086498260498
585 0 0 0.00537999020889401 36.986499786377
584 0 0 0.00537999020889401 36.8865013122559
583 0 0 0.00537997996434569 36.7864990234375
582 0 0 0.00537997018545866 36.6865005493164
581 0 0 0.00537997018545866 36.586498260498
580 0 0 0.00537995994091034 36.486499786377
579 0 0 0.00537995016202331 36.3865013122559
578 0 0 0.00537995016202331 36.2864990234375
577 0 0 0.00537993991747499 36.1865005493164
576 0 0 0.00537993013858795 36.086498260498
575 0 0 0.00537993013858795 35.986499786377
574 0 0 0.00537991989403963 35.8865013122559
573 0 0 0.0053799101151526 35.7864990234375
572 0 0 0.0053799101151526 35.6865005493164
571 0 0 0.00537989987060428 35.586498260498
570 0 0 0.00537989009171724 35.486499786377
569 0 0 0.00537989009171724 35.3865013122559
568 0 0 0.00537987984716892 35.2864990234375
567 0 0 0.00537987006828189 35.1865005493164
566 0 0 0.00537985982373357 35.086498260498
565 0 0 0.00537985982373357 34.986499786377
564 0 0 0.00537985004484653 34.8865013122559
563 0 0 0.00537983980029821 34.7864990234375
562 0 0 0.00537983002141118 34.6865005493164
561 0 0 0.00537983002141118 34.586498260498
560 0 0 0.00537981977686286 34.486499786377
559 0 0 0.00537980999797583 34.3865013122559
558 0 0 0.00537980021908879 34.2864990234375
557 0 0 0.00537978997454047 34.1865005493164
556 0 0 0.00537978997454047 34.086498260498
555 0 0 0.00537978019565344 33.986499786377
554 0 0 0.00537976995110512 33.8865013122559
553 0 0 0.00537976017221808 33.7864990234375
552 0 0 0.00537974992766976 33.6865005493164
551 0 0 0.00537974992766976 33.586498260498
550 21 24 0.00537974014878273 33.486499786377
549 0 0 0.00537972990423441 33.3865013122559
548 0 0 0.00537972012534738 33.2864990234375
547 0 0 0.00537970988079906 33.1865005493164
546 0 0 0.00537970010191202 33.086498260498
545 0 0 0.0053796898573637 32.986499786377
544 0 0 0.0053796898573637 32.8865013122559
543 0 0 0.00537968007847667 32.7864990234375
542 0 0 0.00537966983392835 32.6865005493164
541 0 0 0.00537966005504131 32.586498260498
540 0 0 0.00537964981049299 32.486499786377
539 0 0 0.00537964003160596 32.3865013122559
538 0 0 0.00537962978705764 32.2864990234375
537 0 0 0.0053796200081706 32.1865005493164
536 0 0 0.00537961022928357 32.086498260498
535 0 0 0.00537959998473525 31.986499786377
534 0 0 0.00537959020584822 31.8864994049072
533 0 0 0.0053795799612999 31.7865009307861
532 0 0 0.00537957018241286 31.6865005493164
531 0 0 0.00537955993786454 31.5865001678467
530 0 0 0.00537955015897751 31.486499786377
529 0 0 0.00537953991442919 31.3864994049072
528 0 0 0.00537953013554215 31.2865009307861
527 0 0 0.00537951989099383 31.1865005493164
526 0 0 0.0053795101121068 31.0865001678467
525 0 0 0.00537949986755848 30.986499786377
524 0 0 0.00537949008867145 30.8864994049072
523 0 0 0.00537947984412313 30.7865009307861
522 0 0 0.00537947006523609 30.6865005493164
521 0 0 0.00537945982068777 30.5865001678467
520 0 0 0.00537945004180074 30.486499786377
519 0 0 0.00537943001836538 30.3864994049072
518 0 0 0.00537941977381706 30.2865009307861
517 0 0 0.00537940999493003 30.1865005493164
516 0 0 0.005379400216043 30.0865001678467
515 0 0 0.00537938997149467 29.986499786377
514 0 0 0.00537938019260764 29.8864994049072
513 0 0 0.00537936016917229 29.7865009307861
512 0 0 0.00537934992462397 29.6865005493164
511 0 0 0.00537934014573693 29.5865001678467
510 0 0 0.00537932990118861 29.486499786377
509 0 0 0.00537932012230158 29.3864994049072
508 0 0 0.00537930009886622 29.2865009307861
507 0 0 0.0053792898543179 29.1865005493164
506 0 0 0.00537928007543087 29.0865001678467
505 0 0 0.00537926005199552 28.986499786377
504 0 0 0.0053792498074472 28.8864994049072
503 0 0 0.00537924002856016 28.7865009307861
502 0 0 0.00537922000512481 28.6865005493164
501 0 0 0.00537921022623777 28.5865001678467
500 20 24 0.00537919998168945 28.486499786377
499 0 0 0.0053791799582541 28.3864994049072
498 0 0 0.00537917017936707 28.2865009307861
497 0 0 0.00537915993481874 28.1865005493164
496 0 0 0.00537913991138339 28.0865001678467
495 0 0 0.00537913013249636 27.986499786377
494 0 0 0.005379110109061 27.8864994049072
493 0 0 0.00537909986451268 27.7865009307861
492 0 0 0.00537907984107733 27.6865005493164
491 0 0 0.00537907006219029 27.5865001678467
490 0 0 0.00537905003875494 27.486499786377
489 0 0 0.00537903979420662 27.3864994049072
488 0 0 0.00537901977077127 27.2865009307861
487 0 0 0.00537900999188423 27.1865005493164
486 0 0 0.00537898996844888 27.0865001678467
485 0 0 0.00537896994501352 26.986499786377
484 0 0 0.00537896016612649 26.8864994049072
483 0 0 0.00537894014269114 26.7865009307861
482 0 0 0.00537892011925578 26.6865005493164
481 0 0 0.00537890987470746 26.5865001678467
480 0 0 0.00537888985127211 26.486499786377
479 0 0 0.00537886982783675 26.3864994049072
478 0 0 0.00537886004894972 26.2865009307861
477 0 0 0.00537884002551436 26.1865005493164
476 0 0 0.00537882000207901 26.0865001678467
475 0 0 0.00537879997864366 25.986499786377
474 0 0 0.0053787799552083 25.8864994049072
473 0 0 0.00537877017632127 25.7865009307861
472 0 0 0.00537875015288591 25.6865005493164
471 0 0 0.00537873012945056 25.5865001678467
470 0 0 0.00537871010601521 25.486499786377
469 0 0 0.00537869008257985 25.3864994049072
468 0 0 0.0053786700591445 25.2865009307861
467 0 0 0.00537865003570914 25.1865005493164
466 0 0 0.00537863001227379 25.0865001678467
465 0 0 0.00537860998883843 24.986499786377
464 0 0 0.00537858996540308 24.8864994049072
463 0 0 0.00537856994196773 24.7865009307861
462 0 0 0.00537854991853237 24.6865005493164
461 0 0 0.00537852989509702 24.5865001678467
460 0 0 0.00537850009277463 24.486499786377
459 0 0 0.00537848006933928 24.3864994049072
458 0 0 0.00537846004590392 24.2865009307861
457 0 0 0.00537844002246857 24.1865005493164
456 0 0 0.00537841999903321 24.0865001678467
455 0 0 0.00537839019671082 23.986499786377
454 0 0 0.00537837017327547 23.8864994049072
453 0 0 0.00537835014984012 23.7865009307861
452 0 0 0.00537831988185644 23.6865005493164
451 0 0 0.00537829985842109 23.5865001678467
450 19 24 0.0053782700560987 23.486499786377
449 0 0 0.00537825003266335 23.3864994049072
448 0 0 0.00537822023034096 23.2865009307861
447 0 0 0.0053782002069056 23.1865005493164
446 0 0 0.00537816993892193 23.0865001678467
445 0 0 0.00537814991548657 22.986499786377
444 0 0 0.00537812011316419 22.8864994049072
443 0 0 0.00537808984518051 22.7865009307861
442 0 0 0.00537806982174516 22.6865005493164
441 0 0 0.00537804001942277 22.5865001678467
440 0 0 0.00537801021710038 22.486499786377
439 0 0 0.00537797994911671 22.3864994049072
438 0 0 0.00537795014679432 22.2865009307861
437 0 0 0.00537793012335896 22.1865005493164
436 0 0 0.00537789985537529 22.0865001678467
435 0 0 0.0053778700530529 21.986499786377
434 0 0 0.00537783978506923 21.8864994049072
433 0 0 0.00537780998274684 21.7865009307861
432 0 0 0.00537776993587613 21.6865005493164
431 0 0 0.00537774013355374 21.5865001678467
430 0 0 0.00537770986557007 21.486499786377
429 0 0 0.00537768006324768 21.3864994049072
428 0 0 0.00537764979526401 21.2865009307861
427 0 0 0.00537761021405458 21.1865005493164
426 0 0 0.00537757994607091 21.0865001678467
425 0 0 0.0053775398992002 20.986499786377
424 0 0 0.00537751009687781 20.8864994049072
423 0 0 0.0053774700500071 20.7865009307861
422 0 0 0.00537743978202343 20.6865005493164
421 0 0 0.00537740020081401 20.5865001678467
420 0 0 0.00537736993283033 20.486499786377
419 0 0 0.00537732988595963 20.3864994049072
418 0 0 0.00537728983908892 20.2865009307861
417 0 0 0.00537724979221821 20.1865005493164
416 0 0 0.00537721021100879 20.0865001678467
415 0 0 0.00537717016413808 19.986499786377
414 0 0 0.00537713011726737 19.8864994049072
413 0 0 0.00537709007039666 19.7865009307861
412 0 0 0.00537705002352595 19.6865005493164
411 0 0 0.00537700997665524 19.5865001678467
410 0 0 0.00537696992978454 19.486499786377
409 0 0 0.00537692010402679 19.3864994049072
408 0 0 0.00537688005715609 19.2865009307861
407 0 0 0.00537683023139834 19.1865005493164
406 0 0 0.00537679018452764 19.0865001678467
405 0 0 0.00537673989310861 18.986499786377
404 0 0 0.00537669006735086 18.8864994049072
403 0 0 0.00537665002048016 18.7865009307861
402 0 0 0.00537660019472241 18.6865005493164
401 0 0 0.00537654990330338 18.5865001678467
400 18 24 0.00537650007754564 18.486499786377
399 0 0 0.00537644978612661 18.3864994049072
398 0 0 0.00537639018148184 18.2865009307861
397 0 0 0.00537633989006281 18.1865005493164
396 0 0 0.00537629006430507 18.0865001678467
395 0 0 0.005376229993999 17.986499786377
394 0 0 0.00537618016824126 17.8864994049072
393 0 0 0.0053761200979352 17.7865009307861
392 0 0 0.00537606002762914 17.6865005493164
391 0 0 0.0053760102018714 17.5865001678467
390 0 0 0.00537595013156533 17.486499786377
389 0 0 0.00537589006125927 17.3864994049072
388 0 0 0.00537582021206617 17.2865009307861
387 0 0 0.00537576014176011 17.1865005493164
386 0 0 0.00537570007145405 17.0865001678467
385 0 0 0.00537563022226095 16.986499786377
384 0 0 0.00537557015195489 16.8864994049072
383 0 0 0.00537549983710051 16.7865009307861
382 0 0 0.00537542998790741 16.6865005493164
381 0 0 0.00537536013871431 16.5865001678467
380 0 0 0.00537528982385993 16.486499786377
379 0 0 0.00537521997466683 16.3864994049072
378 0 0 0.00537515012547374 16.2865009307861
377 0 0 0.00537507003173232 16.1865005493164
376 0 0 0.0053749899379909 16.0865001678467
375 0 0 0.00537492008879781 15.986499786377
374 0 0 0.00537483999505639 15.8865003585815
373 0 0 0.00537475990131497 15.7864999771118
372 0 0 0.00537467002868652 15.6864995956421
371 0 0 0.00537458993494511 15.5865001678467
370 0 0 0.00537450006231666 15.486499786377
369 0 0 0.00537441996857524 15.3865003585815
368 0 0 0.00537433009594679 15.2864999771118
367 0 0 0.00537424022331834 15.1864995956421
366 0 0 0.00537414010614157 15.0865001678467
365 0 0 0.00537404976785183 14.986499786377
364 0 0 0.00537395011633635 14.8865003585815
363 0 0 0.00537384999915957 14.7864999771118
362 0 0 0.0053737498819828 14.6864995956421
361 0 0 0.00537365023046732 14.5865001678467
360 0 0 0.00537355011329055 14.486499786377
359 0 0 0.00537344021722674 14.3865003585815
358 0 0 0.00537332985550165 14.2864999771118
357 0 0 0.00537321995943785 14.1864995956421
356 0 0 0.00537309981882572 14.0865001678467
355 0 0 0.00537298992276192 13.986499786377
354 0 0 0.00537286978214979 13.8865003585815
353 0 0 0.00537275010719895 13.7864999771118
352 0 0 0.00537262018769979 13.6864995956421
351 0 0 0.00537248980253935 13.5865001678467
350 17 24 0.00537235988304019 13.486499786377
349 0 0 0.00537222996354103 13.3865003585815
348 0 0 0.00537208979949355 13.2864999771118
347 0 0 0.00537195010110736 13.1864995956421
346 0 0 0.00537180993705988 13.0865001678467
345 0 0 0.00537165999412537 12.986499786377
344 0 0 0.00537151983007789 12.8865003585815
343 0 0 0.00537136010825634 12.7864999771118
342 0 0 0.00537121016532183 12.6864995956421
341 0 0 0.00537104019895196 12.5865001678467
340 0 0 0.00537088001146913 12.486499786377
339 0 0 0.00537071004509926 12.3865003585815
338 0 0 0.00537054007872939 12.2864999771118
337 0 0 0.0053703598678112 12.1864995956421
336 0 0 0.0053701801225543 12.0865001678467
335 0 0 0.00536999013274908 11.986499786377
334 0 0 0.00536980014294386 11.8865003585815
333 0 0 0.00536961015313864 11.7864999771118
332 0 0 0.00536940013989806 11.6864995956421
331 0 0 0.00536919990554452 11.5865001678467
330 0 0 0.00536898989230394 11.486499786377
329 0 0 0.00536877010017633 11.3865003585815
328 0 0 0.0053685400635004 11.2864999771118
327 0 0 0.00536831002682447 11.1864995956421
326 0 0 0.00536807999014854 11.0865001678467
325 0 0 0.00536782993003726 10.986499786377
324 0 0 0.00536757986992598 10.8865003585815
323 0 0 0.00536732980981469 10.7864999771118
322 0 0 0.00536706019192934 10.6864995956421
321 0 0 0.0053667901083827 10.5865001678467
320 0 0 0.00536650978028774 10.486499786377
319 0 0 0.00536622013896704 10.3865003585815
318 0 0 0.00536591978743672 10.2864999771118
317 0 0 0.0053656199015677 10.1864995956421
316 0 0 0.00536529999226332 10.0865001678467
315 0 0 0.00536498008295894 9.98645973205566
314 0 0 0.0053646401502192 9.88646030426025
313 0 0 0.00536428997293115 9.78645992279053
312 0 0 0.00536393979564309 9.6864595413208
311 0 0 0.00536357006058097 9.58646011352539
310 0 0 0.00536319008097053 9.48645973205566
309 0 0 0.00536279007792473 9.38646030426025
308 0 0 0.00536239007487893 9.28645992279053
307 0 0 0.00536197004839778 9.1864595413208
306 0 0 0.00536152999848127 9.08646011352539
305 0 0 0.00536108016967773 8.98645973205566
304 0 0 0.00536062009632587 8.88646030426025
303 0 0 0.00536013022065163 8.78645992279053
302 0 0 0.00535963010042906 8.6864595413208
301 0 0 0.00535912020131946 8.58646011352539
300 16 24 0.00535858003422618 8.48645973205566
299 0 0 0.00535801984369755 8.38646030426025
298 0 0 0.00535744009539485 8.28645992279053
297 0 0 0.00535683985799551 8.1864595413208
296 0 0 0.0053562200628221 8.08646011352539
295 0 0 0.00535556999966502 7.98646020889282
294 0 0 0.00535489991307259 7.8864598274231
293 0 0 0.00535420002415776 7.78645992279053
292 0 0 0.00535346986725926 7.68646001815796
291 0 0 0.00535270990803838 7.58646011352539
290 0 0 0.00535190990194678 7.48646020889282
289 0 0 0.00535108987241983 7.3864598274231
288 0 0 0.00535022001713514 7.28645992279053
287 0 0 0.00534931989386678 7.18646001815796
286 0 0 0.00534838018938899 7.08646011352539
285 0 0 0.00534739997237921 6.98646020889282
284 0 0 0.00534636992961168 6.8864598274231
283 0 0 0.00534529006108642 6.78645992279053
282 0 0 0.00534415990114212 6.68646001815796
281 0 0 0.00534297991544008 6.58646011352539
280 0 0 0.00534173985943198 6.48646020889282
279 0 0 0.00534042995423079 6.38646984100342
278 0 0 0.00533905997872353 6.28646993637085
277 0 0 0.00533762015402317 6.18647003173828
276 0 0 0.00533609976992011 6.08647012710571
275 0 0 0.00533450022339821 5.98647022247314
274 0 0 0.00533280987292528 5.88646984100342
273 0 0 0.00533101987093687 5.78646993637085
272 0 0 0.00532913021743298 5.68647003173828
271 0 0 0.00532713998109102 5.58647012710571
270 0 0 0.00532501982524991 5.48647022247314
269 0 0 0.00532277021557093 5.38646984100342
268 0 0 0.0053203902207315 5.28646993637085
267 0 0 0.00531785003840923 5.1864800453186
266 0 0 0.0053151398897171 5.08648014068604
265 0 0 0.0053122597746551 4.98648023605347
264 0 0 0.00530917011201382 4.88647985458374
263 0 0 0.00530588021501899 4.78647994995117
262 0 0 0.00530233979225159 4.68649005889893
261 0 0 0.00529853999614716 4.58649015426636
260 0 0 0.00529445987194777 4.48648977279663
259 0 0 0.00529005983844399 4.38649988174438
258 0 0 0.00528531009331346 4.28649997711182
257 0 0 0.00528015987947583 4.18651008605957
256 0 0 0.00527457986027002 4.08652019500732
255 0 0 0.00526850996538997 3.9865300655365
254 0 0 0.00526347989216447 3.90965008735657
253 0 0 0.00525808986276388 3.83277010917664
252 0 0 0.00525231007486582 3.75588989257813
251 0 0 0.00524610001593828 3.67901992797852
250 15 24 0.00523942010477185 3.60213994979858
249 0 0 0.0052322200499475 3.52526998519897
248 0 0 0.00522443978115916 3.44840002059937
247 0 0 0.00521889980882406 3.39716005325317
246 0 0 0.0052130501717329 3.34592008590698
245 0 0 0.00520686991512775 3.29468011856079
244 0 0 0.0052003301680088 3.24343991279602
243 0 0 0.00519340019673109 3.19219994544983
242 0 0 0.00518605997785926 3.14096999168396
241 0 0 0.00518091022968292 3.10682010650635
240 0 0 0.00517555978149176 3.07265996932983
239 0 0 0.00516996998339891 3.03851008415222
238 0 0 0.00516415014863014 3.00435996055603
237 0 0 0.0051580797880888 2.97022008895874
236 0 0 0.0051517398096621 2.93606996536255
235 0 0 0.00514511996880174 2.90193009376526
234 0 0 0.00513819977641106 2.86778998374939
233 0 0 0.00513096014037728 2.83365988731384
232 0 0 0.00512338988482952 2.79952001571655
231 0 0 0.00511544989421964 2.76538991928101
230 0 0 0.00510994018986821 2.74264001846313
229 0 0 0.00510426005348563 2.71989989280701
228 0 0 0.00509838992729783 2.69714999198914
227 0 0 0.00509232981130481 2.67441010475159
226 0 0 0.0050860601477325 2.65166997909546
225 0 0 0.00507958000525832 2.62893009185791
224 0 0 0.00507288007065654 2.60618996620178
223 0 0 0.0050659398548305 2.58346009254456
222 0 0 0.00505875982344151 2.56072998046875
221 0 0 0.00505131995305419 2.53800988197327
220 0 0 0.00504361977800727 2.51529002189636
219 0 0 0.00503564020618796 2.4925799369812
218 0 0 0.00502735003829002 2.46987009048462
217 0 0 0.00501875998452306 2.44716000556946
216 0 0 0.00500983977690339 2.42446994781494
215 0 0 0.00500058010220528 2.40177989006042
214 0 0 0.00499096000567079 2.37909007072449
213 0 0 0.00498095992952585 2.35642004013062
212 0 0 0.00497055007144809 2.33375000953674
211 0 0 0.00495972018688917 2.31110000610352
210 0 0 0.00494844978675246 2.28845000267029
209 0 0 0.00493671000003815 2.26582002639771
208 0 0 0.00492447009310126 2.24320006370544
207 0 0 0.00491169979795814 2.22059988975525
206 0 0 0.00489836977794766 2.19800996780396
205 0 0 0.00488446000963449 2.17545008659363
204 0 0 0.0048699202015996 2.15289998054504
203 0 0 0.00485472986474633 2.13037991523743
202 0 0 0.00483882986009121 2.10788011550903
201 0 0 0.00482218991965055 2.08541011810303
200 14 24 0.00480474997311831 2.06297993659973
199 0 0 0.00478648999705911 2.04058003425598
198 0 0 0.00476732989773154 2.01822996139526
197 0 0 0.00474721984937787 1.99592995643616
196 0 0 0.00472611002624035 1.97368001937866
195 0 0 0.00470393011346459 1.95149004459381
194 0 0 0.00468062004074454 1.92937004566193
193 0 0 0.0046561099588871 1.90734004974365
192 0 0 0.00463030999526381 1.88539004325867
191 0 0 0.00460316985845566 1.86355996131897
190 0 0 0.00457458011806011 1.84185004234314
189 0 0 0.00454449001699686 1.82027995586395
188 0 0 0.00451281014829874 1.79886996746063
187 0 0 0.00447945017367601 1.77764999866486
186 0 0 0.00444435002282262 1.7566499710083
185 0 0 0.00440745009109378 1.73590004444122
184 0 0 0.00436868984252214 1.71545004844666
183 0 0 0.00432803016155958 1.69533002376556
182 0 0 0.00428547989577055 1.67559003829956
181 0 0 0.00424105999991298 1.65629994869232
180 0 0 0.00419483007863164 1.63750994205475
179 0 0 0.00414690980687737 1.61930000782013
178 0 0 0.0040974598377943 1.60172998905182
177 0 0 0.00404673023149371 1.58486998081207
176 0 0 0.00399501016363502 1.56878995895386
175 0 0 0.00394264003261924 1.55356001853943
174 0 0 0.00389004009775817 1.53924000263214
173 0 0 0.00383763993158937 1.52585995197296
172 0 0 0.00378591008484364 1.51346004009247
171 0 0 0.00373529992066324 1.50206005573273
170 0 0 0.003686279989779 1.49164998531342
169 0 0 0.00363926007412374 1.48222994804382
168 0 0 0.00359460990875959 1.4737800359726
167 0 0 0.00355266989208758 1.46624994277954
166 0 0 0.00351372989825904 1.45960998535156
165 0 0 0.00347801996394992 1.45380997657776
164 0 0 0.00344573007896543 1.44880998134613
163 0 0 0.00341700995340943 1.44456005096436
162 0 0 0.00339196994900703 1.44100999832153
161 0 0 0.00337069993838668 1.43812000751495
160 0 0 0.00335324998013675 1.43582999706268
159 0 0 0.003339669900015 1.43412005901337
158 0 0 0.00332996994256973 1.4329400062561
157 0 0 0.00332415988668799 1.43225002288818
156 0 0 0.00332221994176507 1.43202996253967
155 0 0 0.00332236988469958 1.43204998970032
154 0 0 0.00332337990403175 1.43216001987457
153 0 0 0.00332534988410771 1.43236994743347
152 0 0 0.00332829006947577 1.43269002437592
151 0 0 0.0033321799710393 1.43309998512268
150 13 24 0.00333702005445957 1.43359994888306
149 0 0 0.00334280007518828 1.43420004844666
148 0 0 0.00334953004494309 1.43488001823425
147 0 0 0.00335719995200634 1.43564999103546
146 0 0 0.00336580001749098 1.43649005889893
145 0 0 0.00337533000856638 1.43742001056671
144 0 0 0.00338578992523253 1.43842995166779
143 0 0 0.00339715997688472 1.43950998783112
142 0 0 0.00340944994240999 1.44067001342773
141 0 0 0.00342264003120363 1.44190001487732
140 0 0 0.00343675003387034 1.44318997859955
139 0 0 0.00345173990353942 1.44456005096436
138 0 0 0.00346763990819454 1.44598996639252
137 0 0 0.00348442001268268 1.44747996330261
136 0 0 0.00350207998417318 1.44904005527496
135 0 0 0.00352062005549669 1.45065999031067
134 0 0 0.00354003999382257 1.45234000682831
133 0 0 0.00356032000854611 1.45406997203827
132 0 0 0.00358146009966731 1.45587003231049
131 0 0 0.00360346003435552 1.4577100276947
130 0 0 0.00362631003372371 1.45961999893188
129 0 0 0.00365001009777188 1.46157002449036
128 0 0 0.00367455999366939 1.46358001232147
127 0 0 0.00369992991909385 1.46563005447388
126 0 0 0.00372613989748061 1.46774005889893
125 0 0 0.00375317991711199 1.4699000120163
124 0 0 0.00378103996627033 1.47210001945496
123 0 0 0.00380972004495561 1.47434997558594
122 0 0 0.00383920990861952 1.47664999961853
121 0 0 0.00386951002292335 1.47898995876312
120 0 0 0.00390061992220581 1.481369972229
119 0 0 0.00393251981586218 1.4838000535965
118 0 0 0.00396521994844079 1.4862699508667
117 0 0 0.00399870984256268 1.48878002166748
116 0 0 0.00403298018500209 1.49133002758026
115 0 0 0.00406803982332349 1.49392998218536
114 0 0 0.00410387990996242 1.49655997753143
113 0 0 0.00414049020037055 1.49923002719879
112 0 0 0.0041778702288866 1.50195002555847
111 0 0 0.00421601999551058 1.5046900510788
110 0 0 0.00425493018701673 1.50748002529144
109 0 0 0.00429459009319544 1.51030004024506
108 0 0 0.00433500995859504 1.51315999031067
107 0 0 0.00437618978321552 1.51605999469757
106 0 0 0.00441811000928283 1.51899003982544
105 0 0 0.00446077017113566 1.52196002006531
104 0 0 0.00450416980311275 1.52496004104614
103 0 0 0.00454830983653665 1.52798998355865
102 0 0 0.00459318980574608 1.53105998039246
101 0 0 0.00463879015296698 1.53416001796722
100 12 24 0.00468512019142509 1.53728997707367
99 0 0 0.00473217014223337 1.5404599905014
98 0 0 0.00477994978427887 1.54365003108978
97 0 0 0.0048284400254488 1.54688000679016
96 0 0 0.00487765017896891 1.55014002323151
95 0 0 0.00492756022140384 1.55343997478485
94 0 0 0.00497819017618895 1.55675995349884
93 0 0 0.00502952001988888 1.5601099729538
92 0 0 0.00508155021816492 1.56350004673004
91 0 0 0.0051342798396945 1.56691002845764
90 0 0 0.00518770981580019 1.57035005092621
89 0 0 0.00524182990193367 1.57381999492645
88 0 0 0.00529664987698197 1.57731997966766
87 0 0 0.00535215018317103 1.58085000514984
86 0 0 0.0054083401337266 1.5844099521637
85 0 0 0.00546520994976163 1.58800005912781
84 0 0 0.00552276987582445 1.59160995483398
83 0 0 0.00558099988847971 1.59525001049042
82 0 0 0.00563991023227572 1.59891998767853
81 0 0 0.00569949019700289 1.6026200056076
80 0 0 0.0057597397826612 1.60634005069733
79 0 0 0.00582065992057323 1.61009001731873
78 0 0 0.00588225014507771 1.61387002468109
77 0 0 0.00594450021162629 1.61767995357513
76 0 0 0.00600741012021899 1.62151002883911
75 0 0 0.00607099011540413 1.62536001205444
74 0 0 0.00613522017374635 1.62925004959106
73 0 0 0.00620009982958436 1.63314998149872
72 0 0 0.00626563979312778 1.63708996772766
71 0 0 0.00633182004094124 1.64104998111725
70 0 0 0.00639866013079882 1.64503002166748
69 0 0 0.00646612979471684 1.64903998374939
68 0 0 0.00653426023200154 1.65307998657227
67 0 0 0.0066030197776854 1.65714001655579
66 0 0 0.0066724200733006 1.66122996807098
65 0 0 0.00674246018752456 1.66533994674683
64 0 0 0.00681312987580895 1.66946995258331
63 0 0 0.0068844398483634 1.67362999916077
62 0 0 0.00695637008175254 1.67780995368958
61 0 0 0.00702892988920212 1.68201994895935
60 0 0 0.00710212020203471 1.68624997138977
59 0 0 0.00717592984437943 1.69050002098083
58 0 0 0.00725036021322012 1.69477999210358
57 0 0 0.0073254001326859 1.69907999038696
56 0 0 0.00740107009187341 1.70340001583099
55 0 0 0.00747733982279897 1.7077499628067
54 0 0 0.00755422003567219 1.71211004257202
53 0 0 0.00763172004371881 1.71651005744934
52 0 0 0.00770981982350349 1.72091996669769
51 0 0 0.00778851984068751 1.7253600358963
50 11 24 0.00786781962960958 1.72982001304626
49 0 0 0.007947719655931 1.73430001735687
48 0 0 0.00802821014076471 1.73880004882813
47 0 0 0.00810930039733648 1.74333000183105
46 0 0 0.00819096993654966 1.74786996841431
45 0 0 0.00827322993427515 1.75243997573853
44 0 0 0.00835608039051294 1.75703001022339
43 0 0 0.00843949988484383 1.76163995265961
42 0 0 0.00852349959313869 1.76627004146576
41 0 0 0.00860808044672012 1.77092003822327
40 0 0 0.00869323033839464 1.77558994293213
39 0 0 0.00877895019948483 1.78029000759125
38 0 0 0.00886522978544235 1.7849999666214
37 0 0 0.0089520700275898 1.78972995281219
36 0 0 0.00903946999460459 1.79448997974396
35 0 0 0.00912742968648672 1.79926002025604
34 0 0 0.00921592954546213 1.80404996871948
33 0 0 0.00930499006062746 1.80885994434357
32 0 0 0.00939458981156349 1.8136899471283
31 0 0 0.00948472041636705 1.81853997707367
30 0 0 0.00957539957016706 1.82341003417969
29 0 0 0.00966660026460886 1.82828998565674
28 0 0 0.00975834019482136 1.83319997787476
27 0 0 0.00985059980303049 1.8381199836731
26 0 0 0.00994338002055883 1.84306001663208
25 0 0 0.0100367004051805 1.84801995754242
24 0 0 0.010130500420928 1.85299003124237
23 0 0 0.0102247996255755 1.857990026474
22 0 0 0.0103195998817682 1.86299002170563
21 0 0 0.0104149002581835 1.86802005767822
20 0 0 0.0105106998234987 1.87305998802185
19 0 0 0.0106070004403591 1.87811994552612
18 0 0 0.0107038002461195 1.88319003582001
17 0 0 0.0108011001721025 1.88828003406525
16 0 0 0.0108987996354699 1.89339005947113
15 0 0 0.0109970001503825 1.89850997924805
14 0 0 0.0110956002026796 1.90364003181458
13 0 0 0.0111948000267148 1.90878999233246
12 0 0 0.011294299736619 1.91394996643066
11 0 0 0.0113942995667458 1.91912996768951
10 0 0 0.0114948004484177 1.92431998252869
9 0 0 0.0115956999361515 1.92952001094818
8 0 0 0.0116969998925924 1.93473994731903
7 0 0 0.0117987999692559 1.93997001647949
6 0 0 0.0118667995557189 1.94345998764038
5 0 0 0.0119123002514243 1.94579005241394
4 0 0 0.0119426995515823 1.947350025177
3 0 0 0.0119628999382257 1.94837999343872
2 0 0 0.0119764003902674 1.94907999038696
1 0 0 0.0119944997131824 1.95000004768372
1 0 0 0.0119944997131824 1.95000004768372
2 0 0 0.0120125003159046 1.95091998577118
3 0 0 0.0120261004194617 1.95161998271942
4 0 0 0.0120464004576206 1.95265996456146
5 0 0 0.0120769003406167 1.95422005653381
6 0 0 0.0121227996423841 1.95656001567841
7 0 0 0.0121916998177767 1.96008002758026
8 0 0 0.0122953997924924 1.96536004543304
9 0 0 0.0123995002359152 1.97065997123718
10 0 0 0.0125038996338844 1.97596001625061
11 0 0 0.0126088000833988 1.98127996921539
12 0 0 0.0127140004187822 1.98661005496979
13 0 0 0.0128196002915502 1.99194002151489
14 0 0 0.0129255000501871 1.99729001522064
15 0 0 0.0130316996946931 2.00264000892639
16 0 0 0.0131382998079062 2.00799989700317
17 0 0 0.0132453003898263 2.01337003707886
18 0 0 0.0133525002747774 2.01874995231628
19 0 0 0.013460099697113 2.02413010597229
20 0 0 0.0135679999366403 2.02953004837036
21 0 0 0.0136762000620365 2.03491997718811
22 0 0 0.0137847000733018 2.0403299331665
23 0 0 0.0138934003189206 2.04573011398315
24 0 0 0.0140025001019239 2.05115008354187
25 0 0 0.0141118001192808 2.05657005310059
26 0 0 0.0142213003709912 2.0619900226593
27 0 0 0.0143312001600862 2.06740999221802
28 0 0 0.0144411996006966 2.07283997535706
29 0 0 0.0145514998584986 2.07827997207642
30 0 0 0.0146620003506541 2.08370995521545
31 0 0 0.0147727997973561 2.08914995193481
32 0 0 0.0148836998268962 2.09458994865417
33 0 0 0.0149948997423053 2.10002994537354
34 0 0 0.0151062002405524 2.1054699420929
35 0 0 0.0152177000418305 2.11090993881226
36 0 0 0.0153294000774622 2.11634993553162
37 0 0 0.0154411997646093 2.12178993225098
38 0 0 0.01555319968611 2.12721991539001
39 0 0 0.0156653001904488 2.13265991210938
40 0 0 0.015777600929141 2.13808989524841
41 0 0 0.0158900003880262 2.14352011680603
42 0 0 0.0160023998469114 2.14895009994507
43 0 0 0.0161150004714727 2.15437006950378
44 0 0 0.016227699816227 2.1597900390625
45 0 0 0.0163403991609812 2.16519999504089
46 0 0 0.0164531990885735 2.17059993743896
47 0 0 0.0165660008788109 2.17600011825562
48 0 0 0.0166788008064032 2.18139004707336
49 0 0 0.0167916994541883 2.18677997589111
50 2 24 0.0169044993817806 2.1921501159668
51 0 0 0.017017399892211 2.1975200176239
52 0 0 0.0171301998198032 2.20286989212036
53 0 0 0.0172429997473955 2.2082200050354
54 0 0 0.0173556990921497 2.21355009078979
55 0 0 0.0174684002995491 2.21886992454529
56 0 0 0.0175809003412724 2.22416996955872
57 0 0 0.0176934003829956 2.22947001457214
58 0 0 0.0178056992590427 2.2347400188446
59 0 0 0.0179178006947041 2.24000000953674
60 0 0 0.0180297996848822 2.24524998664856
61 0 0 0.0181415993720293 2.25046992301941
62 0 0 0.0182531997561455 2.25567007064819
63 0 0 0.0183645002543926 2.26085996627808
64 0 0 0.0184755995869637 2.26602005958557
65 0 0 0.0185864008963108 2.27115988731384
66 0 0 0.0186967998743057 2.27627992630005
67 0 0 0.0188069008290768 2.28136992454529
68 0 0 0.0189165994524956 2.28642988204956
69 0 0 0.0190258994698524 2.29146003723145
70 0 0 0.0191348008811474 2.29646992683411
71 0 0 0.019243199378252 2.30144000053406
72 0 0 0.0193509999662638 2.30638003349304
73 0 0 0.0194582995027304 2.31128001213074
74 0 0 0.0195649992674589 2.31614995002747
75 0 0 0.0196710005402565 2.32097005844116
76 0 0 0.0197762995958328 2.32575988769531
77 0 0 0.0198809001594782 2.33049988746643
78 0 0 0.0199846997857094 2.33519005775452
79 0 0 0.0200874991714954 2.33982992172241
80 0 0 0.0201894994825125 2.34441995620728
81 0 0 0.0202904008328915 2.34895992279053
82 0 0 0.0203903000801802 2.35344004631042
83 0 0 0.0204889997839928 2.35785007476807
84 0 0 0.0205863993614912 2.36220002174377
85 0 0 0.0206825006753206 2.36648011207581
86 0 0 0.0207771994173527 2.37069010734558
87 0 0 0.0208703000098467 2.37480998039246
88 0 0 0.0209618005901575 2.37884998321533
89 0 0 0.021051499992609 2.38281011581421
90 0 0 0.0211392007768154 2.38667011260986
91 0 0 0.0212248992174864 2.39041996002197
92 0 0 0.0213082991540432 2.39406991004944
93 0 0 0.0213893000036478 2.39760994911194
94 0 0 0.0214677006006241 2.40102005004883
95 0 0 0.0215431991964579 2.40428996086121
96 0 0 0.0216157007962465 2.40742993354797
97 0 0 0.0216848999261856 2.41040992736816
98 0 0 0.0217505004256964 2.41322994232178
99 0 0 0.0218122005462646 2.41587996482849
100 3 24 0.0218695998191833 2.41832995414734
101 0 0 0.0219224002212286 2.42057991027832
102 0 0 0.0219701994210482 2.42260003089905
103 0 0 0.0220125000923872 2.42439007759094
104 0 0 0.0220487993210554 2.42592000961304
105 0 0 0.022078599780798 2.42717003822327
106 0 0 0.0221012998372316 2.42811989784241
107 0 0 0.0221161004155874 2.42874002456665
108 0 0 0.0221225991845131 2.42899990081787
109 4 22 0.0221228003501892 2.42900991439819
110 0 0 0.0221177991479635 2.42880988121033
111 0 0 0.0221025999635458 2.42817997932434
112 0 0 0.0220763999968767 2.42710995674133
113 0 0 0.0220382995903492 2.42555999755859
114 0 0 0.0219876002520323 2.42351007461548
115 0 0 0.0219234004616737 2.42091989517212
116 0 0 0.0218451004475355 2.41777992248535
117 0 0 0.0217521004378796 2.41407990455627
118 0 0 0.0216439999639988 2.4097900390625
119 0 0 0.0215207003057003 2.40492010116577
120 0 0 0.021382100880146 2.39949011802673
121 0 0 0.021228700876236 2.39351010322571
122 0 0 0.0210609994828701 2.38700008392334
123 0 0 0.0208794996142387 2.38000011444092
124 0 0 0.0206853002309799 2.37255001068115
125 0 0 0.0204792004078627 2.36469006538391
126 0 0 0.020262299105525 2.3564600944519
127 0 0 0.0200354997068644 2.34790992736816
128 0 0 0.0197998005896807 2.33907008171082
129 0 0 0.0195560995489359 2.32997989654541
130 0 0 0.0193054005503654 2.3206799030304
131 0 0 0.0190482009202242 2.31118988990784
132 0 0 0.0187854003161192 2.3015398979187
133 0 0 0.0185174997895956 2.29174995422363
134 0 0 0.0182450991123915 2.2818500995636
135 0 0 0.017968600615859 2.27185988426208
136 0 0 0.017688499763608 2.26178002357483
137 0 0 0.0174051001667976 2.25163006782532
138 0 0 0.0171186998486519 2.24143004417419
139 0 0 0.0168296005576849 2.23117995262146
140 0 0 0.0165381003171206 2.22089004516602
141 0 0 0.0162442997097969 2.2105700969696
142 0 0 0.0159485004842281 2.20022010803223
143 0 0 0.015650799497962 2.18986010551453
144 0 0 0.0153513001278043 2.17948007583618
145 0 0 0.0150501998141408 2.16909003257751
146 0 0 0.0147476000711322 2.15868997573853
147 0 0 0.0144437002018094 2.14828991889954
148 0 0 0.0141383996233344 2.13789010047913
149 0 0 0.0138317998498678 2.12750005722046
150 5 24 0.0135241001844406 2.11710000038147
151 0 0 0.0132152996957302 2.10671997070313
152 0 0 0.0129054998978972 2.09633994102478
153 0 0 0.0125946998596191 2.08596992492676
154 0 0 0.0122828995808959 2.07560992240906
155 0 0 0.0119703002274036 2.06525993347168
156 0 0 0.0116568002849817 2.05492997169495
157 0 0 0.0113425003364682 2.04461002349854
158 0 0 0.0110274003818631 2.03431010246277
159 0 0 0.0107115004211664 2.02401995658875
160 0 0 0.0103949001058936 2.01374006271362
161 0 0 0.0100776003673673 2.00348997116089
162 0 0 0.00975967012345791 1.99325001239777
163 0 0 0.00944106001406908 1.983029961586
164 0 0 0.00912181008607149 1.97283005714417
165 0 0 0.00880193989723921 1.9626499414444
166 0 0 0.00848149042576551 1.95247995853424
167 0 0 0.00816045980900526 1.94234001636505
168 0 0 0.00783886015415192 1.93221998214722
169 0 0 0.00751671986654401 1.9221099615097
170 0 0 0.00719405012205243 1.91202998161316
171 0 0 0.00687087001278996 1.90197002887726
172 0 0 0.0065471800044179 1.89192998409271
173 0 0 0.00622300012037158 1.88190996646881
174 0 0 0.00589834013953805 1.87190997600555
175 0 0 0.00557320984080434 1.86194002628326
176 0 0 0.00524763995781541 1.85198998451233
177 0 0 0.00492161000147462 1.84204995632172
178 0 0 0.00459516001865268 1.83214998245239
179 0 0 0.00426828023046255 1.82226002216339
180 0 0 0.00394099019467831 1.81239998340607
181 0 0 0.00361329992301762 1.80255997180939
182 0 0 0.00328521011397243 1.79273998737335
183 0 0 0.00295674009248614 1.78294003009796
184 0 0 0.00262790010310709 1.77316999435425
185 0 0 0.00229868991300464 1.76341998577118
186 0 0 0.00196913001127541 1.75370001792908
187 0 0 0.00163922004867345 1.74399995803833
188 0 0 0.00130897003691643 1.73432004451752
189 0 0 0.000978398020379245 1.72467005252838
190 0 0 0.000647502020001411 1.71504998207092
191 0 0 0.000316296005621552 1.70544004440308
192 0 0 -1.52135999087477E-05 1.69586002826691
193 0 0 -0.000347016990417615 1.6863100528717
194 0 0 -0.000679104996379465 1.67677998542786
195 0 0 -0.00101146998349577 1.66727995872498
196 0 0 -0.00134409999009222 1.65779995918274
197 0 0 -0.00167699996381998 1.64833998680115
198 0 0 -0.00201014010235667 1.63891005516052
199 0 0 -0.00234352005645633 1.62951004505157
200 6 24 -0.00267714005894959 1.62012994289398
201 0 0 -0.00301099009811878 1.61078000068665
202 0 0 -0.00334503990598023 1.60144996643066
203 0 0 -0.00367930997163057 1.59214997291565
204 0 0 -0.0040137697942555 1.5828800201416
205 0 0 -0.00434842985123396 1.57362997531891
206 0 0 -0.00468325987458229 1.56440997123718
207 0 0 -0.00501827010884881 1.55522000789642
208 0 0 -0.00535342982038856 1.54604995250702
209 0 0 -0.00568875018507242 1.53691005706787
210 0 0 -0.00602422002702951 1.52779996395111
211 0 0 -0.00635981978848577 1.51871001720428
212 0 0 -0.00669554015621543 1.50966000556946
213 0 0 -0.00703138019889593 1.50062000751495
214 0 0 -0.00736731989309192 1.49161994457245
215 0 0 -0.00770336994901299 1.4826500415802
216 0 0 -0.0080394996330142 1.47370004653931
217 0 0 -0.00837569963186979 1.46477997303009
218 0 0 -0.0087119797244668 1.45589005947113
219 0 0 -0.00904831010848284 1.44702994823456
220 0 0 -0.00938468985259533 1.43819999694824
221 0 0 -0.00972110964357853 1.42938995361328
222 0 0 -0.0100576002150774 1.42061996459961
223 0 0 -0.0103940004482865 1.41187000274658
224 0 0 -0.0107305003330112 1.40314996242523
225 0 0 -0.0110670002177358 1.39446997642517
226 0 0 -0.0114034004509449 1.38581001758575
227 0 0 -0.0117397997528315 1.37717998027802
228 0 0 -0.0120761999860406 1.36857998371124
229 0 0 -0.0124126002192497 1.36001002788544
230 0 0 -0.0127488998696208 1.35148000717163
231 0 0 -0.0130850998684764 1.34297001361847
232 0 0 -0.013421299867332 1.33448994159698
233 0 0 -0.013757299631834 1.32605004310608
234 0 0 -0.0140933003276587 1.31763005256653
235 0 0 -0.0144290998578072 1.30924999713898
236 0 0 -0.0147649003192782 1.30089998245239
237 0 0 -0.0151004996150732 1.29258000850677
238 0 0 -0.0154358996078372 1.28428995609283
239 0 0 -0.0157712008804083 1.27602994441986
240 0 0 -0.0161063000559807 1.26780998706818
241 0 0 -0.0164413005113602 1.25961005687714
242 0 0 -0.0167759992182255 1.25144994258881
243 0 0 -0.0171105992048979 1.24331998825073
244 0 0 -0.0174449998885393 1.23522996902466
245 0 0 -0.0177791006863117 1.22716999053955
246 0 0 -0.018113000318408 1.21913003921509
247 0 0 -0.0184466000646353 1.21114003658295
248 0 0 -0.0187800005078316 1.20316994190216
249 0 0 -0.0191130992025137 1.19524002075195
250 7 24 -0.0194458998739719 1.18734002113342
251 0 0 -0.0197784993797541 1.17947995662689
252 0 0 -0.0201107002794743 1.17165005207062
253 0 0 -0.0204425994306803 1.16384994983673
254 0 0 -0.0207742005586624 1.15609002113342
255 0 0 -0.0211053993552923 1.14836001396179
256 0 0 -0.0214363001286983 1.14066994190216
257 0 0 -0.0217668004333973 1.13301002979279
258 0 0 -0.0220969002693892 1.12538003921509
259 0 0 -0.022426700219512 1.11778998374939
260 0 0 -0.0227559991180897 1.11022996902466
261 0 0 -0.0230849999934435 1.10271000862122
262 0 0 -0.0234134998172522 1.09522998332977
263 0 0 -0.0237415004521608 1.0877799987793
264 0 0 -0.0240691006183624 1.08036005496979
265 0 0 -0.0243963003158569 1.07298004627228
266 0 0 -0.0247230008244514 1.06562995910645
267 0 0 -0.0250490996986628 1.05833005905151
268 0 0 -0.0253747999668121 1.05104994773865
269 0 0 -0.0256999991834164 1.04381000995636
270 0 0 -0.0260246992111206 1.03661000728607
271 0 0 -0.0263487994670868 1.02944004535675
272 0 0 -0.026672400534153 1.02231001853943
273 0 0 -0.026995399966836 1.0152200460434
274 0 0 -0.027317900210619 1.00815999507904
275 0 0 -0.0276397000998259 1.00113999843597
276 0 0 -0.0279610008001328 0.99415397644043
277 0 0 -0.0282816998660564 0.987205028533936
278 0 0 -0.0286017004400492 0.980292022228241
279 0 0 -0.0289210993796587 0.973415970802307
280 0 0 -0.0292399004101753 0.966576993465424
281 0 0 -0.0295580998063087 0.959774017333984
282 0 0 -0.0298755001276731 0.953007996082306
283 0 0 -0.0301923006772995 0.946278989315033
284 0 0 -0.0305084008723497 0.939586997032166
285 0 0 -0.0308238007128239 0.932931005954742
286 0 0 -0.0311385001987219 0.926312983036041
287 0 0 -0.0314524993300438 0.919731020927429
288 0 0 -0.0317657999694347 0.913187026977539
289 0 0 -0.0320782996714115 0.906678974628448
290 0 0 -0.0323900990188122 0.900209009647369
291 0 0 -0.0327010005712509 0.89377498626709
292 0 0 -0.0330112986266613 0.887378990650177
293 0 0 -0.0333206988871098 0.88102000951767
294 0 0 -0.033629298210144 0.874697983264923
295 0 0 -0.0339372009038925 0.868412971496582
296 0 0 -0.0342441983520985 0.862165987491608
297 0 0 -0.0345503985881805 0.855955004692078
298 0 0 -0.0348558016121387 0.84978199005127
299 0 0 -0.0351602993905544 0.843645989894867
300 8 24 -0.0354638993740082 0.837545990943909
301 0 0 -0.0357666984200478 0.831484019756317
302 0 0 -0.0360687002539635 0.825460016727448
303 0 0 -0.0363696999847889 0.819472014904022
304 0 0 -0.0366698987782001 0.813521027565002
305 0 0 -0.0369690991938114 0.807606995105743
306 0 0 -0.0372674018144608 0.80172997713089
307 0 0 -0.0375648997724056 0.795889973640442
308 0 0 -0.0378612987697124 0.790086984634399
309 0 0 -0.0381569005548954 0.784319996833801
310 0 0 -0.0384515002369881 0.778590977191925
311 0 0 -0.0387451983988285 0.772898018360138
312 0 0 -0.039037898182869 0.76724100112915
313 0 0 -0.0393295995891094 0.76162201166153
314 0 0 -0.0396203994750977 0.756038010120392
315 0 0 -0.0399102009832859 0.75049102306366
316 0 0 -0.0401988998055458 0.744979977607727
317 0 0 -0.0404867008328438 0.739506006240845
318 0 0 -0.0407734997570515 0.734067022800446
319 0 0 -0.0410593003034592 0.728664994239807
320 0 0 -0.0413440987467766 0.723298013210297
321 0 0 -0.041627898812294 0.717967987060547
322 0 0 -0.0419105999171734 0.712671995162964
323 0 0 -0.0421922989189625 0.707413017749786
324 0 0 -0.0424729995429516 0.702189028263092
325 0 0 -0.0427526012063026 0.697000026702881
326 0 0 -0.0430312007665634 0.691846013069153
327 0 0 -0.0433087982237339 0.686726987361908
328 0 0 -0.0435853004455566 0.681643009185791
329 0 0 -0.043860699981451 0.676594018936157
330 0 0 -0.0441351011395454 0.671580016613007
331 0 0 -0.0444083996117115 0.666599988937378
332 0 0 -0.0446806997060776 0.661653995513916
333 0 0 -0.0449518002569675 0.656741976737976
334 0 0 -0.0452218987047672 0.651863992214203
335 0 0 -0.0454909987747669 0.647019982337952
336 0 0 -0.0457588993012905 0.642210006713867
337 0 0 -0.0460258014500141 0.637432992458344
338 0 0 -0.0462916009128094 0.632688999176025
339 0 0 -0.0465563014149666 0.627978026866913
340 0 0 -0.0468199998140335 0.623300015926361
341 0 0 -0.0470824986696243 0.618655025959015
342 0 0 -0.0473439991474152 0.614041984081268
343 0 0 -0.0476044006645679 0.609462022781372
344 0 0 -0.0478636994957924 0.604912996292114
345 0 0 -0.0481218993663788 0.600396990776062
346 0 0 -0.0483791008591652 0.595911979675293
347 0 0 -0.0486350990831852 0.591458022594452
348 0 0 -0.0488900989294052 0.58703601360321
349 0 0 -0.0491439998149872 0.582644999027252
350 9 24 -0.0493968017399311 0.578284025192261
351 0 0 -0.0496486015617847 0.573954999446869
352 0 0 -0.0498992018401623 0.569655001163483
353 10 29 -0.0501488000154495 0.56538599729538
