1000 41 29 0.0325419008731842 -38.8077011108398
999 0 0 0.0325418002903461 -38.7076988220215
998 0 0 0.0325418002903461 -38.6077003479004
997 0 0 0.0325418002903461 -38.5077018737793
996 0 0 0.0325418002903461 -38.4076995849609
995 0 0 0.0325418002903461 -38.3077011108398
994 0 0 0.0325416997075081 -38.2076988220215
993 0 0 0.0325416997075081 -38.1077003479004
992 0 0 0.0325416997075081 -38.0077018737793
991 0 0 0.0325416997075081 -37.9076995849609
990 0 0 0.03254159912467 -37.8077011108398
989 0 0 0.03254159912467 -37.7076988220215
988 0 0 0.03254159912467 -37.6077003479004
987 0 0 0.032541498541832 -37.5077018737793
986 0 0 0.032541498541832 -37.4076995849609
985 0 0 0.032541498541832 -37.3077011108398
984 0 0 0.032541498541832 -37.2076988220215
983 0 0 0.0325414016842842 -37.1077003479004
982 0 0 0.0325414016842842 -37.0077018737793
981 0 0 0.0325414016842842 -36.9076995849609
980 0 0 0.0325414016842842 -36.8077011108398
979 0 0 0.0325413011014462 -36.7076988220215
978 0 0 0.0325413011014462 -36.6077003479004
977 0 0 0.0325413011014462 -36.5077018737793
976 0 0 0.0325412005186081 -36.4076995849609
975 0 0 0.0325412005186081 -36.3077011108398
974 0 0 0.0325412005186081 -36.2076988220215
973 0 0 0.0325412005186081 -36.1077003479004
972 0 0 0.03254109993577 -36.0077018737793
971 0 0 0.03254109993577 -35.9076995849609
970 0 0 0.03254109993577 -35.8077011108398
969 0 0 0.032540999352932 -35.7076988220215
968 0 0 0.032540999352932 -35.6077003479004
967 0 0 0.032540999352932 -35.5077018737793
966 0 0 0.032540999352932 -35.4076995849609
965 0 0 0.0325408987700939 -35.3077011108398
964 0 0 0.0325408987700939 -35.2076988220215
963 0 0 0.0325408987700939 -35.1077003479004
962 0 0 0.0325407981872559 -35.0077018737793
961 0 0 0.0325407981872559 -34.9076995849609
960 0 0 0.0325407981872559 -34.8077011108398
959 0 0 0.0325407013297081 -34.7076988220215
958 0 0 0.0325407013297081 -34.6077003479004
957 0 0 0.0325407013297081 -34.5077018737793
956 0 0 0.03254060074687 -34.4076995849609
955 0 0 0.03254060074687 -34.3077011108398
954 0 0 0.03254060074687 -34.2076988220215
953 0 0 0.032540500164032 -34.1077003479004
952 0 0 0.032540500164032 -34.0077018737793
951 0 0 0.032540500164032 -33.9076995849609
950 40 24 0.0325403995811939 -33.8077011108398
949 0 0 0.0325403995811939 -33.7076988220215
948 0 0 0.0325402989983559 -33.6077003479004
947 0 0 0.0325402989983559 -33.5077018737793
946 0 0 0.0325402989983559 -33.4076995849609
945 0 0 0.0325401984155178 -33.3077011108398
944 0 0 0.0325401984155178 -33.2076988220215
943 0 0 0.0325401984155178 -33.1077003479004
942 0 0 0.03254010155797 -33.0077018737793
941 0 0 0.03254010155797 -32.9076995849609
940 0 0 0.032540000975132 -32.8077011108398
939 0 0 0.032540000975132 -32.7076988220215
938 0 0 0.032540000975132 -32.6077003479004
937 0 0 0.0325399003922939 -32.5077018737793
936 0 0 0.0325399003922939 -32.4076995849609
935 0 0 0.0325397998094559 -32.3077011108398
934 0 0 0.0325397998094559 -32.2076988220215
933 0 0 0.0325397998094559 -32.1077003479004
932 0 0 0.0325396992266178 -32.0077018737793
931 0 0 0.0325396992266178 -31.9076995849609
930 0 0 0.0325395986437798 -31.8076992034912
929 0 0 0.0325395986437798 -31.7077007293701
928 0 0 0.032539501786232 -31.6077003479004
927 0 0 0.032539501786232 -31.5076999664307
926 0 0 0.0325394012033939 -31.4076995849609
925 0 0 0.0325394012033939 -31.3076992034912
924 0 0 0.0325394012033939 -31.2077007293701
923 0 0 0.0325393006205559 -31.1077003479004
922 0 0 0.0325393006205559 -31.0076999664307
921 0 0 0.0325392000377178 -30.9076995849609
920 0 0 0.0325392000377178 -30.8076992034912
919 0 0 0.0325390994548798 -30.7077007293701
918 0 0 0.0325390994548798 -30.6077003479004
917 0 0 0.0325389988720417 -30.5076999664307
916 0 0 0.0325389988720417 -30.4076995849609
915 0 0 0.0325388982892036 -30.3076992034912
914 0 0 0.0325388982892036 -30.2077007293701
913 0 0 0.0325388014316559 -30.1077003479004
912 0 0 0.0325388014316559 -30.0076999664307
911 0 0 0.0325387008488178 -29.9076995849609
910 0 0 0.0325387008488178 -29.8076992034912
909 0 0 0.0325386002659798 -29.7077007293701
908 0 0 0.0325386002659798 -29.6077003479004
907 0 0 0.0325384996831417 -29.5076999664307
906 0 0 0.0325383991003036 -29.4076995849609
905 0 0 0.0325383991003036 -29.3076992034912
904 0 0 0.0325382985174656 -29.2077007293701
903 0 0 0.0325382985174656 -29.1077003479004
902 0 0 0.0325382016599178 -29.0076999664307
901 0 0 0.0325382016599178 -28.9076995849609
900 39 24 0.0325381010770798 -28.8076992034912
899 0 0 0.0325380004942417 -28.7077007293701
898 0 0 0.0325380004942417 -28.6077003479004
897 0 0 0.0325378999114037 -28.5076999664307
896 0 0 0.0325378999114037 -28.4076995849609
895 0 0 0.0325377993285656 -28.3076992034912
894 0 0 0.0325376987457275 -28.2077007293701
893 0 0 0.0325376987457275 -28.1077003479004
892 0 0 0.0325375981628895 -28.0076999664307
891 0 0 0.0325375013053417 -27.9076995849609
890 0 0 0.0325375013053417 -27.8076992034912
889 0 0 0.0325374007225037 -27.7077007293701
888 0 0 0.0325373001396656 -27.6077003479004
887 0 0 0.0325373001396656 -27.5076999664307
886 0 0 0.0325371995568275 -27.4076995849609
885 0 0 0.0325370989739895 -27.3076992034912
884 0 0 0.0325370989739895 -27.2077007293701
883 0 0 0.0325369983911514 -27.1077003479004
882 0 0 0.0325369015336037 -27.0076999664307
881 0 0 0.0325368009507656 -26.9076995849609
880 0 0 0.0325368009507656 -26.8076992034912
879 0 0 0.0325367003679276 -26.7077007293701
878 0 0 0.0325365997850895 -26.6077003479004
877 0 0 0.0325364992022514 -26.5076999664307
876 0 0 0.0325364992022514 -26.4076995849609
875 0 0 0.0325363986194134 -26.3076992034912
874 0 0 0.0325363017618656 -26.2077007293701
873 0 0 0.0325362011790276 -26.1077003479004
872 0 0 0.0325361005961895 -26.0076999664307
871 0 0 0.0325361005961895 -25.9076995849609
870 0 0 0.0325360000133514 -25.8076992034912
869 0 0 0.0325358994305134 -25.7077007293701
868 0 0 0.0325357988476753 -25.6077003479004
867 0 0 0.0325356982648373 -25.5076999664307
866 0 0 0.0325356014072895 -25.4076995849609
865 0 0 0.0325355008244514 -25.3076992034912
864 0 0 0.0325354002416134 -25.2077007293701
863 0 0 0.0325354002416134 -25.1077003479004
862 0 0 0.0325352996587753 -25.0076999664307
861 0 0 0.0325351990759373 -24.9076995849609
860 0 0 0.0325350984930992 -24.8076992034912
859 0 0 0.0325350016355515 -24.7077007293701
858 0 0 0.0325349010527134 -24.6077003479004
857 0 0 0.0325348004698753 -24.5076999664307
856 0 0 0.0325346998870373 -24.4076995849609
855 0 0 0.0325345993041992 -24.3076992034912
854 0 0 0.0325344987213612 -24.2077007293701
853 0 0 0.0325343981385231 -24.1077003479004
852 0 0 0.0325343012809753 -24.0076999664307
851 0 0 0.0325342006981373 -23.9076995849609
850 38 24 0.0325339995324612 -23.8076992034912
849 0 0 0.0325338989496231 -23.7077007293701
848 0 0 0.032533798366785 -23.6077003479004
847 0 0 0.0325337015092373 -23.5076999664307
846 0 0 0.0325336009263992 -23.4076995849609
845 0 0 0.0325335003435612 -23.3076992034912
844 0 0 0.0325333997607231 -23.2077007293701
843 0 0 0.032533198595047 -23.1077003479004
842 0 0 0.0325331017374992 -23.0076999664307
841 0 0 0.0325330011546612 -22.9076995849609
840 0 0 0.0325329005718231 -22.8076992034912
839 0 0 0.0325327999889851 -22.7077007293701
838 0 0 0.0325325988233089 -22.6077003479004
837 0 0 0.0325324982404709 -22.5076999664307
836 0 0 0.0325324013829231 -22.4076995849609
835 0 0 0.032532200217247 -22.3076992034912
834 0 0 0.032532099634409 -22.2077007293701
833 0 0 0.0325319990515709 -22.1077003479004
832 0 0 0.0325318016111851 -22.0076999664307
831 0 0 0.032531701028347 -21.9076995849609
830 0 0 0.0325314998626709 -21.8076992034912
829 0 0 0.0325313992798328 -21.7077007293701
828 0 0 0.032531201839447 -21.6077003479004
827 0 0 0.032531101256609 -21.5076999664307
826 0 0 0.0325309000909328 -21.4076995849609
825 0 0 0.0325307995080948 -21.3078002929688
824 0 0 0.0325305983424187 -21.207799911499
823 0 0 0.0325305014848709 -21.1077995300293
822 0 0 0.0325303003191948 -21.0077991485596
821 0 0 0.0325300991535187 -20.9078006744385
820 0 0 0.0325299985706806 -20.8078002929688
819 0 0 0.0325298011302948 -20.707799911499
818 0 0 0.0325295999646187 -20.6077995300293
817 0 0 0.0325293987989426 -20.5077991485596
816 0 0 0.0325292982161045 -20.4078006744385
815 0 0 0.0325291007757187 -20.3078002929688
814 0 0 0.0325288996100426 -20.207799911499
813 0 0 0.0325286984443665 -20.1077995300293
812 0 0 0.0325285010039806 -20.0077991485596
811 0 0 0.0325282998383045 -19.9078006744385
810 0 0 0.0325280986726284 -19.8078002929688
809 0 0 0.0325279012322426 -19.707799911499
808 0 0 0.0325277000665665 -19.6077995300293
807 0 0 0.0325274989008904 -19.5077991485596
806 0 0 0.0325273014605045 -19.4078006744385
805 0 0 0.0325271002948284 -19.3078002929688
804 0 0 0.0325268991291523 -19.207799911499
803 0 0 0.0325266011059284 -19.1077995300293
802 0 0 0.0325263999402523 -19.0077991485596
801 0 0 0.0325261987745762 -18.9078006744385
800 37 24 0.0325259007513523 -18.8078002929688
799 0 0 0.0325256995856762 -18.707799911499
798 0 0 0.0325254984200001 -18.6077995300293
797 0 0 0.0325252003967762 -18.5077991485596
796 0 0 0.0325249992311001 -18.4078006744385
795 0 0 0.0325247012078762 -18.3078002929688
794 0 0 0.032524399459362 -18.207799911499
793 0 0 0.0325241982936859 -18.1077995300293
792 0 0 0.032523900270462 -18.0077991485596
791 0 0 0.0325235985219479 -17.9078006744385
790 0 0 0.032523300498724 -17.8078002929688
789 0 0 0.0325230993330479 -17.707799911499
788 0 0 0.032522801309824 -17.6077995300293
787 0 0 0.0325224995613098 -17.5077991485596
786 0 0 0.0325222015380859 -17.4078006744385
785 0 0 0.0325218997895718 -17.3078002929688
784 0 0 0.0325215011835098 -17.207799911499
783 0 0 0.0325211994349957 -17.1077995300293
782 0 0 0.0325209014117718 -17.0077991485596
781 0 0 0.0325204990804195 -16.9078006744385
780 0 0 0.0325202010571957 -16.8078002929688
779 0 0 0.0325198993086815 -16.707799911499
778 0 0 0.0325195007026196 -16.6077995300293
777 0 0 0.0325190983712673 -16.5077991485596
776 0 0 0.0325188003480434 -16.4078006744385
775 0 0 0.0325184017419815 -16.3078002929688
774 0 0 0.0325179994106293 -16.207799911499
773 0 0 0.0325176008045673 -16.1077995300293
772 0 0 0.0325171984732151 -16.0077991485596
771 0 0 0.0325167998671532 -15.9077997207642
770 0 0 0.0325164012610912 -15.8078002929688
769 0 0 0.0325158983469009 -15.707799911499
768 0 0 0.032515499740839 -15.6077995300293
767 0 0 0.032515000551939 -15.5078001022339
766 0 0 0.0325145982205868 -15.4077997207642
765 0 0 0.0325140990316868 -15.3078002929688
764 0 0 0.0325135998427868 -15.207799911499
763 0 0 0.0325131006538868 -15.1077995300293
762 0 0 0.0325126014649868 -15.0078001022339
761 0 0 0.0325120985507965 -14.9077997207642
760 0 0 0.0325115993618965 -14.8078002929688
759 0 0 0.0325109995901585 -14.707799911499
758 0 0 0.0325105004012585 -14.6077995300293
757 0 0 0.0325099006295204 -14.5078001022339
756 0 0 0.0325093008577824 -14.4077997207642
755 0 0 0.0325087010860443 -14.3078002929688
754 0 0 0.0325081013143063 -14.207799911499
753 0 0 0.0325075015425682 -14.1077995300293
752 0 0 0.0325069017708302 -14.0078001022339
751 0 0 0.032506201416254 -13.9077997207642
750 36 24 0.0325055010616779 -13.8078002929688
749 0 0 0.0325048007071018 -13.707799911499
748 0 0 0.0325041003525257 -13.6077995300293
747 0 0 0.0325033999979496 -13.5078001022339
746 0 0 0.0325025990605354 -13.4077997207642
745 0 0 0.0325018987059593 -13.3078002929688
744 0 0 0.0325011014938354 -13.207799911499
743 0 0 0.0325003005564213 -13.1077995300293
742 0 0 0.0324993990361691 -13.0078001022339
741 0 0 0.0324986018240452 -12.9077997207642
740 0 0 0.032497700303793 -12.8078002929688
739 0 0 0.0324967987835407 -12.707799911499
738 0 0 0.0324958004057407 -12.6077995300293
737 0 0 0.0324948988854885 -12.5078001022339
736 0 0 0.0324939005076885 -12.4077997207642
735 0 0 0.0324928984045982 -12.3078002929688
734 0 0 0.0324917994439602 -12.207799911499
733 0 0 0.0324908010661602 -12.1077995300293
732 0 0 0.0324896015226841 -12.0078001022339
731 0 0 0.0324884988367558 -11.9077997207642
730 0 0 0.0324872992932796 -11.8078002929688
729 0 0 0.0324860997498035 -11.707799911499
728 0 0 0.0324847996234894 -11.6077995300293
727 0 0 0.0324834994971752 -11.5078001022339
726 0 0 0.0324821993708611 -11.4077997207642
725 0 0 0.0324807986617088 -11.3078002929688
724 0 0 0.0324794016778469 -11.207799911499
723 0 0 0.0324779003858566 -11.1078996658325
722 0 0 0.0324763990938663 -11.0079002380371
721 0 0 0.0324748009443283 -10.9078998565674
720 0 0 0.0324731990695 -10.807900428772
719 0 0 0.0324715003371239 -10.7079000473022
718 0 0 0.0324697010219097 -10.6078996658325
717 0 0 0.0324679017066956 -10.5079002380371
716 0 0 0.0324660018086433 -10.4078998565674
715 0 0 0.0324640981853008 -10.307900428772
714 0 0 0.0324620008468628 -10.2079000473022
713 0 0 0.0324600003659725 -10.1078996658325
712 0 0 0.0324577987194061 -10.0079002380371
711 0 0 0.032455500215292 -9.90793037414551
710 0 0 0.0324532017111778 -9.80793952941895
709 0 0 0.0324506983160973 -9.7079496383667
708 0 0 0.032448198646307 -9.60795974731445
707 0 0 0.0324455983936787 -9.50798034667969
706 0 0 0.0324428007006645 -9.40799045562744
705 0 0 0.032439898699522 -9.30799961090088
704 0 0 0.0324370004236698 -9.20802021026611
703 0 0 0.0324339009821415 -9.10803031921387
702 0 0 0.0324306003749371 -9.00804996490479
701 0 0 0.0324271991848946 -8.90806007385254
700 35 24 0.0324237011373043 -8.80807971954346
699 0 0 0.0324199981987476 -8.70810031890869
698 0 0 0.0324161984026432 -8.60811996459961
697 0 0 0.0324121005833149 -8.50813961029053
696 0 0 0.0324078984558582 -8.40816020965576
695 0 0 0.0324034988880157 -8.30819034576416
694 0 0 0.0323988012969494 -8.20821952819824
693 0 0 0.0323939993977547 -8.10824012756348
692 0 0 0.0323888994753361 -8.00827980041504
691 0 0 0.0323835015296936 -7.90830993652344
690 0 0 0.0323778986930847 -7.80834007263184
689 0 0 0.0323720015585423 -7.70838022232056
688 0 0 0.0323657989501953 -7.60841989517212
687 0 0 0.0323592014610767 -7.50847005844116
686 0 0 0.0323522984981537 -7.40851020812988
685 0 0 0.0323451012372971 -7.30856990814209
684 0 0 0.0323374010622501 -7.20862007141113
683 0 0 0.032329298555851 -7.10867977142334
682 0 0 0.0323207005858421 -7.00874996185303
681 0 0 0.0323128998279572 -6.92230987548828
680 0 0 0.0323047004640102 -6.83586978912354
679 0 0 0.0322960987687111 -6.74945020675659
678 0 0 0.0322870016098022 -6.66302013397217
677 0 0 0.0322774015367031 -6.57661008834839
676 0 0 0.0322673991322517 -6.49019002914429
675 0 0 0.0322567000985146 -6.40378999710083
674 0 0 0.0322455987334251 -6.31738996505737
673 0 0 0.0322338007390499 -6.23099994659424
672 0 0 0.0322212986648083 -6.14461994171143
671 0 0 0.0322080999612808 -6.05823993682861
670 0 0 0.0321941003203392 -5.97187995910645
669 0 0 0.032184399664402 -5.91430997848511
668 0 0 0.0321743004024029 -5.85673999786377
667 0 0 0.0321636982262135 -5.79918003082275
666 0 0 0.0321528017520905 -5.74163007736206
665 0 0 0.0321413986384869 -5.68408012390137
664 0 0 0.0321296006441116 -5.626540184021
663 0 0 0.0321171991527081 -5.56900978088379
662 0 0 0.0321043990552425 -5.51147985458374
661 0 0 0.032090999186039 -5.45395994186401
660 0 0 0.0320771001279354 -5.39645004272461
659 0 0 0.0320625007152557 -5.33894014358521
658 0 0 0.0320473983883858 -5.28144979476929
657 0 0 0.03203159943223 -5.22395992279053
656 0 0 0.0320151001214981 -5.16649007797241
655 0 0 0.0319979004561901 -5.10902976989746
654 0 0 0.0319798998534679 -5.05157995223999
653 0 0 0.0319611988961697 -4.99414014816284
652 0 0 0.0319482013583183 -4.95585012435913
651 0 0 0.0319348014891148 -4.91757011413574
650 34 24 0.031920999288559 -4.87930011749268
649 0 0 0.0319068990647793 -4.84103012084961
648 0 0 0.0318921990692616 -4.80277013778687
647 0 0 0.0318772010505199 -4.76452016830444
646 0 0 0.03186159953475 -4.72628021240234
645 0 0 0.0318455994129181 -4.68803977966309
644 0 0 0.0318291001021862 -4.64980983734131
643 0 0 0.0318121016025543 -4.61158990859985
642 0 0 0.0317944996058941 -4.57337999343872
641 0 0 0.0317763984203339 -4.53518009185791
640 0 0 0.0317577011883259 -4.4969801902771
639 0 0 0.0317384004592896 -4.45879983901978
638 0 0 0.0317184999585152 -4.42062997817993
637 0 0 0.0316978991031647 -4.38247013092041
636 0 0 0.0316766984760761 -4.34431982040405
635 0 0 0.0316548012197018 -4.30618000030518
634 0 0 0.031632199883461 -4.26806020736694
633 0 0 0.0316088013350964 -4.22994995117188
632 0 0 0.0315846018493176 -4.19185018539429
631 0 0 0.0315596982836723 -4.15376996994019
630 0 0 0.0315339006483555 -4.11569976806641
629 0 0 0.0315162017941475 -4.09033012390137
628 0 0 0.0314981006085873 -4.06496000289917
627 0 0 0.0314796008169651 -4.03960990905762
626 0 0 0.0314607992768288 -4.01425981521606
625 0 0 0.0314414016902447 -3.98891997337341
624 0 0 0.0314216986298561 -3.96357989311218
623 0 0 0.0314015001058578 -3.93826007843018
622 0 0 0.0313807986676693 -3.91294002532959
621 0 0 0.0313596986234188 -3.88762998580933
620 0 0 0.0313380993902683 -3.86233997344971
619 0 0 0.0313160009682178 -3.83704996109009
618 0 0 0.0312933996319771 -3.81175994873047
617 0 0 0.0312702991068363 -3.78648996353149
616 0 0 0.0312466006726027 -3.76122999191284
615 0 0 0.0312223993241787 -3.73598003387451
614 0 0 0.0311976000666618 -3.7107400894165
613 0 0 0.0311722997575998 -3.68550992012024
612 0 0 0.0311462990939617 -3.66029000282288
611 0 0 0.0311197992414236 -3.63508009910583
610 0 0 0.0310926008969545 -3.60988998413086
609 0 0 0.0310648009181023 -3.58470010757446
608 0 0 0.0310363005846739 -3.55953001976013
607 0 0 0.0310072004795074 -3.53436994552612
606 0 0 0.0309774000197649 -3.50922989845276
605 0 0 0.0309468992054462 -3.48409008979797
604 0 0 0.0309155993163586 -3.45898008346558
603 0 0 0.0308835990726948 -3.43387007713318
602 0 0 0.0308509003371 -3.40878009796143
601 0 0 0.0308173000812531 -3.38369989395142
600 33 24 0.03078299947083 -3.35863995552063
599 0 0 0.0307477992027998 -3.33360004425049
598 0 0 0.0307117998600006 -3.30856990814209
597 0 0 0.0306749995797873 -3.28356003761292
596 0 0 0.0306372009217739 -3.25855994224548
595 0 0 0.0305985994637012 -3.23358988761902
594 0 0 0.0305589996278286 -3.20863008499146
593 0 0 0.0305183995515108 -3.18368005752563
592 0 0 0.0304908994585276 -3.16706991195679
591 0 0 0.0304629001766443 -3.15046000480652
590 0 0 0.0304343998432159 -3.13386011123657
589 0 0 0.0304055009037256 -3.11726999282837
588 0 0 0.0303761009126902 -3.10068011283875
587 0 0 0.0303461998701096 -3.08411002159119
586 0 0 0.030315900221467 -3.06754994392395
585 0 0 0.0302850008010864 -3.05099010467529
584 0 0 0.0302537009119987 -3.0344500541687
583 0 0 0.0302218999713659 -3.01791000366211
582 0 0 0.0301894992589951 -3.00137996673584
581 0 0 0.0301565993577242 -2.98486995697021
580 0 0 0.0301232002675533 -2.96835994720459
579 0 0 0.0300893001258373 -2.95186996459961
578 0 0 0.0300548002123833 -2.93537998199463
577 0 0 0.0300197005271912 -2.91891002655029
576 0 0 0.0299840997904539 -2.90244007110596
575 0 0 0.0299478992819786 -2.88598990440369
574 0 0 0.0299111008644104 -2.86954998970032
573 0 0 0.029873700812459 -2.85312008857727
572 0 0 0.0298356991261244 -2.83669996261597
571 0 0 0.0297970995306969 -2.82029008865356
570 0 0 0.0297579001635313 -2.80390000343323
569 0 0 0.0297180004417896 -2.78750991821289
568 0 0 0.0296774990856647 -2.77114009857178
567 0 0 0.0296362992376089 -2.75478005409241
566 0 0 0.029594499617815 -2.73843002319336
565 0 0 0.0295519009232521 -2.72210001945496
564 0 0 0.029508700594306 -2.70578002929688
563 0 0 0.0294647999107838 -2.68947005271912
562 0 0 0.0294202007353306 -2.673180103302
561 0 0 0.0293748006224632 -2.65689992904663
560 0 0 0.0293287001550198 -2.64063000679016
559 0 0 0.0292818993330002 -2.62437009811401
558 0 0 0.0292342994362116 -2.60812997817993
557 0 0 0.029185900464654 -2.59190988540649
556 0 0 0.0291367992758751 -2.57570004463196
555 0 0 0.0290868002921343 -2.55949997901917
554 0 0 0.0290360990911722 -2.54331994056702
553 0 0 0.0289845000952482 -2.52714991569519
552 0 0 0.0289321001619101 -2.51099991798401
551 0 0 0.0288788005709648 -2.49485993385315
550 32 24 0.0288247000426054 -2.47873997688293
549 0 0 0.0287696998566389 -2.46264004707336
548 0 0 0.0287138000130653 -2.44654989242554
547 0 0 0.0286570005118847 -2.43046998977661
546 0 0 0.0285992994904518 -2.41441988945007
545 0 0 0.0285406000912189 -2.39838004112244
544 0 0 0.0284810997545719 -2.38234996795654
543 0 0 0.0284205004572868 -2.36634993553162
542 0 0 0.0283589996397495 -2.35035991668701
541 0 0 0.0282965004444122 -2.33437991142273
540 0 0 0.0282329991459846 -2.31842994689941
539 0 0 0.0281684994697571 -2.30248999595642
538 0 0 0.0281029008328915 -2.28657007217407
537 0 0 0.0280363000929356 -2.27066993713379
536 0 0 0.0279686003923416 -2.25479006767273
535 0 0 0.0278997998684645 -2.23891997337341
534 0 0 0.0278299991041422 -2.22307991981506
533 0 0 0.027759000658989 -2.20725011825562
532 0 0 0.0276868995279074 -2.19144010543823
531 0 0 0.0276136007159948 -2.17564988136292
530 0 0 0.027539199218154 -2.15987992286682
529 0 0 0.0274636000394821 -2.14412999153137
528 0 0 0.027386799454689 -2.12840008735657
527 0 0 0.0273087993264198 -2.11268997192383
526 0 0 0.0272294990718365 -2.09699988365173
525 0 0 0.027148999273777 -2.08133006095886
524 0 0 0.0270671993494034 -2.06568002700806
523 0 0 0.0269841998815536 -2.0500500202179
522 0 0 0.0268997997045517 -2.03444004058838
521 0 0 0.0268140994012356 -2.01886010169983
520 0 0 0.0267271008342505 -2.00328993797302
519 0 0 0.0266386996954679 -1.98775005340576
518 0 0 0.0265488997101784 -1.97222995758057
517 0 0 0.0264577008783817 -1.95673000812531
516 0 0 0.0263650994747877 -1.9412499666214
515 0 0 0.0262710005044937 -1.92578995227814
514 0 0 0.0261755008250475 -1.91035997867584
513 0 0 0.026078499853611 -1.89495003223419
512 0 0 0.0259799994528294 -1.8795599937439
511 0 0 0.0258799996227026 -1.86419999599457
510 0 0 0.0257783997803926 -1.84886002540588
509 0 0 0.0256753005087376 -1.83353996276855
508 0 0 0.0255705993622541 -1.81824994087219
507 0 0 0.0254643000662327 -1.80297994613647
506 0 0 0.025356400758028 -1.78773999214172
505 0 0 0.0252468008548021 -1.77251994609833
504 0 0 0.025135500356555 -1.75732004642487
503 0 0 0.0250225998461246 -1.74214994907379
502 0 0 0.0249080006033182 -1.72701001167297
501 0 0 0.0247916001826525 -1.71188998222351
500 31 24 0.0246734991669655 -1.69679999351501
499 0 0 0.0245536006987095 -1.68173003196716
498 0 0 0.024431899189949 -1.66668999195099
497 0 0 0.0243084002286196 -1.65167999267578
496 0 0 0.0241831000894308 -1.63669002056122
495 0 0 0.0240559000521898 -1.62172996997833
494 0 0 0.0239268001168966 -1.60679996013641
493 0 0 0.0237958002835512 -1.59189999103546
492 0 0 0.0236629005521536 -1.57702004909515
491 0 0 0.0235281009227037 -1.56218004226685
490 0 0 0.0233913008123636 -1.54735994338989
489 0 0 0.0232525002211332 -1.53258001804352
488 0 0 0.0231117997318506 -1.5178200006485
487 0 0 0.0229690000414848 -1.50310003757477
486 0 0 0.0228240992873907 -1.48840999603271
485 0 0 0.0226773004978895 -1.47374999523163
484 0 0 0.0225283000618219 -1.45912003517151
483 0 0 0.0223772991448641 -1.44451999664307
482 0 0 0.0222241003066301 -1.42997002601624
481 0 0 0.0220688004046679 -1.41543996334076
480 0 0 0.0219113994389772 -1.40094995498657
479 0 0 0.0217518992722034 -1.38650000095367
478 0 0 0.0215901993215084 -1.37208998203278
477 0 0 0.0214264001697302 -1.35772001743317
476 0 0 0.0212603993713856 -1.34338998794556
475 0 0 0.0210922006517649 -1.32910001277924
474 0 0 0.0209219008684158 -1.31485998630524
473 0 0 0.0207493994385004 -1.30066001415253
472 0 0 0.0205748006701469 -1.28650999069214
471 0 0 0.0203980002552271 -1.27241003513336
470 0 0 0.020219199359417 -1.25837004184723
469 0 0 0.0200382992625237 -1.24437999725342
468 0 0 0.0198552999645472 -1.23046004772186
467 0 0 0.0196704007685184 -1.21659994125366
466 0 0 0.0194835998117924 -1.20281004905701
465 0 0 0.0192949008196592 -1.18910002708435
464 0 0 0.0191045999526978 -1.17548000812531
463 0 0 0.0189126990735531 -1.16194999217987
462 0 0 0.0187193993479013 -1.14851999282837
461 0 0 0.0185249000787735 -1.13521003723145
460 0 0 0.0183295998722315 -1.12204003334045
459 0 0 0.0181338004767895 -1.10901999473572
458 0 0 0.0179379992187023 -1.0961799621582
457 0 0 0.0177427008748055 -1.0835599899292
456 0 0 0.0175489000976086 -1.07120001316071
455 0 0 0.017357399687171 -1.05915999412537
454 0 0 0.0171696990728378 -1.04749000072479
453 0 0 0.0169874001294374 -1.03629994392395
452 0 0 0.0168124996125698 -1.02567994594574
451 0 0 0.0166472997516394 -1.01575994491577
450 30 24 0.0164941996335983 -1.00663995742798
449 0 0 0.016355300322175 -0.998439013957977
448 0 0 0.0162320993840694 -0.991208970546722
447 0 0 0.0161250997334719 -0.98496001958847
446 0 0 0.0160336997359991 -0.979637980461121
445 0 0 0.0159565005451441 -0.975149989128113
444 0 0 0.0158916004002094 -0.971378982067108
443 0 0 0.01583700068295 -0.968201994895935
442 0 0 0.0157907009124756 -0.965505003929138
441 0 0 0.0157510004937649 -0.963187992572784
440 0 0 0.0157165005803108 -0.961165010929108
439 0 0 0.0156859997659922 -0.959366023540497
438 0 0 0.0156583990901709 -0.957732021808624
437 0 0 0.0156328994780779 -0.956215977668762
436 0 0 0.0156089998781681 -0.954779028892517
435 0 0 0.0155859002843499 -0.953392028808594
434 0 0 0.0155635001137853 -0.952027976512909
433 0 0 0.0155413001775742 -0.950667977333069
432 0 0 0.015518999658525 -0.949295997619629
431 0 0 0.0154964998364449 -0.947897970676422
430 0 0 0.0154737001284957 -0.946465015411377
429 0 0 0.0154502997174859 -0.944988012313843
428 0 0 0.0154262995347381 -0.943459987640381
427 0 0 0.0154016995802522 -0.941875994205475
426 0 0 0.0153764002025127 -0.940232992172241
425 0 0 0.0153503995388746 -0.93852698802948
424 0 0 0.0153237003833055 -0.936757028102875
423 0 0 0.0152962002903223 -0.934920012950897
422 0 0 0.0152679998427629 -0.933017015457153
421 0 0 0.0152390999719501 -0.931046009063721
420 0 0 0.0152094997465611 -0.929008007049561
419 0 0 0.015179299749434 -0.926903009414673
418 0 0 0.0151484003290534 -0.924731016159058
417 0 0 0.0151169002056122 -0.922493994235992
416 0 0 0.0150848999619484 -0.920190989971161
415 0 0 0.0150522999465466 -0.917825996875763
414 0 0 0.0150191998109221 -0.915396988391876
413 0 0 0.0149857001379132 -0.912907004356384
412 0 0 0.0149517003446817 -0.910358011722565
411 0 0 0.0149173000827432 -0.907750010490417
410 0 0 0.0148825999349356 -0.905084013938904
409 0 0 0.0148475999012589 -0.902364015579224
408 0 0 0.0148122003301978 -0.899589002132416
407 0 0 0.0147765995934606 -0.896762013435364
406 0 0 0.0147406999021769 -0.893884003162384
405 0 0 0.0147046996280551 -0.890955984592438
404 0 0 0.0146685000509024 -0.887979984283447
403 0 0 0.0146321002393961 -0.884958028793335
402 0 0 0.0145955998450518 -0.881889998912811
401 0 0 0.01455910038203 -0.878778994083405
400 29 24 0.0145223997533321 -0.875626027584076
399 0 0 0.0144857997074723 -0.872430980205536
398 0 0 0.014449100010097 -0.869197010993958
397 0 0 0.0144124003127217 -0.865925014019012
396 0 0 0.0143756996840239 -0.862616002559662
395 0 0 0.0143389999866486 -0.859269976615906
394 0 0 0.0143024995923042 -0.855890989303589
393 0 0 0.0142660001292825 -0.85247802734375
392 0 0 0.0142294997349381 -0.849032998085022
391 0 0 0.0141931995749474 -0.845556020736694
390 0 0 0.0141570996493101 -0.842050015926361
389 0 0 0.0141209997236729 -0.838514983654022
388 0 0 0.0140851000323892 -0.834951996803284
387 0 0 0.0140493996441364 -0.831362009048462
386 0 0 0.0140137998387218 -0.827745974063873
385 0 0 0.0139784002676606 -0.824105024337769
384 0 0 0.0139431999996305 -0.820438981056213
383 0 0 0.0139081999659538 -0.816751003265381
382 0 0 0.0138734001666307 -0.813040018081665
381 0 0 0.0138387996703386 -0.809306979179382
380 0 0 0.0138044999912381 -0.8055539727211
379 0 0 0.0137703996151686 -0.801779985427856
378 0 0 0.0137365004047751 -0.79798698425293
377 0 0 0.0137029001489282 -0.794175028800964
376 0 0 0.0136695001274347 -0.790345013141632
375 0 0 0.0136363003402948 -0.786498010158539
374 0 0 0.0136035000905395 -0.782634973526001
373 0 0 0.0135708004236221 -0.778755009174347
372 0 0 0.0135385002940893 -0.774860024452209
371 0 0 0.01350640039891 -0.770949006080627
370 0 0 0.0134746003895998 -0.767023980617523
369 0 0 0.0134429996833205 -0.763086020946503
368 0 0 0.0134118003770709 -0.759133994579315
367 0 0 0.0133808003738523 -0.755168974399567
366 0 0 0.0133501002565026 -0.751191020011902
365 0 0 0.0133196003735065 -0.747201979160309
364 0 0 0.013289500027895 -0.743201017379761
363 0 0 0.0132595999166369 -0.739189028739929
362 0 0 0.0132299996912479 -0.735166013240814
361 0 0 0.0132007002830505 -0.731131970882416
360 0 0 0.0131716998293996 -0.727088987827301
359 0 0 0.0131430001929402 -0.723035991191864
358 0 0 0.0131144998595119 -0.718972980976105
357 0 0 0.0130863003432751 -0.714901983737946
356 0 0 0.0130583997815847 -0.710820972919464
355 0 0 0.013030800037086 -0.706731975078583
354 0 0 0.0130035001784563 -0.702634990215302
353 0 0 0.0129765002056956 -0.69853001832962
352 0 0 0.0129496995359659 -0.694416999816895
351 0 0 0.0129231996834278 -0.69029700756073
350 28 24 0.0128969997167587 -0.686169028282166
349 0 0 0.0128710996359587 -0.682035028934479
348 0 0 0.0128453997895122 -0.677892982959747
347 0 0 0.0128199998289347 -0.673744976520538
346 0 0 0.0127948997542262 -0.669589996337891
345 0 0 0.0127699999138713 -0.665428996086121
344 0 0 0.0127453999593854 -0.661261975765228
343 0 0 0.0127210998907685 -0.657088994979858
342 0 0 0.0126970997080207 -0.652909994125366
341 0 0 0.0126732997596264 -0.648724973201752
340 0 0 0.0126497996971011 -0.644535005092621
339 0 0 0.0126264998689294 -0.640339016914368
338 0 0 0.0126034999266267 -0.636138021945953
337 0 0 0.0125807002186775 -0.631931006908417
336 0 0 0.0125582003965974 -0.627718985080719
335 0 0 0.0125360004603863 -0.623503029346466
334 0 0 0.0125139998272061 -0.619280993938446
333 0 0 0.0124922003597021 -0.61505401134491
332 0 0 0.0124706998467445 -0.610822021961212
331 0 0 0.0124495001509786 -0.606585025787354
330 0 0 0.0124284997582436 -0.60234397649765
329 0 0 0.0124076995998621 -0.598097026348114
328 0 0 0.0123939998447895 -0.59526401758194
327 0 0 0.0123803000897169 -0.592428982257843
326 0 0 0.0123667996376753 -0.589591026306152
325 0 0 0.0123533997684717 -0.586750984191895
324 0 0 0.0123400995507836 -0.58390998840332
323 0 0 0.0123268999159336 -0.581066012382507
322 0 0 0.0123137999325991 -0.578221023082733
321 0 0 0.01230079960078 -0.575372993946075
320 0 0 0.012287899851799 -0.57252299785614
319 0 0 0.0122752003371716 -0.569671988487244
318 0 0 0.0122624998912215 -0.566817998886108
317 0 0 0.0122499000281096 -0.563961982727051
316 0 0 0.0122373998165131 -0.561105012893677
315 0 0 0.0122250001877546 -0.558245003223419
314 0 0 0.0122127002105117 -0.5553839802742
313 0 0 0.0122004998847842 -0.552520990371704
312 0 0 0.0121884001418948 -0.549655020236969
311 0 0 0.0121764000505209 -0.546787977218628
310 0 0 0.012164399959147 -0.543919026851654
309 0 0 0.0121526001021266 -0.541047990322113
308 0 0 0.0121408998966217 -0.538174986839294
307 0 0 0.0121293002739549 -0.535300016403198
306 0 0 0.0121176997199655 -0.532423973083496
305 0 0 0.0121063003316522 -0.5295450091362
304 0 0 0.0120949000120163 -0.526664972305298
303 0 0 0.012083699926734 -0.523782014846802
302 0 0 0.0120724998414516 -0.5208979845047
301 0 0 0.0120614003390074 -0.51801198720932
300 27 24 0.0120505001395941 -0.515124022960663
299 0 0 0.0120395999401808 -0.5122349858284
298 0 0 0.0120286997407675 -0.509343981742859
297 0 0 0.0120179997757077 -0.506451010704041
296 0 0 0.012007400393486 -0.5035560131073
295 0 0 0.0119968997314572 -0.500658988952637
294 0 0 0.011986400000751 -0.497761011123657
293 0 0 0.0119760995730758 -0.494861006736755
292 0 0 0.0119658000767231 -0.491959989070892
291 0 0 0.0119556002318859 -0.489055991172791
290 0 0 0.0119455000385642 -0.486151993274689
289 0 0 0.0119355004280806 -0.483244985342026
288 0 0 0.0119254998862743 -0.480336993932724
287 0 0 0.0119156995788217 -0.477427989244461
286 0 0 0.0119059002026916 -0.474516987800598
285 0 0 0.0118961995467544 -0.471605002880096
284 0 0 0.0118867000564933 -0.468692004680634
283 0 0 0.0118770999833941 -0.465777009725571
282 0 0 0.0118677001446486 -0.462859988212585
281 0 0 0.0118583999574184 -0.459942996501923
280 0 0 0.0118490997701883 -0.45702400803566
279 0 0 0.0118399001657963 -0.454104006290436
278 0 0 0.0118308002129197 -0.451184004545212
277 0 0 0.0118217999115586 -0.448262006044388
276 0 0 0.0118129001930356 -0.445338994264603
275 0 0 0.0118041001260281 -0.442414999008179
274 0 0 0.0117953000590205 -0.439491003751755
273 0 0 0.0117865996435285 -0.436565011739731
272 0 0 0.0117779998108745 -0.433638989925385
271 0 0 0.0117694996297359 -0.430712997913361
270 0 0 0.01176100037992 -0.427785992622375
269 0 0 0.011752700433135 -0.424858003854752
268 0 0 0.0117443995550275 -0.421929985284805
267 0 0 0.0117362001910806 -0.419001996517181
266 0 0 0.0117279998958111 -0.416074007749557
265 0 0 0.0117199998348951 -0.413145005702972
264 0 0 0.0117119997739792 -0.410216987133026
263 0 0 0.0117041002959013 -0.407288998365402
262 0 0 0.0116962995380163 -0.404359996318817
261 0 0 0.011688600294292 -0.401432991027832
260 0 0 0.0116809001192451 -0.398505002260208
259 0 0 0.0116732995957136 -0.395577996969223
258 0 0 0.0116657996550202 -0.392652004957199
257 0 0 0.0116584002971649 -0.389726996421814
256 0 0 0.011651000007987 -0.386801987886429
255 0 0 0.0116437003016472 -0.383877992630005
254 0 0 0.0116365002468228 -0.380955010652542
253 0 0 0.011629399843514 -0.378033995628357
252 0 0 0.0116224000230432 -0.375113010406494
251 0 0 0.0116154002025723 -0.372193992137909
250 26 24 0.011608500033617 -0.369277000427246
249 0 0 0.0116017004474998 -0.366360992193222
248 0 0 0.0115948999300599 -0.363445997238159
247 0 0 0.0115882996469736 -0.360534012317657
246 0 0 0.0115817002952099 -0.357623010873795
245 0 0 0.0115751000121236 -0.354714006185532
244 0 0 0.0115686999633908 -0.351806998252869
243 0 0 0.0115622999146581 -0.348901987075806
242 0 0 0.0115560004487634 -0.345999002456665
241 0 0 0.0115497000515461 -0.343098014593124
240 0 0 0.0115435998886824 -0.340200006961823
239 0 0 0.0115374997258186 -0.337303012609482
238 0 0 0.0115313995629549 -0.33440899848938
237 0 0 0.0115254996344447 -0.331517994403839
236 0 0 0.0115195997059345 -0.328628987073898
235 0 0 0.0115138003602624 -0.32574200630188
234 0 0 0.0115080000832677 -0.322856992483139
233 0 0 0.011502300389111 -0.319974988698959
232 0 0 0.0114967003464699 -0.317095011472702
231 0 0 0.0114911999553442 -0.314217001199722
230 0 0 0.0114856995642185 -0.311342000961304
229 0 0 0.0114802997559309 -0.308468014001846
228 0 0 0.0114748999476433 -0.305597007274628
227 0 0 0.0114695997908711 -0.302727997303009
226 0 0 0.0114644002169371 -0.299860000610352
225 0 0 0.0114593002945185 -0.296994000673294
224 0 0 0.0114542003720999 -0.294129997491837
223 0 0 0.0114491004496813 -0.29126700758934
222 0 0 0.0114441998302937 -0.288406014442444
221 0 0 0.0114391995593905 -0.285544991493225
220 0 0 0.0114344004541636 -0.28268501162529
219 0 0 0.011429600417614 -0.279825985431671
218 0 0 0.0114249000325799 -0.276966989040375
217 0 0 0.0114201996475458 -0.274107992649078
216 0 0 0.0114155998453498 -0.271248996257782
215 0 0 0.0114110000431538 -0.268388986587524
214 0 0 0.0114064998924732 -0.265527993440628
213 0 0 0.0114019997417927 -0.262665987014771
212 0 0 0.0113976001739502 -0.259802997112274
211 0 0 0.0113933002576232 -0.256936997175217
210 0 0 0.0113890003412962 -0.254067987203598
209 0 0 0.0113847004249692 -0.251197010278702
208 0 0 0.0113805001601577 -0.248321995139122
207 0 0 0.0113763995468616 -0.245443001389503
206 0 0 0.0113722998648882 -0.242559000849724
205 0 0 0.0113682001829147 -0.239669993519783
204 0 0 0.0113642001524568 -0.236774995923042
203 0 0 0.0113602001219988 -0.23387399315834
202 0 0 0.0113562997430563 -0.230966001749039
201 0 0 0.0113524999469519 -0.228049993515015
200 25 24 0.0113485995680094 -0.225124999880791
199 0 0 0.011344900354743 -0.222191005945206
198 0 0 0.011341099627316 -0.219246000051498
197 0 0 0.0113374004140496 -0.21628999710083
196 0 0 0.0113337999209762 -0.213321998715401
195 0 0 0.0113300997763872 -0.21034100651741
194 0 0 0.0113265998661518 -0.207346007227898
193 0 0 0.0113230003044009 -0.204336002469063
192 0 0 0.0113195003941655 -0.201308995485306
191 0 0 0.0113161001354456 -0.198265001177788
190 0 0 0.0113126002252102 -0.195200994610786
189 0 0 0.0113091999664903 -0.192117005586624
188 0 0 0.0113059002906084 -0.189012005925179
187 0 0 0.011302599683404 -0.18588200211525
186 0 0 0.0112993000075221 -0.182728007435799
185 0 0 0.0112960003316402 -0.179546996951103
184 0 0 0.0112928003072739 -0.176337003707886
183 0 0 0.0112896002829075 -0.173095002770424
182 0 0 0.0112864999100566 -0.169820994138718
181 0 0 0.0112832998856902 -0.166511997580528
180 0 0 0.0112802004441619 -0.163164004683495
179 0 0 0.0112771997228265 -0.159775003790855
178 0 0 0.0112741002812982 -0.156341999769211
177 0 0 0.0112710995599627 -0.152862995862961
176 0 0 0.011268200352788 -0.149332001805305
175 0 0 0.0112651996314526 -0.145747005939484
174 0 0 0.0112623004242778 -0.142103001475334
173 0 0 0.0112594002857804 -0.138394996523857
172 0 0 0.0112565997987986 -0.134617999196053
171 0 0 0.0112536996603012 -0.130766004323959
170 0 0 0.0112509001046419 -0.126831993460655
169 0 0 0.01124809961766 -0.122809998691082
168 0 0 0.0112453997135162 -0.118689998984337
167 0 0 0.0112426998093724 -0.114463001489639
166 0 0 0.0112399999052286 -0.110119000077248
165 0 0 0.0112373000010848 -0.105645000934601
164 0 0 0.0112346997484565 -0.101025000214577
163 0 0 0.0112321004271507 -0.0962432995438576
162 0 0 0.0112295998260379 -0.091279000043869
161 0 0 0.0112271001562476 -0.0861077010631561
160 0 0 0.0112245995551348 -0.0806998014450073
159 0 0 0.01122219953686 -0.0750190019607544
158 0 0 0.0112198004499078 -0.0690203011035919
157 0 0 0.0112175000831485 -0.0626469030976295
156 0 0 0.0112153002992272 -0.0558268986642361
155 0 0 0.0112132001668215 -0.0484686009585857
154 0 0 0.0112113002687693 -0.0404570996761322
153 0 0 0.011209599673748 -0.031657300889492
152 0 0 0.0112081998959184 -0.021943099796772
151 0 0 0.0112071996554732 -0.0112966001033783
150 24 22 0.0112068997696042 -1.88965003644626E-07
149 0 0 0.0112071000039577 0.00974574964493513
148 0 0 0.0112079996615648 0.0205093007534742
147 0 0 0.011209400370717 0.0303572006523609
146 0 0 0.0112110003829002 0.0392782017588615
145 0 0 0.0112129999324679 0.0473913997411728
144 0 0 0.0112150004133582 0.0548335015773773
143 0 0 0.0112172001972795 0.0617226995527744
142 0 0 0.0112194996327162 0.0681537017226219
141 0 0 0.0112217999994755 0.0742010995745659
140 0 0 0.0112242000177503 0.0799233987927437
139 0 0 0.0112266996875405 0.0853670984506607
138 0 0 0.0112292002886534 0.0905695036053658
137 0 0 0.0112317996099591 0.0955611988902092
136 0 0 0.011234300211072 0.100367002189159
135 0 0 0.0112370001152158 0.105007998645306
134 0 0 0.0112396003678441 0.109502002596855
133 0 0 0.0112423002719879 0.113863997161388
132 0 0 0.0112450001761317 0.118106000125408
131 0 0 0.011247799731791 0.122239999473095
130 0 0 0.0112504996359348 0.12627600133419
129 0 0 0.0112533001229167 0.130220994353294
128 0 0 0.0112562002614141 0.13408400118351
127 0 0 0.0112589998170733 0.137870997190475
126 0 0 0.0112618999555707 0.141589000821114
125 0 0 0.0112648000940681 0.145241007208824
124 0 0 0.0112677998840809 0.148835003376007
123 0 0 0.0112707000225782 0.152373000979424
122 0 0 0.0112736998125911 0.155858993530273
121 0 0 0.011276800185442 0.159298002719879
120 0 0 0.0112797999754548 0.162692993879318
119 0 0 0.0112829003483057 0.166045993566513
118 0 0 0.011285999789834 0.169360995292664
117 0 0 0.0112891998142004 0.17263999581337
116 0 0 0.0112923998385668 0.175886005163193
115 0 0 0.0112955998629332 0.179100006818771
114 0 0 0.0112987998872995 0.182284995913506
113 0 0 0.0113020995631814 0.185442999005318
112 0 0 0.0113054001703858 0.188575997948647
111 0 0 0.0113088004291058 0.191685006022453
110 0 0 0.0113121997565031 0.194772005081177
109 0 0 0.011315600015223 0.197837993502617
108 0 0 0.0113190002739429 0.200884997844696
107 0 0 0.0113225001841784 0.203914001584053
106 0 0 0.0113260997459292 0.206927001476288
105 0 0 0.0113295996561646 0.2099239975214
104 0 0 0.0113332001492381 0.212907001376152
103 0 0 0.0113369002938271 0.215875998139381
102 0 0 0.011340600438416 0.21883399784565
101 0 0 0.0113442996516824 0.221780002117157
100 23 24 0.0113481003791094 0.224714994430542
99 0 0 0.0113519001752138 0.227641001343727
98 0 0 0.0113557996228337 0.230559006333351
97 0 0 0.0113597000017762 0.233467996120453
96 0 0 0.0113636003807187 0.236369997262955
95 0 0 0.0113676004111767 0.239265993237495
94 0 0 0.0113717000931501 0.242155998945236
93 0 0 0.0113757997751236 0.245039999485016
92 0 0 0.0113799003884196 0.247920006513596
91 0 0 0.0113840997219086 0.250795006752014
90 0 0 0.0113883996382356 0.253666996955872
89 0 0 0.0113926995545626 0.25653600692749
88 0 0 0.0113970004022121 0.259402006864548
87 0 0 0.0114013999700546 0.262266010046005
86 0 0 0.0114057995378971 0.265128999948502
85 0 0 0.0114104002714157 0.267989009618759
84 0 0 0.0114149004220963 0.270848989486694
83 0 0 0.0114195002242923 0.273708999156952
82 0 0 0.0114241996780038 0.276567995548248
81 0 0 0.0114289000630379 0.279426991939545
80 0 0 0.0114337000995874 0.282285988330841
79 0 0 0.0114385997876525 0.28514501452446
78 0 0 0.0114435004070401 0.288006007671356
77 0 0 0.0114484000951052 0.290867000818253
76 0 0 0.0114535000175238 0.293729990720749
75 0 0 0.0114585002884269 0.296593993902206
74 0 0 0.011463699862361 0.299459993839264
73 0 0 0.0114689003676176 0.302327007055283
72 0 0 0.0114741995930672 0.305195987224579
71 0 0 0.0114794997498393 0.308066993951797
70 0 0 0.0114848995581269 0.310939997434616
69 0 0 0.0114903999492526 0.313814997673035
68 0 0 0.0114959999918938 0.316693007946014
67 0 0 0.0115016000345349 0.319572001695633
66 0 0 0.0115072000771761 0.322454005479813
65 0 0 0.0115130003541708 0.325338989496231
64 0 0 0.0115187996998429 0.328224986791611
63 0 0 0.0115246996283531 0.331113994121552
62 0 0 0.0115305995568633 0.334004998207092
61 0 0 0.0115366000682116 0.336899012327194
60 0 0 0.0115427002310753 0.339794993400574
59 0 0 0.0115489000454545 0.342693001031876
58 0 0 0.0115550998598337 0.345593005418777
57 0 0 0.011561400257051 0.348495990037918
56 0 0 0.0115678003057837 0.351401001214981
55 0 0 0.0115742003545165 0.354306995868683
54 0 0 0.0115807000547647 0.357216000556946
53 0 0 0.011587300337851 0.360127002000809
52 0 0 0.0115940002724528 0.36303898692131
51 0 0 0.0116007002070546 0.365952998399734
50 22 24 0.0116074997931719 0.368869006633759
49 0 0 0.0116143999621272 0.371787011623383
48 0 0 0.011621399782598 0.374704986810684
47 0 0 0.0116283996030688 0.377626001834869
46 0 0 0.0116355000063777 0.380546987056732
45 0 0 0.011642700061202 0.383469998836517
44 0 0 0.0116499997675419 0.386393010616302
43 0 0 0.0116573004052043 0.389317989349365
42 0 0 0.0116648003458977 0.39224299788475
41 0 0 0.0116723002865911 0.395170003175735
40 0 0 0.0116798002272844 0.398095995187759
39 0 0 0.0116875004023314 0.401024013757706
38 0 0 0.0116951996460557 0.403950989246368
37 0 0 0.0117030004039407 0.406879007816315
36 0 0 0.0117108998820186 0.4098080098629
35 0 0 0.0117188999429345 0.412735998630524
34 0 0 0.0117269000038505 0.415665000677109
33 0 0 0.0117349997162819 0.418592989444733
32 0 0 0.0117432000115514 0.421521008014679
31 0 0 0.0117514999583364 0.424448996782303
30 0 0 0.0117597999051213 0.427376985549927
29 0 0 0.0117683000862598 0.430303990840912
28 0 0 0.0117768002673984 0.433230012655258
27 0 0 0.0117854001000524 0.436156004667282
26 0 0 0.0117940995842218 0.439081996679306
25 0 0 0.0118027999997139 0.442007005214691
24 0 0 0.0118116997182369 0.444929987192154
23 0 0 0.0118206003680825 0.447852998971939
22 0 0 0.011829599738121 0.450774997472763
21 0 0 0.0118386996909976 0.453696012496948
20 0 0 0.0118477996438742 0.456616014242172
19 0 0 0.0118570998311043 0.459535002708435
18 0 0 0.0118664000183344 0.462453007698059
17 0 0 0.01187579985708 0.465368986129761
16 0 0 0.0118853002786636 0.468284010887146
15 0 0 0.0118949003517628 0.471197992563248
14 0 0 0.0119046000763774 0.474110990762711
13 0 0 0.011914299800992 0.477021992206573
12 0 0 0.0119241997599602 0.479930996894836
11 0 0 0.0119340997189283 0.482838988304138
10 0 0 0.0119441002607346 0.485745996236801
9 0 0 0.0119542004540563 0.488651007413864
8 0 0 0.0119642997160554 0.491553992033005
7 0 0 0.0119746001437306 0.494455993175507
6 0 0 0.011981500312686 0.496389001607895
5 0 0 0.011986100114882 0.497678011655807
4 0 0 0.0119891995564103 0.498537003993988
3 0 0 0.0119912996888161 0.499110013246536
2 0 0 0.0119925998151302 0.499491006135941
1 0 0 0.0119944997131824 0.5
1 0 0 0.0119944997131824 0.5
2 0 0 0.0119962999597192 0.500509023666382
3 0 0 0.0119976997375488 0.500890016555786
4 0 0 0.0119997998699546 0.501462996006012
5 0 0 0.0120029002428055 0.502321004867554
6 0 0 0.012007599696517 0.503607988357544
7 0 0 0.0120147000998259 0.505537986755371
8 0 0 0.0120254000648856 0.508431971073151
9 0 0 0.0120361000299454 0.511322975158691
10 0 0 0.0120470002293587 0.514213979244232
11 0 0 0.0120580000802875 0.517102003097534
12 0 0 0.0120689999312162 0.519988000392914
13 0 0 0.0120801003649831 0.522872984409332
14 0 0 0.0120914001017809 0.525756001472473
15 0 0 0.0121026998385787 0.528636991977692
16 0 0 0.0121141001582146 0.531516015529633
17 0 0 0.0121256001293659 0.534393012523651
18 0 0 0.0121371997520328 0.537268996238708
19 0 0 0.0121488999575377 0.540141999721527
20 0 0 0.012160699814558 0.543013989925385
21 0 0 0.0121726002544165 0.545884013175964
22 0 0 0.0121846003457904 0.548752009868622
23 0 0 0.0121966004371643 0.551617026329041
24 0 0 0.0122087998315692 0.554481029510498
25 0 0 0.0122210998088121 0.557343006134033
26 0 0 0.0122333997860551 0.560204029083252
27 0 0 0.0122458999976516 0.563062012195587
28 0 0 0.0122584998607635 0.565918028354645
29 0 0 0.0122710997238755 0.56877201795578
30 0 0 0.012283899821341 0.571623980998993
31 0 0 0.012296799570322 0.574474990367889
32 0 0 0.0123097002506256 0.577323019504547
33 0 0 0.0123228002339602 0.580169022083282
34 0 0 0.0123359998688102 0.583012998104095
35 0 0 0.0123492004349828 0.585856020450592
36 0 0 0.0123626003041863 0.588696002960205
37 0 0 0.0123760998249054 0.591534018516541
38 0 0 0.0123896999284625 0.594370007514954
39 0 0 0.0124033000320196 0.597204029560089
40 0 0 0.0124241001904011 0.601450979709625
41 0 0 0.012445000000298 0.605693995952606
42 0 0 0.012466199696064 0.609932005405426
43 0 0 0.0124877002090216 0.614163994789124
44 0 0 0.0125094000250101 0.618391990661621
45 0 0 0.0125313000753522 0.622614979743958
46 0 0 0.0125535000115633 0.626833021640778
47 0 0 0.0125759998336434 0.631045997142792
48 0 0 0.0125986998900771 0.63525402545929
49 0 0 0.0126216001808643 0.63945597410202
50 2 24 0.0126449000090361 0.643652975559235
51 0 0 0.0126683004200459 0.647844970226288
52 0 0 0.0126921003684402 0.652031004428864
53 0 0 0.0127160996198654 0.656211018562317
54 0 0 0.0127403000369668 0.660386025905609
55 0 0 0.0127648003399372 0.664553999900818
56 0 0 0.0127895995974541 0.668716013431549
57 0 0 0.0128146996721625 0.672872006893158
58 0 0 0.0128399999812245 0.677021980285645
59 0 0 0.0128656001761556 0.681164979934692
60 0 0 0.0128915002569556 0.685301005840302
61 0 0 0.0129177002236247 0.689429998397827
62 0 0 0.0129441004246473 0.693552017211914
63 0 0 0.0129707995802164 0.697665989398956
64 0 0 0.0129977995529771 0.70177298784256
65 0 0 0.0130251003429294 0.705871999263763
66 0 0 0.0130526004359126 0.709962010383606
67 0 0 0.0130805000662804 0.714044988155365
68 0 0 0.0131085999310017 0.718118011951447
69 0 0 0.013136999681592 0.722182989120483
70 0 0 0.0131655996665359 0.726238012313843
71 0 0 0.0131946001201868 0.73028302192688
72 0 0 0.0132239004597068 0.734318971633911
73 0 0 0.0132534001022577 0.738344013690948
74 0 0 0.0132831996306777 0.742358982563019
75 0 0 0.0133132999762893 0.746361970901489
76 0 0 0.0133437002077699 0.750353991985321
77 0 0 0.0133742997422814 0.754333972930908
78 0 0 0.0134052000939846 0.758301019668579
79 0 0 0.0134364999830723 0.762256026268005
80 0 0 0.013467900454998 0.766197979450226
81 0 0 0.0134997004643083 0.770124971866608
82 0 0 0.0135316997766495 0.774038970470428
83 0 0 0.0135639999061823 0.777936995029449
84 0 0 0.0135965999215841 0.781819999217987
85 0 0 0.0136294001713395 0.785687983036041
86 0 0 0.0136625003069639 0.789538025856018
87 0 0 0.0136957997456193 0.793371975421906
88 0 0 0.0137294000014663 0.797186970710754
89 0 0 0.0137631995603442 0.800984025001526
90 0 0 0.0137972999364138 0.804762005805969
91 0 0 0.0138315996155143 0.808520019054413
92 0 0 0.0138661004602909 0.812256991863251
93 0 0 0.013900900259614 0.815971970558167
94 0 0 0.0139357997104526 0.819666028022766
95 0 0 0.0139709999784827 0.823336005210876
96 0 0 0.0140062998980284 0.826982021331787
97 0 0 0.0140418997034431 0.830604016780853
98 0 0 0.0140776000916958 0.834199011325836
99 0 0 0.014113400131464 0.837768018245697
100 3 24 0.0141495000571012 0.841309010982513
101 0 0 0.0141855999827385 0.844821989536285
102 0 0 0.0142219001427293 0.848304986953735
103 0 0 0.0142582999542356 0.851755976676941
104 0 0 0.0142948003485799 0.855175971984863
105 0 0 0.0143312998116016 0.858563005924225
106 0 0 0.0143680004402995 0.861914992332458
107 0 0 0.0144045995548368 0.865231990814209
108 0 0 0.0144413001835346 0.868511974811554
109 0 0 0.0144779998809099 0.871755003929138
110 0 0 0.0145146995782852 0.874957978725433
111 0 0 0.0145514002069831 0.878120005130768
112 0 0 0.0145880002528429 0.881240010261536
113 0 0 0.0146244997158647 0.884316980838776
114 0 0 0.0146609004586935 0.887349009513855
115 0 0 0.0146971000358462 0.890334010124207
116 0 0 0.0147331999614835 0.89327198266983
117 0 0 0.0147690996527672 0.896161019802094
118 0 0 0.0148047003895044 0.898998975753784
119 0 0 0.0148401996120811 0.901785016059875
120 0 0 0.0148753002285957 0.904516994953156
121 0 0 0.0149101000279188 0.907194018363953
122 0 0 0.0149445002898574 0.9098140001297
123 0 0 0.0149785997346044 0.91237598657608
124 0 0 0.0150121999904513 0.914879024028778
125 0 0 0.0150453997775912 0.917320013046265
126 0 0 0.0150781003758311 0.919699013233185
127 0 0 0.0151102002710104 0.922015011310577
128 0 0 0.0151418000459671 0.92426598072052
129 0 0 0.0151728000491858 0.926451981067657
130 0 0 0.0152032002806664 0.928570985794067
131 0 0 0.0152329001575708 0.93062299489975
132 0 0 0.0152620002627373 0.932608008384705
133 0 0 0.0152903003618121 0.934526026248932
134 0 0 0.0153179997578263 0.936375975608826
135 0 0 0.0153449000790715 0.938160002231598
136 0 0 0.0153710003942251 0.93987900018692
137 0 0 0.0153965000063181 0.941536009311676
138 0 0 0.0154211996123195 0.943131983280182
139 0 0 0.0154453003779054 0.944670975208282
140 0 0 0.0154688004404306 0.946157991886139
141 0 0 0.0154918003827333 0.94760000705719
142 0 0 0.0155143002048135 0.949005007743835
143 0 0 0.0155365997925401 0.950380980968475
144 0 0 0.0155587997287512 0.951741993427277
145 0 0 0.0155811998993158 0.953104019165039
146 0 0 0.015603999607265 0.954483985900879
147 0 0 0.0156277995556593 0.955908000469208
148 0 0 0.0156529005616903 0.957404971122742
149 0 0 0.0156800001859665 0.959010004997253
150 4 24 0.015709800645709 0.960771024227142
151 0 0 0.015743400901556 0.962741017341614
152 0 0 0.0157817993313074 0.964990019798279
153 0 0 0.0158265996724367 0.967598021030426
154 0 0 0.0158792994916439 0.970664978027344
155 0 0 0.0159418992698193 0.974301993846893
156 0 0 0.0160163994878531 0.978628993034363
157 0 0 0.0161047000437975 0.983766973018646
158 0 0 0.0162083003669977 0.98981499671936
159 0 0 0.0163281001150608 0.996837019920349
160 0 0 0.0164637006819248 1.00484001636505
161 0 0 0.0166139993816614 1.0137699842453
162 0 0 0.0167769007384777 1.02354001998901
163 0 0 0.016950000077486 1.034019947052
164 0 0 0.0171309001743793 1.04509997367859
165 0 0 0.0173176005482674 1.05666995048523
166 0 0 0.0175084006041288 1.0686399936676
167 0 0 0.0177018009126186 1.08094000816345
168 0 0 0.0178968999534845 1.09351003170013
169 0 0 0.0180926006287336 1.10629999637604
170 0 0 0.0182885006070137 1.11928999423981
171 0 0 0.0184838995337486 1.13242995738983
172 0 0 0.0186785999685526 1.14570999145508
173 0 0 0.0188721008598804 1.15910995006561
174 0 0 0.0190644003450871 1.17262005805969
175 0 0 0.0192550998181105 1.18622994422913
176 0 0 0.0194441005587578 1.19992005825043
177 0 0 0.0196313001215458 1.21370005607605
178 0 0 0.0198165997862816 1.22754001617432
179 0 0 0.0199999995529652 1.24144995212555
180 0 0 0.0201813001185656 1.25542998313904
181 0 0 0.0203606002032757 1.26945996284485
182 0 0 0.0205377992242575 1.28354001045227
183 0 0 0.0207129009068012 1.29768002033234
184 0 0 0.0208857990801334 1.31186997890472
185 0 0 0.0210565999150276 1.3260999917984
186 0 0 0.0212251991033554 1.3403799533844
187 0 0 0.0213916990906 1.35469996929169
188 0 0 0.0215559992939234 1.36907005310059
189 0 0 0.0217180997133255 1.38347005844116
190 0 0 0.0218780990689993 1.39790999889374
191 0 0 0.022035900503397 1.4123899936676
192 0 0 0.0221916008740664 1.42691004276276
193 0 0 0.0223452001810074 1.44146001338959
194 0 0 0.0224967002868652 1.45605003833771
195 0 0 0.0226460993289948 1.4706699848175
196 0 0 0.0227933991700411 1.48531997203827
197 0 0 0.0229387003928423 1.50001001358032
198 0 0 0.0230819005519152 1.51471996307373
199 0 0 0.0232231002300978 1.52946996688843
200 5 24 0.0233622994273901 1.54425001144409
201 0 0 0.0234995000064373 1.55905997753143
202 0 0 0.0236348006874323 1.57389998435974
203 0 0 0.023768100887537 1.58877003192902
204 0 0 0.0238994006067514 1.60367000102997
205 0 0 0.0240288991481066 1.61858999729156
206 0 0 0.0241564996540546 1.63354003429413
207 0 0 0.0242822002619505 1.64853000640869
208 0 0 0.024406099691987 1.66352999210358
209 0 0 0.0245281998068094 1.67857003211975
210 0 0 0.0246484000235796 1.69362998008728
211 0 0 0.0247668996453285 1.70871996879578
212 0 0 0.0248837005347013 1.72382998466492
213 0 0 0.0249987002462149 1.73897004127502
214 0 0 0.0251119006425142 1.75413000583649
215 0 0 0.0252234991639853 1.76932001113892
216 0 0 0.0253334995359182 1.78454005718231
217 0 0 0.0254417005926371 1.79978001117706
218 0 0 0.0255484003573656 1.81503999233246
219 0 0 0.0256533995270729 1.83033001422882
220 0 0 0.0257568992674351 1.84563994407654
221 0 0 0.0258588008582592 1.86097002029419
222 0 0 0.025959100574255 1.87633001804352
223 0 0 0.0260579008609056 1.89172005653381
224 0 0 0.026155199855566 1.90711998939514
225 0 0 0.0262509994208813 1.92254996299744
226 0 0 0.0263454001396894 1.93799996376038
227 0 0 0.0264382995665073 1.95346999168396
228 0 0 0.0265298001468182 1.96896994113922
229 0 0 0.0266199000179768 1.98448002338409
230 0 0 0.0267085991799831 2.00002002716064
231 0 0 0.0267958994954824 2.01557993888855
232 0 0 0.0268818996846676 2.03116989135742
233 0 0 0.0269665997475386 2.0467700958252
234 0 0 0.0270498991012573 2.06239008903503
235 0 0 0.0271319001913071 2.07803988456726
236 0 0 0.0272126998752356 2.09369993209839
237 0 0 0.0272921994328499 2.10939002037048
238 0 0 0.0273704994469881 2.12509989738464
239 0 0 0.0274475999176502 2.14082002639771
240 0 0 0.0275234002619982 2.15656995773315
241 0 0 0.0275980997830629 2.17232990264893
242 0 0 0.0276715997606516 2.18811988830566
243 0 0 0.0277439001947641 2.20391988754272
244 0 0 0.0278150998055935 2.21974992752075
245 0 0 0.0278852004557848 2.2355899810791
246 0 0 0.0279542002826929 2.2514500617981
247 0 0 0.0280220992863178 2.26732993125916
248 0 0 0.0280889999121428 2.28323006629944
249 0 0 0.0281547997146845 2.29913997650146
250 6 24 0.0282195005565882 2.31507992744446
251 0 0 0.0282831992954016 2.33102989196777
252 0 0 0.028345899656415 2.34699988365173
253 0 0 0.0284077003598213 2.36297988891602
254 0 0 0.0284684002399445 2.37898993492126
255 0 0 0.0285282004624605 2.39500999450684
256 0 0 0.0285870004445314 2.41104006767273
257 0 0 0.0286449007689953 2.42709994316101
258 0 0 0.0287018995732069 2.44317007064819
259 0 0 0.0287580005824566 2.45924997329712
260 0 0 0.028813200071454 2.47535991668701
261 0 0 0.0288674999028444 2.49147009849548
262 0 0 0.0289209000766277 2.50761008262634
263 0 0 0.0289734993129969 2.52376008033752
264 0 0 0.029025299474597 2.53992009162903
265 0 0 0.02907619997859 2.5560998916626
266 0 0 0.0291262995451689 2.57228994369507
267 0 0 0.0291757006198168 2.58850002288818
268 0 0 0.0292242001742125 2.60472011566162
269 0 0 0.029271999374032 2.62095999717712
270 0 0 0.0293189007788897 2.63720989227295
271 0 0 0.0293652005493641 2.653480052948
272 0 0 0.0294106993824244 2.66974997520447
273 0 0 0.0294554997235537 2.6860499382019
274 0 0 0.0294994991272688 2.70234990119934
275 0 0 0.029542900621891 2.71866989135742
276 0 0 0.029585599899292 2.73499989509583
277 0 0 0.029627600684762 2.75133991241455
278 0 0 0.0296688992530107 2.76769995689392
279 0 0 0.0297094993293285 2.78407001495361
280 0 0 0.0297494996339083 2.80045008659363
281 0 0 0.02978890016675 2.81683993339539
282 0 0 0.0298277009278536 2.83325004577637
283 0 0 0.029865799471736 2.84965991973877
284 0 0 0.0299033001065254 2.8660900592804
285 0 0 0.0299401991069317 2.88252997398376
286 0 0 0.029976500198245 2.89897990226746
287 0 0 0.0300123002380133 2.91544008255005
288 0 0 0.0300475005060434 2.93192005157471
289 0 0 0.0300820991396904 2.94840002059937
290 0 0 0.0301160998642445 2.96489000320435
291 0 0 0.0301495995372534 2.98140001296997
292 0 0 0.0301826000213623 2.9979100227356
293 0 0 0.0302150994539261 3.01443004608154
294 0 0 0.0302469991147518 3.03097009658813
295 0 0 0.0302785001695156 3.04750990867615
296 0 0 0.0303093995898962 3.06406998634338
297 0 0 0.0303399004042149 3.08063006401062
298 0 0 0.0303697995841503 3.0971999168396
299 0 0 0.0303993001580238 3.11378002166748
300 7 24 0.0304282996803522 3.1303699016571
301 0 0 0.0304569005966187 3.14697003364563
302 0 0 0.03048500046134 3.1635799407959
303 0 0 0.0305126998573542 3.18019008636475
304 0 0 0.03055340051651 3.20513010025024
305 0 0 0.0305930990725756 3.23008990287781
306 0 0 0.0306318998336792 3.25505995750427
307 0 0 0.0306697003543377 3.2800600528717
308 0 0 0.030706699937582 3.30505990982056
309 0 0 0.0307427998632193 3.33009004592896
310 0 0 0.0307781007140875 3.3551299571991
311 0 0 0.0308126006275415 3.38018989562988
312 0 0 0.0308462008833885 3.40527009963989
313 0 0 0.0308791007846594 3.43035006523132
314 0 0 0.0309111997485161 3.45546007156372
315 0 0 0.0309424996376038 3.48057007789612
316 0 0 0.0309730991721153 3.50570011138916
317 0 0 0.031003100797534 3.53084993362427
318 0 0 0.0310322996228933 3.55601000785828
319 0 0 0.0310607999563217 3.58118009567261
320 0 0 0.031088700518012 3.60635995864868
321 0 0 0.0311159994453192 3.63155007362366
322 0 0 0.0311425998806953 3.6567599773407
323 0 0 0.0311686992645264 3.68197989463806
324 0 0 0.0311941001564264 3.707200050354
325 0 0 0.0312188994139433 3.73243999481201
326 0 0 0.0312431994825602 3.75768995285034
327 0 0 0.0312669984996319 3.78294992446899
328 0 0 0.0312901996076107 3.80821990966797
329 0 0 0.0313129015266895 3.83349990844727
330 0 0 0.03133499994874 3.85878992080688
331 0 0 0.0313566997647285 3.88408994674683
332 0 0 0.0313779003918171 3.90939998626709
333 0 0 0.0313986018300056 3.93471002578735
334 0 0 0.031418900936842 3.96004009246826
335 0 0 0.0314387008547783 3.98536992073059
336 0 0 0.0314580984413624 4.01070976257324
337 0 0 0.0314770005643368 4.03605985641479
338 0 0 0.031495600938797 4.06140995025635
339 0 0 0.0315136983990669 4.08677005767822
340 0 0 0.0315314009785652 4.11214017868042
341 0 0 0.0315572991967201 4.15020990371704
342 0 0 0.0315822996199131 4.18829011917114
343 0 0 0.0316064991056919 4.22638988494873
344 0 0 0.0316299982368946 4.2645001411438
345 0 0 0.0316527001559734 4.30261993408203
346 0 0 0.0316747017204762 4.34076023101807
347 0 0 0.0316959992051125 4.37891006469727
348 0 0 0.031716600060463 4.41706991195679
349 0 0 0.0317366011440754 4.45523977279663
350 8 24 0.0317558981478214 4.49342012405396
351 0 0 0.0317746996879578 4.53161001205444
352 0 0 0.031792800873518 4.56980991363525
353 0 0 0.031810499727726 4.60801982879639
354 0 0 0.0318274982273579 4.646240234375
355 0 0 0.0318441018462181 4.68447017669678
356 0 0 0.0318601988255978 4.72270011901855
357 0 0 0.0318756997585297 4.76095008850098
358 0 0 0.0318907983601093 4.7992000579834
359 0 0 0.0319054983556271 4.83746004104614
360 0 0 0.0319196991622448 4.87572002410889
361 0 0 0.0319335013628006 4.91400003433228
362 0 0 0.0319470018148422 4.95227003097534
363 0 0 0.0319599993526936 4.99056005477905
364 0 0 0.0319788008928299 5.0479998588562
365 0 0 0.0319968014955521 5.10545015335083
366 0 0 0.0320141017436981 5.16290998458862
367 0 0 0.03203060105443 5.22037982940674
368 0 0 0.0320464000105858 5.27787017822266
369 0 0 0.0320615991950035 5.33536005020142
370 0 0 0.0320761986076832 5.3928599357605
371 0 0 0.0320901982486248 5.45037984848022
372 0 0 0.0321036018431187 5.50790023803711
373 0 0 0.0321163982152939 5.56542015075684
374 0 0 0.0321287997066975 5.62296009063721
375 0 0 0.0321406982839108 5.68050003051758
376 0 0 0.0321521013975143 5.73804998397827
377 0 0 0.0321630984544754 5.79559993743896
378 0 0 0.0321736000478268 5.85315990447998
379 0 0 0.032183799892664 5.910719871521
380 0 0 0.0321935005486012 5.96828985214233
381 0 0 0.0322075001895428 6.05465984344482
382 0 0 0.0322206988930702 6.14102983474731
383 0 0 0.0322332009673119 6.22740983963013
384 0 0 0.0322450995445251 6.31379985809326
385 0 0 0.0322563014924526 6.40019989013672
386 0 0 0.0322668999433517 6.4866099357605
387 0 0 0.0322769992053509 6.57301998138428
388 0 0 0.03228659927845 6.65943002700806
389 0 0 0.0322957001626492 6.74586009979248
390 0 0 0.0323043018579483 6.8322901725769
391 0 0 0.0323126018047333 6.91871976852417
392 0 0 0.032320398837328 7.00515985488892
393 0 0 0.0323290005326271 7.10509014129639
394 0 0 0.032337099313736 7.20502996444702
395 0 0 0.0323447994887829 7.30497980117798
396 0 0 0.0323521010577679 7.40492010116577
397 0 0 0.0323590002954006 7.50487995147705
398 0 0 0.0323656015098095 7.60482978820801
399 0 0 0.0323718003928661 7.70479011535645
400 9 24 0.0323777012526989 7.80474996566772
401 0 0 0.0323833003640175 7.90471982955933
402 0 0 0.03238869830966 8.00469017028809
403 0 0 0.0323937982320786 8.10464954376221
404 0 0 0.0323987007141113 8.20462989807129
405 0 0 0.0324033014476299 8.30459976196289
406 0 0 0.0324077010154724 8.40456962585449
407 0 0 0.0324120000004768 8.50454998016357
408 0 0 0.0324160009622574 8.60453033447266
409 0 0 0.0324199013411999 8.70450973510742
410 0 0 0.0324236005544662 8.8044900894165
411 0 0 0.0324270986020565 8.90447044372559
412 0 0 0.032430499792099 9.00444984436035
413 0 0 0.0324336998164654 9.1044397354126
414 0 0 0.0324368998408318 9.20442008972168
415 0 0 0.0324398018419743 9.30440998077393
416 0 0 0.0324427001178265 9.40439987182617
417 0 0 0.0324455015361309 9.50438976287842
418 0 0 0.0324481017887592 9.6043701171875
419 0 0 0.0324506014585495 9.70436000823975
420 0 0 0.0324531011283398 9.80434989929199
421 0 0 0.0324553996324539 9.90433979034424
422 0 0 0.0324577018618584 10.0043001174927
423 0 0 0.0324598997831345 10.1042995452881
424 0 0 0.0324620008468628 10.2042999267578
425 0 0 0.0324640013277531 10.3043003082275
426 0 0 0.0324660018086433 10.4042997360229
427 0 0 0.0324678011238575 10.5043001174927
428 0 0 0.0324696004390717 10.6042995452881
429 0 0 0.0324713997542858 10.7042999267578
430 0 0 0.0324730984866619 10.8043003082275
431 0 0 0.0324747003614902 10.9042997360229
432 0 0 0.0324762985110283 11.0043001174927
433 0 0 0.0324777998030186 11.1042995452881
434 0 0 0.0324793010950089 11.2042999267578
435 0 0 0.0324807986617088 11.3043003082275
436 0 0 0.032482098788023 11.4041996002197
437 0 0 0.0324834994971752 11.5041999816895
438 0 0 0.0324847996234894 11.6042003631592
439 0 0 0.0324859991669655 11.7041997909546
440 0 0 0.0324872992932796 11.8042001724243
441 0 0 0.0324884988367558 11.9041996002197
442 0 0 0.0324896015226841 12.0041999816895
443 0 0 0.0324907004833221 12.1042003631592
444 0 0 0.0324917994439602 12.2041997909546
445 0 0 0.0324928015470505 12.3042001724243
446 0 0 0.0324939005076885 12.4041996002197
447 0 0 0.0324947983026505 12.5041999816895
448 0 0 0.0324958004057407 12.6042003631592
449 0 0 0.0324966982007027 12.7041997909546
450 10 24 0.032497700303793 12.8042001724243
451 0 0 0.0324985012412071 12.9041996002197
452 0 0 0.0324993990361691 13.0041999816895
453 0 0 0.0325001999735832 13.1042003631592
454 0 0 0.0325010009109974 13.2041997909546
455 0 0 0.0325018018484116 13.3042001724243
456 0 0 0.0325025990605354 13.4041996002197
457 0 0 0.0325033999979496 13.5041999816895
458 0 0 0.0325041003525257 13.6042003631592
459 0 0 0.0325048007071018 13.7041997909546
460 0 0 0.0325055010616779 13.8042001724243
461 0 0 0.032506201416254 13.9041996002197
462 0 0 0.0325068011879921 14.0041999816895
463 0 0 0.0325075015425682 14.1042003631592
464 0 0 0.0325081013143063 14.2041997909546
465 0 0 0.0325087010860443 14.3042001724243
466 0 0 0.0325093008577824 14.4041996002197
467 0 0 0.0325099006295204 14.5041999816895
468 0 0 0.0325105004012585 14.6042003631592
469 0 0 0.0325109995901585 14.7041997909546
470 0 0 0.0325115993618965 14.8042001724243
471 0 0 0.0325120985507965 14.9041996002197
472 0 0 0.0325126014649868 15.0041999816895
473 0 0 0.0325131006538868 15.1042003631592
474 0 0 0.0325135998427868 15.2041997909546
475 0 0 0.0325140990316868 15.3042001724243
476 0 0 0.0325145982205868 15.4041996002197
477 0 0 0.032515000551939 15.5041999816895
478 0 0 0.032515499740839 15.6042003631592
479 0 0 0.0325158983469009 15.7041997909546
480 0 0 0.0325163006782532 15.8042001724243
481 0 0 0.0325167998671532 15.9041996002197
482 0 0 0.0325171984732151 16.0041999816895
483 0 0 0.0325176008045673 16.1042003631592
484 0 0 0.0325179994106293 16.2042007446289
485 0 0 0.0325184017419815 16.30419921875
486 0 0 0.0325188003480434 16.4041996002197
487 0 0 0.0325190983712673 16.5041999816895
488 0 0 0.0325195007026196 16.6042003631592
489 0 0 0.0325197987258434 16.7042007446289
490 0 0 0.0325202010571957 16.80419921875
491 0 0 0.0325204990804195 16.9041996002197
492 0 0 0.0325209014117718 17.0041999816895
493 0 0 0.0325211994349957 17.1042003631592
494 0 0 0.0325215011835098 17.2042007446289
495 0 0 0.0325217992067337 17.30419921875
496 0 0 0.0325222015380859 17.4041996002197
497 0 0 0.0325224995613098 17.5041999816895
498 0 0 0.032522801309824 17.6042003631592
499 0 0 0.0325229987502098 17.7042007446289
500 11 24 0.032523300498724 17.80419921875
501 0 0 0.0325235985219479 17.9041996002197
502 0 0 0.032523900270462 18.0041999816895
503 0 0 0.0325241982936859 18.1042003631592
504 0 0 0.032524399459362 18.2042007446289
505 0 0 0.0325247012078762 18.30419921875
506 0 0 0.0325249992311001 18.4041996002197
507 0 0 0.0325252003967762 18.5041999816895
508 0 0 0.0325254984200001 18.6042003631592
509 0 0 0.0325256995856762 18.7042007446289
510 0 0 0.0325259007513523 18.80419921875
511 0 0 0.0325261987745762 18.9041996002197
512 0 0 0.0325263999402523 19.0041999816895
513 0 0 0.0325266011059284 19.1042003631592
514 0 0 0.0325268991291523 19.2042007446289
515 0 0 0.0325271002948284 19.30419921875
516 0 0 0.0325273014605045 19.4041996002197
517 0 0 0.0325274989008904 19.5041999816895
518 0 0 0.0325277000665665 19.6042003631592
519 0 0 0.0325279012322426 19.7042007446289
520 0 0 0.0325280986726284 19.80419921875
521 0 0 0.0325282998383045 19.9041996002197
522 0 0 0.0325285010039806 20.0041999816895
523 0 0 0.0325286984443665 20.1042003631592
524 0 0 0.0325288996100426 20.2042007446289
525 0 0 0.0325291007757187 20.30419921875
526 0 0 0.0325292013585567 20.4041996002197
527 0 0 0.0325293987989426 20.5041999816895
528 0 0 0.0325295999646187 20.6042003631592
529 0 0 0.0325298011302948 20.7042007446289
530 0 0 0.0325299017131329 20.80419921875
531 0 0 0.0325300991535187 20.9041996002197
532 0 0 0.0325303003191948 21.0041999816895
533 0 0 0.0325304009020329 21.1042003631592
534 0 0 0.0325305983424187 21.2042007446289
535 0 0 0.0325307995080948 21.30419921875
536 0 0 0.0325309000909328 21.4041996002197
537 0 0 0.032531101256609 21.5041999816895
538 0 0 0.032531201839447 21.6042003631592
539 0 0 0.0325313992798328 21.7042007446289
540 0 0 0.0325314998626709 21.80419921875
541 0 0 0.032531701028347 21.9041996002197
542 0 0 0.0325318016111851 22.0041999816895
543 0 0 0.0325318984687328 22.1042003631592
544 0 0 0.032532099634409 22.2042007446289
545 0 0 0.032532200217247 22.30419921875
546 0 0 0.0325324013829231 22.4041996002197
547 0 0 0.0325324982404709 22.5041999816895
548 0 0 0.0325325988233089 22.6042003631592
549 0 0 0.032532699406147 22.7042007446289
550 12 24 0.0325329005718231 22.80419921875
551 0 0 0.0325330011546612 22.9041996002197
552 0 0 0.0325331017374992 23.0041999816895
553 0 0 0.032533198595047 23.1042003631592
554 0 0 0.0325333997607231 23.2042007446289
555 0 0 0.0325335003435612 23.30419921875
556 0 0 0.0325336009263992 23.4041996002197
557 0 0 0.0325337015092373 23.5041999816895
558 0 0 0.032533798366785 23.6042003631592
559 0 0 0.0325338989496231 23.7042007446289
560 0 0 0.0325339995324612 23.80419921875
561 0 0 0.0325342006981373 23.9041996002197
562 0 0 0.0325343012809753 24.0041999816895
563 0 0 0.0325343981385231 24.1042003631592
564 0 0 0.0325344987213612 24.2042007446289
565 0 0 0.0325345993041992 24.30419921875
566 0 0 0.0325346998870373 24.4041996002197
567 0 0 0.0325348004698753 24.5041999816895
568 0 0 0.0325349010527134 24.6042003631592
569 0 0 0.0325350016355515 24.7042007446289
570 0 0 0.0325350984930992 24.80419921875
571 0 0 0.0325351990759373 24.9041996002197
572 0 0 0.0325352996587753 25.0041999816895
573 0 0 0.0325354002416134 25.1042003631592
574 0 0 0.0325354002416134 25.2042007446289
575 0 0 0.0325355008244514 25.30419921875
576 0 0 0.0325356014072895 25.4041996002197
577 0 0 0.0325356982648373 25.5041999816895
578 0 0 0.0325357988476753 25.6042003631592
579 0 0 0.0325358994305134 25.7042007446289
580 0 0 0.0325360000133514 25.80419921875
581 0 0 0.0325361005961895 25.9041996002197
582 0 0 0.0325361005961895 26.0041999816895
583 0 0 0.0325362011790276 26.1042003631592
584 0 0 0.0325363017618656 26.2042007446289
585 0 0 0.0325363986194134 26.30419921875
586 0 0 0.0325364992022514 26.4041996002197
587 0 0 0.0325364992022514 26.5041999816895
588 0 0 0.0325365997850895 26.6042003631592
589 0 0 0.0325367003679276 26.7042007446289
590 0 0 0.0325368009507656 26.80419921875
591 0 0 0.0325368009507656 26.9041996002197
592 0 0 0.0325369015336037 27.0041999816895
593 0 0 0.0325369983911514 27.1042003631592
594 0 0 0.0325370989739895 27.2042007446289
595 0 0 0.0325370989739895 27.30419921875
596 0 0 0.0325371995568275 27.4041996002197
597 0 0 0.0325373001396656 27.5041999816895
598 0 0 0.0325373001396656 27.6042003631592
599 0 0 0.0325374007225037 27.7042007446289
600 13 24 0.0325375013053417 27.80419921875
601 0 0 0.0325375013053417 27.9041996002197
602 0 0 0.0325375981628895 28.0041999816895
603 0 0 0.0325376987457275 28.1042003631592
604 0 0 0.0325376987457275 28.2042007446289
605 0 0 0.0325377993285656 28.30419921875
606 0 0 0.0325378999114037 28.4041996002197
607 0 0 0.0325378999114037 28.5041999816895
608 0 0 0.0325380004942417 28.6042003631592
609 0 0 0.0325380004942417 28.7042007446289
610 0 0 0.0325381010770798 28.80419921875
611 0 0 0.0325382016599178 28.9041996002197
612 0 0 0.0325382016599178 29.0041999816895
613 0 0 0.0325382985174656 29.1042003631592
614 0 0 0.0325382985174656 29.2042007446289
615 0 0 0.0325383991003036 29.30419921875
616 0 0 0.0325383991003036 29.4041996002197
617 0 0 0.0325384996831417 29.5041999816895
618 0 0 0.0325386002659798 29.6042003631592
619 0 0 0.0325386002659798 29.7042007446289
620 0 0 0.0325387008488178 29.80419921875
621 0 0 0.0325387008488178 29.9041996002197
622 0 0 0.0325388014316559 30.0041999816895
623 0 0 0.0325388014316559 30.1042003631592
624 0 0 0.0325388982892036 30.2042007446289
625 0 0 0.0325388982892036 30.30419921875
626 0 0 0.0325389988720417 30.4041996002197
627 0 0 0.0325389988720417 30.5041999816895
628 0 0 0.0325390994548798 30.6042003631592
629 0 0 0.0325390994548798 30.7042007446289
630 0 0 0.0325392000377178 30.80419921875
631 0 0 0.0325392000377178 30.9041996002197
632 0 0 0.0325393006205559 31.0041999816895
633 0 0 0.0325393006205559 31.1042003631592
634 0 0 0.0325394012033939 31.2042007446289
635 0 0 0.0325394012033939 31.30419921875
636 0 0 0.0325394012033939 31.4041996002197
637 0 0 0.032539501786232 31.5041999816895
638 0 0 0.032539501786232 31.6042003631592
639 0 0 0.0325395986437798 31.7042007446289
640 0 0 0.0325395986437798 31.80419921875
641 0 0 0.0325396992266178 31.9041996002197
642 0 0 0.0325396992266178 32.0041999816895
643 0 0 0.0325397998094559 32.1041984558105
644 0 0 0.0325397998094559 32.2042007446289
645 0 0 0.0325397998094559 32.30419921875
646 0 0 0.0325399003922939 32.4042015075684
647 0 0 0.0325399003922939 32.5041999816895
648 0 0 0.032540000975132 32.6041984558105
649 0 0 0.032540000975132 32.7042007446289
650 14 24 0.032540000975132 32.80419921875
651 0 0 0.03254010155797 32.9042015075684
652 0 0 0.03254010155797 33.0041999816895
653 0 0 0.0325401984155178 33.1041984558105
654 0 0 0.0325401984155178 33.2042007446289
655 0 0 0.0325401984155178 33.30419921875
656 0 0 0.0325402989983559 33.4042015075684
657 0 0 0.0325402989983559 33.5041999816895
658 0 0 0.0325402989983559 33.6041984558105
659 0 0 0.0325403995811939 33.7042007446289
660 0 0 0.0325403995811939 33.80419921875
661 0 0 0.032540500164032 33.9042015075684
662 0 0 0.032540500164032 34.0041999816895
663 0 0 0.032540500164032 34.1041984558105
664 0 0 0.03254060074687 34.2042007446289
665 0 0 0.03254060074687 34.30419921875
666 0 0 0.03254060074687 34.4042015075684
667 0 0 0.0325407013297081 34.5041999816895
668 0 0 0.0325407013297081 34.6041984558105
669 0 0 0.0325407013297081 34.7042007446289
670 0 0 0.0325407981872559 34.80419921875
671 0 0 0.0325407981872559 34.9042015075684
672 0 0 0.0325407981872559 35.0041999816895
673 0 0 0.0325408987700939 35.1041984558105
674 0 0 0.0325408987700939 35.2042007446289
675 0 0 0.0325408987700939 35.30419921875
676 0 0 0.032540999352932 35.4042015075684
677 0 0 0.032540999352932 35.5041999816895
678 0 0 0.032540999352932 35.6041984558105
679 0 0 0.032540999352932 35.7042007446289
680 0 0 0.03254109993577 35.80419921875
681 0 0 0.03254109993577 35.9042015075684
682 0 0 0.03254109993577 36.0041999816895
683 0 0 0.0325412005186081 36.1041984558105
684 0 0 0.0325412005186081 36.2042007446289
685 0 0 0.0325412005186081 36.30419921875
686 0 0 0.0325412005186081 36.4042015075684
687 0 0 0.0325413011014462 36.5041999816895
688 0 0 0.0325413011014462 36.6041984558105
689 0 0 0.0325413011014462 36.7042007446289
690 0 0 0.0325414016842842 36.80419921875
691 0 0 0.0325414016842842 36.9042015075684
692 0 0 0.0325414016842842 37.0041999816895
693 0 0 0.0325414016842842 37.1041984558105
694 0 0 0.032541498541832 37.2042007446289
695 0 0 0.032541498541832 37.30419921875
696 0 0 0.032541498541832 37.4042015075684
697 0 0 0.032541498541832 37.5041999816895
698 0 0 0.03254159912467 37.6041984558105
699 0 0 0.03254159912467 37.7042007446289
700 15 24 0.03254159912467 37.80419921875
701 0 0 0.0325416997075081 37.9042015075684
702 0 0 0.0325416997075081 38.0041999816895
703 0 0 0.0325416997075081 38.1041984558105
704 0 0 0.0325416997075081 38.2042007446289
705 0 0 0.0325416997075081 38.30419921875
706 0 0 0.0325418002903461 38.4042015075684
707 0 0 0.0325418002903461 38.5041999816895
708 0 0 0.0325418002903461 38.6041984558105
709 0 0 0.0325418002903461 38.7042007446289
710 0 0 0.0325419008731842 38.80419921875
711 0 0 0.0325419008731842 38.9042015075684
712 0 0 0.0325419008731842 39.0041999816895
713 0 0 0.0325419008731842 39.1041984558105
714 0 0 0.0325420014560223 39.2042007446289
715 0 0 0.0325420014560223 39.30419921875
716 0 0 0.0325420014560223 39.4042015075684
717 0 0 0.0325420014560223 39.5041999816895
718 0 0 0.03254209831357 39.6041984558105
719 0 0 0.03254209831357 39.7042007446289
720 0 0 0.03254209831357 39.80419921875
721 0 0 0.03254209831357 39.9042015075684
722 0 0 0.03254209831357 40.0041999816895
723 0 0 0.0325421988964081 40.1041984558105
724 0 0 0.0325421988964081 40.2042007446289
725 0 0 0.0325421988964081 40.30419921875
726 0 0 0.0325421988964081 40.4042015075684
727 0 0 0.0325421988964081 40.5041999816895
728 0 0 0.0325422994792461 40.6041984558105
729 0 0 0.0325422994792461 40.7042007446289
730 0 0 0.0325422994792461 40.80419921875
731 0 0 0.0325422994792461 40.9042015075684
732 0 0 0.0325422994792461 41.0041999816895
733 0 0 0.0325424000620842 41.1041984558105
734 0 0 0.0325424000620842 41.2042007446289
735 0 0 0.0325424000620842 41.30419921875
736 0 0 0.0325424000620842 41.4042015075684
737 0 0 0.0325424000620842 41.5041999816895
738 0 0 0.0325425006449223 41.6041984558105
739 0 0 0.0325425006449223 41.7042007446289
740 0 0 0.0325425006449223 41.80419921875
741 0 0 0.0325425006449223 41.9042015075684
742 0 0 0.0325425006449223 42.0041999816895
743 0 0 0.0325426012277603 42.1041984558105
744 0 0 0.0325426012277603 42.2042007446289
745 0 0 0.0325426012277603 42.30419921875
746 0 0 0.0325426012277603 42.4042015075684
747 0 0 0.0325426012277603 42.5041999816895
748 0 0 0.0325426012277603 42.6041984558105
749 0 0 0.0325427018105984 42.7042007446289
750 16 24 0.0325427018105984 42.80419921875
751 0 0 0.0325427018105984 42.9042015075684
752 0 0 0.0325427018105984 43.0041999816895
753 0 0 0.0325427018105984 43.1041984558105
754 0 0 0.0325427018105984 43.2042007446289
755 0 0 0.0325427986681461 43.30419921875
756 0 0 0.0325427986681461 43.4042015075684
757 0 0 0.0325427986681461 43.5041999816895
758 0 0 0.0325427986681461 43.6041984558105
759 0 0 0.0325427986681461 43.7042007446289
760 0 0 0.0325427986681461 43.80419921875
761 0 0 0.0325428992509842 43.9042015075684
762 0 0 0.0325428992509842 44.0041999816895
763 0 0 0.0325428992509842 44.1041984558105
764 0 0 0.0325428992509842 44.2042007446289
765 0 0 0.0325428992509842 44.30419921875
766 0 0 0.0325428992509842 44.4042015075684
767 0 0 0.0325429998338223 44.5041999816895
768 0 0 0.0325429998338223 44.6041984558105
769 0 0 0.0325429998338223 44.7042007446289
770 0 0 0.0325429998338223 44.80419921875
771 0 0 0.0325429998338223 44.9042015075684
772 0 0 0.0325429998338223 45.0041999816895
773 0 0 0.0325429998338223 45.1041984558105
774 0 0 0.0325431004166603 45.2042007446289
775 0 0 0.0325431004166603 45.30419921875
776 0 0 0.0325431004166603 45.4042015075684
777 0 0 0.0325431004166603 45.5041999816895
778 0 0 0.0325431004166603 45.6041984558105
779 0 0 0.0325431004166603 45.7042007446289
780 0 0 0.0325431004166603 45.80419921875
781 0 0 0.0325432009994984 45.9042015075684
782 0 0 0.0325432009994984 46.0041999816895
783 0 0 0.0325432009994984 46.1041984558105
784 0 0 0.0325432009994984 46.2042007446289
785 0 0 0.0325432009994984 46.30419921875
786 0 0 0.0325432009994984 46.4042015075684
787 0 0 0.0325432009994984 46.5041999816895
788 0 0 0.0325433015823364 46.6041984558105
789 0 0 0.0325433015823364 46.7042007446289
790 0 0 0.0325433015823364 46.80419921875
791 0 0 0.0325433015823364 46.9042015075684
792 0 0 0.0325433015823364 47.0041999816895
793 0 0 0.0325433015823364 47.1041984558105
794 0 0 0.0325433015823364 47.2042007446289
795 0 0 0.0325433015823364 47.30419921875
796 0 0 0.0325433984398842 47.4042015075684
797 0 0 0.0325433984398842 47.5041999816895
798 0 0 0.0325433984398842 47.6041984558105
799 0 0 0.0325433984398842 47.7042007446289
800 17 24 0.0325433984398842 47.80419921875
801 0 0 0.0325433984398842 47.9042015075684
802 0 0 0.0325433984398842 48.0041999816895
803 0 0 0.0325433984398842 48.1041984558105
804 0 0 0.0325434990227222 48.2042007446289
805 0 0 0.0325434990227222 48.30419921875
806 0 0 0.0325434990227222 48.4042015075684
807 0 0 0.0325434990227222 48.5041999816895
808 0 0 0.0325434990227222 48.6041984558105
809 0 0 0.0325434990227222 48.7042007446289
810 0 0 0.0325434990227222 48.80419921875
811 0 0 0.0325434990227222 48.9042015075684
812 0 0 0.0325434990227222 49.0041999816895
813 0 0 0.0325435996055603 49.1041984558105
814 0 0 0.0325435996055603 49.2042007446289
815 0 0 0.0325435996055603 49.30419921875
816 0 0 0.0325435996055603 49.4042015075684
817 0 0 0.0325435996055603 49.5041999816895
818 0 0 0.0325435996055603 49.6041984558105
819 0 0 0.0325435996055603 49.7042007446289
820 0 0 0.0325435996055603 49.80419921875
821 0 0 0.0325435996055603 49.9042015075684
822 0 0 0.0325437001883984 50.0041999816895
823 0 0 0.0325437001883984 50.1041984558105
824 0 0 0.0325437001883984 50.2042007446289
825 0 0 0.0325437001883984 50.30419921875
826 0 0 0.0325437001883984 50.4042015075684
827 0 0 0.0325437001883984 50.5041999816895
828 0 0 0.0325437001883984 50.6041984558105
829 0 0 0.0325437001883984 50.7042007446289
830 0 0 0.0325437001883984 50.80419921875
831 0 0 0.0325438007712364 50.9042015075684
832 0 0 0.0325438007712364 51.0041999816895
833 0 0 0.0325438007712364 51.1041984558105
834 0 0 0.0325438007712364 51.2042007446289
835 0 0 0.0325438007712364 51.30419921875
836 0 0 0.0325438007712364 51.4042015075684
837 0 0 0.0325438007712364 51.5041999816895
838 0 0 0.0325438007712364 51.6041984558105
839 0 0 0.0325438007712364 51.7042007446289
840 0 0 0.0325438007712364 51.80419921875
841 0 0 0.0325439013540745 51.9042015075684
842 0 0 0.0325439013540745 52.0041999816895
843 0 0 0.0325439013540745 52.1041984558105
844 0 0 0.0325439013540745 52.2042007446289
845 0 0 0.0325439013540745 52.30419921875
846 0 0 0.0325439013540745 52.4042015075684
847 0 0 0.0325439013540745 52.5041999816895
848 0 0 0.0325439013540745 52.6041984558105
849 0 0 0.0325439013540745 52.7042007446289
850 18 24 0.0325439013540745 52.80419921875
851 0 0 0.0325439013540745 52.9042015075684
852 0 0 0.0325439982116222 53.0041999816895
853 0 0 0.0325439982116222 53.1041984558105
854 0 0 0.0325439982116222 53.2042007446289
855 0 0 0.0325439982116222 53.30419921875
856 0 0 0.0325439982116222 53.4042015075684
857 0 0 0.0325439982116222 53.5041999816895
858 0 0 0.0325439982116222 53.6041984558105
859 0 0 0.0325439982116222 53.7042007446289
860 0 0 0.0325439982116222 53.80419921875
861 0 0 0.0325439982116222 53.9042015075684
862 0 0 0.0325439982116222 54.0041999816895
863 0 0 0.0325440987944603 54.1041984558105
864 0 0 0.0325440987944603 54.2042007446289
865 0 0 0.0325440987944603 54.30419921875
866 0 0 0.0325440987944603 54.4042015075684
867 0 0 0.0325440987944603 54.5041999816895
868 0 0 0.0325440987944603 54.6041984558105
869 0 0 0.0325440987944603 54.7042007446289
870 0 0 0.0325440987944603 54.80419921875
871 0 0 0.0325440987944603 54.9042015075684
872 0 0 0.0325440987944603 55.0041999816895
873 0 0 0.0325440987944603 55.1041984558105
874 0 0 0.0325440987944603 55.2042007446289
875 0 0 0.0325440987944603 55.30419921875
876 0 0 0.0325441993772984 55.4042015075684
877 0 0 0.0325441993772984 55.5041999816895
878 0 0 0.0325441993772984 55.6041984558105
879 0 0 0.0325441993772984 55.7042007446289
880 0 0 0.0325441993772984 55.80419921875
881 0 0 0.0325441993772984 55.9042015075684
882 0 0 0.0325441993772984 56.0041999816895
883 0 0 0.0325441993772984 56.1041984558105
884 0 0 0.0325441993772984 56.2042007446289
885 0 0 0.0325441993772984 56.30419921875
886 0 0 0.0325441993772984 56.4042015075684
887 0 0 0.0325441993772984 56.5041999816895
888 0 0 0.0325441993772984 56.6041984558105
889 0 0 0.0325442999601364 56.7042007446289
890 0 0 0.0325442999601364 56.80419921875
891 0 0 0.0325442999601364 56.9042015075684
892 0 0 0.0325442999601364 57.0041999816895
893 0 0 0.0325442999601364 57.1041984558105
894 0 0 0.0325442999601364 57.2042007446289
895 0 0 0.0325442999601364 57.30419921875
896 0 0 0.0325442999601364 57.4042015075684
897 0 0 0.0325442999601364 57.5041999816895
898 0 0 0.0325442999601364 57.6041984558105
899 0 0 0.0325442999601364 57.7042007446289
900 19 24 0.0325442999601364 57.80419921875
901 0 0 0.0325442999601364 57.9042015075684
902 0 0 0.0325442999601364 58.0041999816895
903 0 0 0.0325444005429745 58.1041984558105
904 0 0 0.0325444005429745 58.2042007446289
905 0 0 0.0325444005429745 58.30419921875
906 0 0 0.0325444005429745 58.4042015075684
907 0 0 0.0325444005429745 58.5041999816895
908 0 0 0.0325444005429745 58.6041984558105
909 0 0 0.0325444005429745 58.7042007446289
910 0 0 0.0325444005429745 58.80419921875
911 0 0 0.0325444005429745 58.9042015075684
912 0 0 0.0325444005429745 59.0041999816895
913 0 0 0.0325444005429745 59.1041984558105
914 0 0 0.0325444005429745 59.2042007446289
915 0 0 0.0325444005429745 59.30419921875
916 0 0 0.0325444005429745 59.4042015075684
917 0 0 0.0325444005429745 59.5041999816895
918 0 0 0.0325445011258125 59.6041984558105
919 0 0 0.0325445011258125 59.7042007446289
920 0 0 0.0325445011258125 59.80419921875
921 0 0 0.0325445011258125 59.9042015075684
922 0 0 0.0325445011258125 60.0041999816895
923 0 0 0.0325445011258125 60.1041984558105
924 0 0 0.0325445011258125 60.2042007446289
925 0 0 0.0325445011258125 60.30419921875
926 0 0 0.0325445011258125 60.4042015075684
927 0 0 0.0325445011258125 60.5041999816895
928 0 0 0.0325445011258125 60.6041984558105
929 0 0 0.0325445011258125 60.7042007446289
930 0 0 0.0325445011258125 60.80419921875
931 0 0 0.0325445011258125 60.9042015075684
932 0 0 0.0325445011258125 61.0041999816895
933 0 0 0.0325445011258125 61.1041984558105
934 0 0 0.0325445011258125 61.2042007446289
935 0 0 0.0325446017086506 61.30419921875
936 0 0 0.0325446017086506 61.4042015075684
937 0 0 0.0325446017086506 61.5041999816895
938 0 0 0.0325446017086506 61.6041984558105
939 0 0 0.0325446017086506 61.7042007446289
940 0 0 0.0325446017086506 61.80419921875
941 0 0 0.0325446017086506 61.9042015075684
942 0 0 0.0325446017086506 62.0041999816895
943 0 0 0.0325446017086506 62.1041984558105
944 0 0 0.0325446017086506 62.2042007446289
945 0 0 0.0325446017086506 62.30419921875
946 0 0 0.0325446017086506 62.4042015075684
947 0 0 0.0325446017086506 62.5041999816895
948 0 0 0.0325446017086506 62.6041984558105
949 0 0 0.0325446017086506 62.7042007446289
950 20 24 0.0325446017086506 62.80419921875
951 0 0 0.0325446017086506 62.9042015075684
952 0 0 0.0325446017086506 63.0041999816895
953 0 0 0.0325446985661983 63.1041984558105
954 0 0 0.0325446985661983 63.2042007446289
955 0 0 0.0325446985661983 63.30419921875
956 0 0 0.0325446985661983 63.4042015075684
957 0 0 0.0325446985661983 63.5041999816895
958 0 0 0.0325446985661983 63.6041984558105
959 0 0 0.0325446985661983 63.7042007446289
960 0 0 0.0325446985661983 63.80419921875
961 0 0 0.0325446985661983 63.9042015075684
962 0 0 0.0325446985661983 64.0042037963867
963 0 0 0.0325446985661983 64.1042022705078
964 0 0 0.0325446985661983 64.2042007446289
965 0 0 0.0325446985661983 64.30419921875
966 0 0 0.0325446985661983 64.4041976928711
967 0 0 0.0325446985661983 64.5042037963867
968 0 0 0.0325446985661983 64.6042022705078
969 0 0 0.0325446985661983 64.7042007446289
970 0 0 0.0325446985661983 64.80419921875
971 0 0 0.0325446985661983 64.9041976928711
972 0 0 0.0325446985661983 65.0042037963867
973 0 0 0.0325447991490364 65.1042022705078
974 0 0 0.0325447991490364 65.2042007446289
975 0 0 0.0325447991490364 65.30419921875
976 0 0 0.0325447991490364 65.4041976928711
977 0 0 0.0325447991490364 65.5042037963867
978 0 0 0.0325447991490364 65.6042022705078
979 0 0 0.0325447991490364 65.7042007446289
980 0 0 0.0325447991490364 65.80419921875
981 0 0 0.0325447991490364 65.9041976928711
982 0 0 0.0325447991490364 66.0042037963867
983 0 0 0.0325447991490364 66.1042022705078
984 0 0 0.0325447991490364 66.2042007446289
985 0 0 0.0325447991490364 66.30419921875
986 0 0 0.0325447991490364 66.4041976928711
987 0 0 0.0325447991490364 66.5042037963867
988 0 0 0.0325447991490364 66.6042022705078
989 0 0 0.0325447991490364 66.7042007446289
990 0 0 0.0325447991490364 66.80419921875
991 0 0 0.0325447991490364 66.9041976928711
992 0 0 0.0325447991490364 67.0042037963867
993 0 0 0.0325447991490364 67.1042022705078
994 0 0 0.0325448997318745 67.2042007446289
995 0 0 0.0325448997318745 67.30419921875
996 0 0 0.0325448997318745 67.4041976928711
997 0 0 0.0325448997318745 67.5042037963867
998 0 0 0.0325448997318745 67.6042022705078
999 0 0 0.0325448997318745 67.7042007446289
1000 21 29 0.0325448997318745 67.80419921875
