1000 27 29 0.00557741010561585 75.9909973144531
999 0 0 0.00557741010561585 75.890998840332
998 0 0 0.00557741010561585 75.7910003662109
997 0 0 0.00557741010561585 75.6910018920898
996 0 0 0.00557741010561585 75.5910034179688
995 0 0 0.00557741010561585 75.4909973144531
994 0 0 0.00557741010561585 75.390998840332
993 0 0 0.00557741010561585 75.2910003662109
992 0 0 0.00557741010561585 75.1910018920898
991 0 0 0.00557741010561585 75.0910034179688
990 0 0 0.00557741010561585 74.9909973144531
989 0 0 0.00557741010561585 74.890998840332
988 0 0 0.00557741010561585 74.7910003662109
987 0 0 0.00557741010561585 74.6910018920898
986 0 0 0.00557741010561585 74.5910034179688
985 0 0 0.00557741010561585 74.4909973144531
984 0 0 0.00557741010561585 74.390998840332
983 0 0 0.00557741010561585 74.2910003662109
982 0 0 0.00557741010561585 74.1910018920898
981 0 0 0.00557741010561585 74.0910034179688
980 0 0 0.00557739986106753 73.9909973144531
979 0 0 0.00557739986106753 73.890998840332
978 0 0 0.00557739986106753 73.7910003662109
977 0 0 0.00557739986106753 73.6910018920898
976 0 0 0.00557739986106753 73.5910034179688
975 0 0 0.00557739986106753 73.4909973144531
974 0 0 0.00557739986106753 73.390998840332
973 0 0 0.00557739986106753 73.2910003662109
972 0 0 0.00557739986106753 73.1910018920898
971 0 0 0.00557739986106753 73.0910034179688
970 0 0 0.00557739986106753 72.9909973144531
969 0 0 0.00557739986106753 72.890998840332
968 0 0 0.00557739986106753 72.7910003662109
967 0 0 0.00557739986106753 72.6910018920898
966 0 0 0.00557739986106753 72.5910034179688
965 0 0 0.00557739986106753 72.4909973144531
964 0 0 0.00557739986106753 72.390998840332
963 0 0 0.00557739986106753 72.2910003662109
962 0 0 0.00557739986106753 72.1910018920898
961 0 0 0.00557739986106753 72.0910034179688
960 0 0 0.00557739986106753 71.9909973144531
959 0 0 0.00557739986106753 71.890998840332
958 0 0 0.00557739986106753 71.7910003662109
957 0 0 0.00557739986106753 71.6910018920898
956 0 0 0.0055773900821805 71.5910034179688
955 0 0 0.0055773900821805 71.4909973144531
954 0 0 0.0055773900821805 71.390998840332
953 0 0 0.0055773900821805 71.2910003662109
952 0 0 0.0055773900821805 71.1910018920898
951 0 0 0.0055773900821805 71.0910034179688
950 26 24 0.0055773900821805 70.9909973144531
949 0 0 0.0055773900821805 70.890998840332
948 0 0 0.0055773900821805 70.7910003662109
947 0 0 0.0055773900821805 70.6910018920898
946 0 0 0.0055773900821805 70.5910034179688
945 0 0 0.0055773900821805 70.4909973144531
944 0 0 0.0055773900821805 70.390998840332
943 0 0 0.0055773900821805 70.2910003662109
942 0 0 0.0055773900821805 70.1910018920898
941 0 0 0.0055773900821805 70.0910034179688
940 0 0 0.0055773900821805 69.9909973144531
939 0 0 0.0055773900821805 69.890998840332
938 0 0 0.0055773900821805 69.7910003662109
937 0 0 0.0055773900821805 69.6910018920898
936 0 0 0.0055773900821805 69.5910034179688
935 0 0 0.00557737983763218 69.4909973144531
934 0 0 0.00557737983763218 69.390998840332
933 0 0 0.00557737983763218 69.2910003662109
932 0 0 0.00557737983763218 69.1910018920898
931 0 0 0.00557737983763218 69.0910034179688
930 0 0 0.00557737983763218 68.9909973144531
929 0 0 0.00557737983763218 68.890998840332
928 0 0 0.00557737983763218 68.7910003662109
927 0 0 0.00557737983763218 68.6910018920898
926 0 0 0.00557737983763218 68.5910034179688
925 0 0 0.00557737983763218 68.4909973144531
924 0 0 0.00557737983763218 68.390998840332
923 0 0 0.00557737983763218 68.2910003662109
922 0 0 0.00557737983763218 68.1910018920898
921 0 0 0.00557737983763218 68.0910034179688
920 0 0 0.00557737983763218 67.9909973144531
919 0 0 0.00557737983763218 67.890998840332
918 0 0 0.00557737983763218 67.7910003662109
917 0 0 0.00557737983763218 67.6910018920898
916 0 0 0.00557737983763218 67.5910034179688
915 0 0 0.00557737005874515 67.4909973144531
914 0 0 0.00557737005874515 67.390998840332
913 0 0 0.00557737005874515 67.2910003662109
912 0 0 0.00557737005874515 67.1910018920898
911 0 0 0.00557737005874515 67.0910034179688
910 0 0 0.00557737005874515 66.9909973144531
909 0 0 0.00557737005874515 66.890998840332
908 0 0 0.00557737005874515 66.7910003662109
907 0 0 0.00557737005874515 66.6910018920898
906 0 0 0.00557737005874515 66.5910034179688
905 0 0 0.00557737005874515 66.4909973144531
904 0 0 0.00557737005874515 66.390998840332
903 0 0 0.00557737005874515 66.2910003662109
902 0 0 0.00557737005874515 66.1910018920898
901 0 0 0.00557737005874515 66.0910034179688
900 25 24 0.00557737005874515 65.9909973144531
899 0 0 0.00557737005874515 65.890998840332
898 0 0 0.00557737005874515 65.7910003662109
897 0 0 0.00557735981419683 65.6910018920898
896 0 0 0.00557735981419683 65.5910034179688
895 0 0 0.00557735981419683 65.4909973144531
894 0 0 0.00557735981419683 65.390998840332
893 0 0 0.00557735981419683 65.2910003662109
892 0 0 0.00557735981419683 65.1910018920898
891 0 0 0.00557735981419683 65.0910034179688
890 0 0 0.00557735981419683 64.9909973144531
889 0 0 0.00557735981419683 64.890998840332
888 0 0 0.00557735981419683 64.7910003662109
887 0 0 0.00557735981419683 64.6910018920898
886 0 0 0.00557735981419683 64.5910034179688
885 0 0 0.00557735981419683 64.4909973144531
884 0 0 0.00557735981419683 64.390998840332
883 0 0 0.00557735981419683 64.2910003662109
882 0 0 0.00557735981419683 64.1910018920898
881 0 0 0.00557735981419683 64.0910034179688
880 0 0 0.00557735003530979 63.9910011291504
879 0 0 0.00557735003530979 63.890998840332
878 0 0 0.00557735003530979 63.7910003662109
877 0 0 0.00557735003530979 63.6910018920898
876 0 0 0.00557735003530979 63.5909996032715
875 0 0 0.00557735003530979 63.4910011291504
874 0 0 0.00557735003530979 63.390998840332
873 0 0 0.00557735003530979 63.2910003662109
872 0 0 0.00557735003530979 63.1910018920898
871 0 0 0.00557735003530979 63.0909996032715
870 0 0 0.00557735003530979 62.9910011291504
869 0 0 0.00557735003530979 62.890998840332
868 0 0 0.00557735003530979 62.7910003662109
867 0 0 0.00557735003530979 62.6910018920898
866 0 0 0.00557735003530979 62.5909996032715
865 0 0 0.00557733979076147 62.4910011291504
864 0 0 0.00557733979076147 62.390998840332
863 0 0 0.00557733979076147 62.2910003662109
862 0 0 0.00557733979076147 62.1910018920898
861 0 0 0.00557733979076147 62.0909996032715
860 0 0 0.00557733979076147 61.9910011291504
859 0 0 0.00557733979076147 61.890998840332
858 0 0 0.00557733979076147 61.7910003662109
857 0 0 0.00557733979076147 61.6910018920898
856 0 0 0.00557733979076147 61.5909996032715
855 0 0 0.00557733979076147 61.4910011291504
854 0 0 0.00557733979076147 61.390998840332
853 0 0 0.00557733979076147 61.2910003662109
852 0 0 0.00557733979076147 61.1910018920898
851 0 0 0.00557733979076147 61.0909996032715
850 24 24 0.00557733001187444 60.9910011291504
849 0 0 0.00557733001187444 60.890998840332
848 0 0 0.00557733001187444 60.7910003662109
847 0 0 0.00557733001187444 60.6910018920898
846 0 0 0.00557733001187444 60.5909996032715
845 0 0 0.00557733001187444 60.4910011291504
844 0 0 0.00557733001187444 60.390998840332
843 0 0 0.00557733001187444 60.2910003662109
842 0 0 0.00557733001187444 60.1910018920898
841 0 0 0.00557733001187444 60.0909996032715
840 0 0 0.00557733001187444 59.9910011291504
839 0 0 0.00557733001187444 59.890998840332
838 0 0 0.00557733001187444 59.7910003662109
837 0 0 0.00557731976732612 59.6910018920898
836 0 0 0.00557731976732612 59.5909996032715
835 0 0 0.00557731976732612 59.4910011291504
834 0 0 0.00557731976732612 59.390998840332
833 0 0 0.00557731976732612 59.2910003662109
832 0 0 0.00557731976732612 59.1910018920898
831 0 0 0.00557731976732612 59.0909996032715
830 0 0 0.00557731976732612 58.9910011291504
829 0 0 0.00557731976732612 58.890998840332
828 0 0 0.00557731976732612 58.7910003662109
827 0 0 0.00557731976732612 58.6910018920898
826 0 0 0.00557731976732612 58.5909996032715
825 0 0 0.00557731976732612 58.4910011291504
824 0 0 0.00557730998843908 58.390998840332
823 0 0 0.00557730998843908 58.2910003662109
822 0 0 0.00557730998843908 58.1910018920898
821 0 0 0.00557730998843908 58.0909996032715
820 0 0 0.00557730998843908 57.9910011291504
819 0 0 0.00557730998843908 57.890998840332
818 0 0 0.00557730998843908 57.7910003662109
817 0 0 0.00557730998843908 57.6910018920898
816 0 0 0.00557730998843908 57.5909996032715
815 0 0 0.00557730998843908 57.4910011291504
814 0 0 0.00557730998843908 57.390998840332
813 0 0 0.00557730020955205 57.2910003662109
812 0 0 0.00557730020955205 57.1910018920898
811 0 0 0.00557730020955205 57.0909996032715
810 0 0 0.00557730020955205 56.9910011291504
809 0 0 0.00557730020955205 56.890998840332
808 0 0 0.00557730020955205 56.7910003662109
807 0 0 0.00557730020955205 56.6910018920898
806 0 0 0.00557730020955205 56.5909996032715
805 0 0 0.00557730020955205 56.4910011291504
804 0 0 0.00557730020955205 56.390998840332
803 0 0 0.00557730020955205 56.2910003662109
802 0 0 0.00557730020955205 56.1910018920898
801 0 0 0.00557728996500373 56.0909996032715
800 23 24 0.00557728996500373 55.9910011291504
799 0 0 0.00557728996500373 55.890998840332
798 0 0 0.00557728996500373 55.7910003662109
797 0 0 0.00557728996500373 55.6910018920898
796 0 0 0.00557728996500373 55.5909996032715
795 0 0 0.00557728996500373 55.4910011291504
794 0 0 0.00557728996500373 55.390998840332
793 0 0 0.00557728996500373 55.2910003662109
792 0 0 0.00557728996500373 55.1910018920898
791 0 0 0.0055772801861167 55.0909996032715
790 0 0 0.0055772801861167 54.9910011291504
789 0 0 0.0055772801861167 54.890998840332
788 0 0 0.0055772801861167 54.7910003662109
787 0 0 0.0055772801861167 54.6910018920898
786 0 0 0.0055772801861167 54.5909996032715
785 0 0 0.0055772801861167 54.4910011291504
784 0 0 0.0055772801861167 54.390998840332
783 0 0 0.0055772801861167 54.2910003662109
782 0 0 0.0055772801861167 54.1910018920898
781 0 0 0.00557726994156837 54.0909996032715
780 0 0 0.00557726994156837 53.9910011291504
779 0 0 0.00557726994156837 53.890998840332
778 0 0 0.00557726994156837 53.7910003662109
777 0 0 0.00557726994156837 53.6910018920898
776 0 0 0.00557726994156837 53.5909996032715
775 0 0 0.00557726994156837 53.4910011291504
774 0 0 0.00557726994156837 53.390998840332
773 0 0 0.00557726994156837 53.2910003662109
772 0 0 0.00557726994156837 53.1910018920898
771 0 0 0.00557726016268134 53.0909996032715
770 0 0 0.00557726016268134 52.9910011291504
769 0 0 0.00557726016268134 52.890998840332
768 0 0 0.00557726016268134 52.7910003662109
767 0 0 0.00557726016268134 52.6910018920898
766 0 0 0.00557726016268134 52.5909996032715
765 0 0 0.00557726016268134 52.4910011291504
764 0 0 0.00557726016268134 52.390998840332
763 0 0 0.00557726016268134 52.2910003662109
762 0 0 0.00557724991813302 52.1910018920898
761 0 0 0.00557724991813302 52.0909996032715
760 0 0 0.00557724991813302 51.9910011291504
759 0 0 0.00557724991813302 51.890998840332
758 0 0 0.00557724991813302 51.7910003662109
757 0 0 0.00557724991813302 51.6910018920898
756 0 0 0.00557724991813302 51.5909996032715
755 0 0 0.00557724991813302 51.4910011291504
754 0 0 0.00557724013924599 51.390998840332
753 0 0 0.00557724013924599 51.2910003662109
752 0 0 0.00557724013924599 51.1910018920898
751 0 0 0.00557724013924599 51.0909996032715
750 22 24 0.00557724013924599 50.9910011291504
749 0 0 0.00557724013924599 50.890998840332
748 0 0 0.00557724013924599 50.7910003662109
747 0 0 0.00557724013924599 50.6910018920898
746 0 0 0.00557722989469767 50.5909996032715
745 0 0 0.00557722989469767 50.4910011291504
744 0 0 0.00557722989469767 50.390998840332
743 0 0 0.00557722989469767 50.2910003662109
742 0 0 0.00557722989469767 50.1910018920898
741 0 0 0.00557722989469767 50.0909996032715
740 0 0 0.00557722989469767 49.9910011291504
739 0 0 0.00557722989469767 49.890998840332
738 0 0 0.00557722011581063 49.7910003662109
737 0 0 0.00557722011581063 49.6910018920898
736 0 0 0.00557722011581063 49.5909996032715
735 0 0 0.00557722011581063 49.4910011291504
734 0 0 0.00557722011581063 49.390998840332
733 0 0 0.00557722011581063 49.2910003662109
732 0 0 0.00557722011581063 49.1910018920898
731 0 0 0.00557720987126231 49.0909996032715
730 0 0 0.00557720987126231 48.9910011291504
729 0 0 0.00557720987126231 48.890998840332
728 0 0 0.00557720987126231 48.7910003662109
727 0 0 0.00557720987126231 48.6910018920898
726 0 0 0.00557720987126231 48.5909996032715
725 0 0 0.00557720987126231 48.4910011291504
724 0 0 0.00557720009237528 48.390998840332
723 0 0 0.00557720009237528 48.2910003662109
722 0 0 0.00557720009237528 48.1910018920898
721 0 0 0.00557720009237528 48.0909996032715
720 0 0 0.00557720009237528 47.9910011291504
719 0 0 0.00557720009237528 47.890998840332
718 0 0 0.00557720009237528 47.7910003662109
717 0 0 0.00557718984782696 47.6910018920898
716 0 0 0.00557718984782696 47.5909996032715
715 0 0 0.00557718984782696 47.4910011291504
714 0 0 0.00557718984782696 47.390998840332
713 0 0 0.00557718984782696 47.2910003662109
712 0 0 0.00557718984782696 47.1910018920898
711 0 0 0.00557718984782696 47.0909996032715
710 0 0 0.00557718006893992 46.9910011291504
709 0 0 0.00557718006893992 46.890998840332
708 0 0 0.00557718006893992 46.7910003662109
707 0 0 0.00557718006893992 46.6910018920898
706 0 0 0.00557718006893992 46.5909996032715
705 0 0 0.00557718006893992 46.4910011291504
704 0 0 0.0055771698243916 46.390998840332
703 0 0 0.0055771698243916 46.2910003662109
702 0 0 0.0055771698243916 46.1910018920898
701 0 0 0.0055771698243916 46.0909996032715
700 21 24 0.0055771698243916 45.9910011291504
699 0 0 0.0055771698243916 45.890998840332
698 0 0 0.00557716004550457 45.7910003662109
697 0 0 0.00557716004550457 45.6910018920898
696 0 0 0.00557716004550457 45.5909996032715
695 0 0 0.00557716004550457 45.4910011291504
694 0 0 0.00557716004550457 45.390998840332
693 0 0 0.00557716004550457 45.2910003662109
692 0 0 0.00557714980095625 45.1910018920898
691 0 0 0.00557714980095625 45.0909996032715
690 0 0 0.00557714980095625 44.9910011291504
689 0 0 0.00557714980095625 44.890998840332
688 0 0 0.00557714980095625 44.7910003662109
687 0 0 0.00557714002206922 44.6910018920898
686 0 0 0.00557714002206922 44.5909996032715
685 0 0 0.00557714002206922 44.4910011291504
684 0 0 0.00557714002206922 44.390998840332
683 0 0 0.00557714002206922 44.2910003662109
682 0 0 0.00557714002206922 44.1910018920898
681 0 0 0.0055771297775209 44.0909996032715
680 0 0 0.0055771297775209 43.9910011291504
679 0 0 0.0055771297775209 43.890998840332
678 0 0 0.0055771297775209 43.7910003662109
677 0 0 0.0055771297775209 43.6910018920898
676 0 0 0.00557711999863386 43.5909996032715
675 0 0 0.00557711999863386 43.4910011291504
674 0 0 0.00557711999863386 43.390998840332
673 0 0 0.00557711999863386 43.2910003662109
672 0 0 0.00557711999863386 43.1910018920898
671 0 0 0.00557711021974683 43.0909996032715
670 0 0 0.00557711021974683 42.9910011291504
669 0 0 0.00557711021974683 42.890998840332
668 0 0 0.00557711021974683 42.7910003662109
667 0 0 0.00557711021974683 42.6910018920898
666 0 0 0.00557709997519851 42.5909996032715
665 0 0 0.00557709997519851 42.4910011291504
664 0 0 0.00557709997519851 42.390998840332
663 0 0 0.00557709997519851 42.2910003662109
662 0 0 0.00557709019631147 42.1910018920898
661 0 0 0.00557709019631147 42.0909996032715
660 0 0 0.00557709019631147 41.9910011291504
659 0 0 0.00557709019631147 41.890998840332
658 0 0 0.00557709019631147 41.7910003662109
657 0 0 0.00557707995176315 41.6910018920898
656 0 0 0.00557707995176315 41.5909996032715
655 0 0 0.00557707995176315 41.4910011291504
654 0 0 0.00557707995176315 41.390998840332
653 0 0 0.00557707017287612 41.2910003662109
652 0 0 0.00557707017287612 41.1910018920898
651 0 0 0.00557707017287612 41.0909996032715
650 20 24 0.00557707017287612 40.9910011291504
649 0 0 0.0055770599283278 40.890998840332
648 0 0 0.0055770599283278 40.7910003662109
647 0 0 0.0055770599283278 40.6910018920898
646 0 0 0.0055770599283278 40.5909996032715
645 0 0 0.0055770599283278 40.4910011291504
644 0 0 0.00557705014944077 40.390998840332
643 0 0 0.00557705014944077 40.2910003662109
642 0 0 0.00557705014944077 40.1910018920898
641 0 0 0.00557705014944077 40.0909996032715
640 0 0 0.00557703990489244 39.9910011291504
639 0 0 0.00557703990489244 39.890998840332
638 0 0 0.00557703990489244 39.7910003662109
637 0 0 0.00557703012600541 39.6910018920898
636 0 0 0.00557703012600541 39.5909996032715
635 0 0 0.00557703012600541 39.4910011291504
634 0 0 0.00557703012600541 39.390998840332
633 0 0 0.00557701988145709 39.2910003662109
632 0 0 0.00557701988145709 39.1910018920898
631 0 0 0.00557701988145709 39.0909996032715
630 0 0 0.00557701988145709 38.9910011291504
629 0 0 0.00557701010257006 38.890998840332
628 0 0 0.00557701010257006 38.7910003662109
627 0 0 0.00557701010257006 38.6910018920898
626 0 0 0.00557699985802174 38.5909996032715
625 0 0 0.00557699985802174 38.4910011291504
624 0 0 0.00557699985802174 38.390998840332
623 0 0 0.00557699985802174 38.2910003662109
622 0 0 0.0055769900791347 38.1910018920898
621 0 0 0.0055769900791347 38.0909996032715
620 0 0 0.0055769900791347 37.9910011291504
619 0 0 0.00557697983458638 37.890998840332
618 0 0 0.00557697983458638 37.7910003662109
617 0 0 0.00557697983458638 37.6910018920898
616 0 0 0.00557697983458638 37.5909996032715
615 0 0 0.00557697005569935 37.4910011291504
614 0 0 0.00557697005569935 37.390998840332
613 0 0 0.00557697005569935 37.2910003662109
612 0 0 0.00557695981115103 37.1910018920898
611 0 0 0.00557695981115103 37.0909996032715
610 0 0 0.00557695981115103 36.9910011291504
609 0 0 0.00557695003226399 36.890998840332
608 0 0 0.00557695003226399 36.7910003662109
607 0 0 0.00557695003226399 36.6910018920898
606 0 0 0.00557693978771567 36.5909996032715
605 0 0 0.00557693978771567 36.4910011291504
604 0 0 0.00557693978771567 36.390998840332
603 0 0 0.00557693000882864 36.2910003662109
602 0 0 0.00557693000882864 36.1910018920898
601 0 0 0.00557693000882864 36.0909996032715
600 19 24 0.00557692022994161 35.9910011291504
599 0 0 0.00557692022994161 35.890998840332
598 0 0 0.00557692022994161 35.7910003662109
597 0 0 0.00557690998539329 35.6910018920898
596 0 0 0.00557690998539329 35.5909996032715
595 0 0 0.00557690020650625 35.4910011291504
594 0 0 0.00557690020650625 35.390998840332
593 0 0 0.00557690020650625 35.2910003662109
592 0 0 0.00557688996195793 35.1910018920898
591 0 0 0.00557688996195793 35.0909996032715
590 0 0 0.00557688996195793 34.9910011291504
589 0 0 0.0055768801830709 34.890998840332
588 0 0 0.0055768801830709 34.7910003662109
587 0 0 0.00557686993852258 34.6910018920898
586 0 0 0.00557686993852258 34.5909996032715
585 0 0 0.00557686993852258 34.4910011291504
584 0 0 0.00557686015963554 34.390998840332
583 0 0 0.00557686015963554 34.2910003662109
582 0 0 0.00557684991508722 34.1910018920898
581 0 0 0.00557684991508722 34.0909996032715
580 0 0 0.00557684991508722 33.9910011291504
579 0 0 0.00557684013620019 33.890998840332
578 0 0 0.00557684013620019 33.7910003662109
577 0 0 0.00557682989165187 33.6910018920898
576 0 0 0.00557682989165187 33.5909996032715
575 0 0 0.00557682011276484 33.4910011291504
574 0 0 0.00557682011276484 33.390998840332
573 0 0 0.00557682011276484 33.2910003662109
572 0 0 0.00557680986821651 33.1910018920898
571 0 0 0.00557680986821651 33.0909996032715
570 0 0 0.00557680008932948 32.9910011291504
569 0 0 0.00557680008932948 32.890998840332
568 0 0 0.00557678984478116 32.7910003662109
567 0 0 0.00557678984478116 32.6910018920898
566 0 0 0.00557678006589413 32.5909996032715
565 0 0 0.00557678006589413 32.4910011291504
564 0 0 0.00557676982134581 32.390998840332
563 0 0 0.00557676982134581 32.2910003662109
562 0 0 0.00557676004245877 32.1910018920898
561 0 0 0.00557676004245877 32.0909996032715
560 0 0 0.00557674979791045 31.9909992218018
559 0 0 0.00557674979791045 31.8910007476807
558 0 0 0.00557674001902342 31.7910003662109
557 0 0 0.00557674001902342 31.6909999847412
556 0 0 0.0055767297744751 31.5909996032715
555 0 0 0.0055767297744751 31.4909992218018
554 0 0 0.00557671999558806 31.3910007476807
553 0 0 0.00557671999558806 31.2910003662109
552 0 0 0.00557671021670103 31.1909999847412
551 0 0 0.00557671021670103 31.0909996032715
550 18 24 0.00557669997215271 30.9909992218018
549 0 0 0.00557669997215271 30.8910007476807
548 0 0 0.00557669019326568 30.7910003662109
547 0 0 0.00557669019326568 30.6909999847412
546 0 0 0.00557667994871736 30.5909996032715
545 0 0 0.00557667016983032 30.4909992218018
544 0 0 0.00557667016983032 30.3910007476807
543 0 0 0.005576659925282 30.2910003662109
542 0 0 0.005576659925282 30.1909999847412
541 0 0 0.00557665014639497 30.0909996032715
540 0 0 0.00557663990184665 29.9909992218018
539 0 0 0.00557663990184665 29.8910007476807
538 0 0 0.00557663012295961 29.7910003662109
537 0 0 0.00557663012295961 29.6909999847412
536 0 0 0.00557661987841129 29.5909996032715
535 0 0 0.00557661009952426 29.4909992218018
534 0 0 0.00557661009952426 29.3910007476807
533 0 0 0.00557659985497594 29.2910003662109
532 0 0 0.00557659007608891 29.1909999847412
531 0 0 0.00557659007608891 29.0909996032715
530 0 0 0.00557657983154058 28.9909992218018
529 0 0 0.00557657005265355 28.8910007476807
528 0 0 0.00557657005265355 28.7910003662109
527 0 0 0.00557655980810523 28.6909999847412
526 0 0 0.0055765500292182 28.5909996032715
525 0 0 0.0055765500292182 28.4909992218018
524 0 0 0.00557653978466988 28.3910007476807
523 0 0 0.00557653000578284 28.2910003662109
522 0 0 0.00557652022689581 28.1909999847412
521 0 0 0.00557652022689581 28.0909996032715
520 0 0 0.00557650998234749 27.9909992218018
519 0 0 0.00557650020346045 27.8910007476807
518 0 0 0.00557648995891213 27.7910003662109
517 0 0 0.00557648995891213 27.6909999847412
516 0 0 0.0055764801800251 27.5909996032715
515 0 0 0.00557646993547678 27.4909992218018
514 0 0 0.00557646015658975 27.3910007476807
513 0 0 0.00557646015658975 27.2910003662109
512 0 0 0.00557644991204143 27.1909999847412
511 0 0 0.00557644013315439 27.0909996032715
510 0 0 0.00557642988860607 26.9909992218018
509 0 0 0.00557642010971904 26.8910007476807
508 0 0 0.00557640986517072 26.7910003662109
507 0 0 0.00557640986517072 26.6909999847412
506 0 0 0.00557640008628368 26.5909996032715
505 0 0 0.00557638984173536 26.4909992218018
504 0 0 0.00557638006284833 26.3910007476807
503 0 0 0.00557636981830001 26.2910003662109
502 0 0 0.00557636003941298 26.1909999847412
501 0 0 0.00557634979486465 26.0909996032715
500 17 24 0.00557634001597762 25.9909992218018
499 0 0 0.0055763297714293 25.8910007476807
498 0 0 0.00557631999254227 25.7910003662109
497 0 0 0.00557631021365523 25.6909999847412
496 0 0 0.00557629996910691 25.5909996032715
495 0 0 0.00557629996910691 25.4909992218018
494 0 0 0.00557629019021988 25.3910007476807
493 0 0 0.00557627994567156 25.2910003662109
492 0 0 0.0055762599222362 25.1909999847412
491 0 0 0.00557625014334917 25.0909996032715
490 0 0 0.00557623989880085 24.9909992218018
489 0 0 0.00557623011991382 24.8910007476807
488 0 0 0.0055762198753655 24.7910003662109
487 0 0 0.00557621009647846 24.6909999847412
486 0 0 0.00557619985193014 24.5909996032715
485 0 0 0.00557619007304311 24.4909992218018
484 0 0 0.00557617982849479 24.3910007476807
483 0 0 0.00557617004960775 24.2910003662109
482 0 0 0.00557615980505943 24.1909999847412
481 0 0 0.00557613978162408 24.0909996032715
480 0 0 0.00557613000273705 23.9909992218018
479 0 0 0.00557612022385001 23.8910007476807
478 0 0 0.00557610997930169 23.7910003662109
477 0 0 0.00557610020041466 23.6909999847412
476 0 0 0.0055760801769793 23.5909996032715
475 0 0 0.00557606993243098 23.4909992218018
474 0 0 0.00557606015354395 23.3910007476807
473 0 0 0.00557604990899563 23.2910003662109
472 0 0 0.00557602988556027 23.1909999847412
471 0 0 0.00557602010667324 23.0909996032715
470 0 0 0.00557600986212492 22.9909992218018
469 0 0 0.00557598983868957 22.8910007476807
468 0 0 0.00557598005980253 22.7910003662109
467 0 0 0.00557596981525421 22.6909999847412
466 0 0 0.00557594979181886 22.5909996032715
465 0 0 0.00557594001293182 22.4909992218018
464 0 0 0.00557591998949647 22.3910007476807
463 0 0 0.00557591021060944 22.2910003662109
462 0 0 0.00557589018717408 22.1909999847412
461 0 0 0.00557587994262576 22.0909996032715
460 0 0 0.00557585991919041 21.9909992218018
459 0 0 0.00557585014030337 21.8910007476807
458 0 0 0.00557583011686802 21.7910003662109
457 0 0 0.0055758198723197 21.6909999847412
456 0 0 0.00557579984888434 21.5909996032715
455 0 0 0.00557577982544899 21.4909992218018
454 0 0 0.00557577004656196 21.3910007476807
453 0 0 0.0055757500231266 21.2910003662109
452 0 0 0.00557572999969125 21.1909999847412
451 0 0 0.00557570997625589 21.0909996032715
450 16 24 0.00557570019736886 20.9909992218018
449 0 0 0.00557568017393351 20.8910007476807
448 0 0 0.00557566015049815 20.7910003662109
447 0 0 0.0055756401270628 20.6909999847412
446 0 0 0.00557562010362744 20.5909996032715
445 0 0 0.00557560985907912 20.4909992218018
444 0 0 0.00557558983564377 20.3910007476807
443 0 0 0.00557556981220841 20.2910003662109
442 0 0 0.00557554978877306 20.1909999847412
441 0 0 0.00557553023099899 20.0909996032715
440 0 0 0.00557551020756364 19.9909992218018
439 0 0 0.00557549018412828 19.8910007476807
438 0 0 0.00557547016069293 19.7910003662109
437 0 0 0.00557543989270926 19.6909999847412
436 0 0 0.0055754198692739 19.5909996032715
435 0 0 0.00557539984583855 19.4909992218018
434 0 0 0.00557537982240319 19.3910007476807
433 0 0 0.00557535979896784 19.2910003662109
432 0 0 0.00557532999664545 19.1909999847412
431 0 0 0.0055753099732101 19.0909996032715
430 0 0 0.00557528994977474 18.9909992218018
429 0 0 0.00557526014745235 18.8910007476807
428 0 0 0.005575240124017 18.7910003662109
427 0 0 0.00557520985603333 18.6909999847412
426 0 0 0.00557518983259797 18.5909996032715
425 0 0 0.00557516003027558 18.4909992218018
424 0 0 0.00557514000684023 18.3910007476807
423 0 0 0.00557511020451784 18.2910003662109
422 0 0 0.00557507993653417 18.1909999847412
421 0 0 0.00557505013421178 18.0909996032715
420 0 0 0.00557503011077642 17.9909992218018
419 0 0 0.00557499984279275 17.8910007476807
418 0 0 0.00557497004047036 17.7910003662109
417 0 0 0.00557493977248669 17.6909999847412
416 0 0 0.0055749099701643 17.5909996032715
415 0 0 0.00557488016784191 17.4909992218018
414 0 0 0.00557484989985824 17.3910007476807
413 0 0 0.00557482009753585 17.2910003662109
412 0 0 0.00557478982955217 17.1909999847412
411 0 0 0.00557474978268147 17.0909996032715
410 0 0 0.00557471998035908 16.9909992218018
409 0 0 0.00557469017803669 16.8910007476807
408 0 0 0.00557465013116598 16.7910003662109
407 0 0 0.00557461986318231 16.6909999847412
406 0 0 0.0055745798163116 16.5909996032715
405 0 0 0.00557455001398921 16.4909992218018
404 0 0 0.0055745099671185 16.3910007476807
403 0 0 0.00557446992024779 16.2910003662109
402 0 0 0.00557442987337708 16.1909999847412
401 0 0 0.00557438982650638 16.0909996032715
400 15 24 0.00557434977963567 15.9910001754761
399 0 0 0.00557431019842625 15.8909997940063
398 0 0 0.00557427015155554 15.7910003662109
397 0 0 0.00557423010468483 15.6909999847412
396 0 0 0.00557419005781412 15.5909996032715
395 0 0 0.00557414023205638 15.4910001754761
394 0 0 0.00557410018518567 15.3909997940063
393 0 0 0.00557404989376664 15.2910003662109
392 0 0 0.00557400984689593 15.1909999847412
391 0 0 0.00557396002113819 15.0909996032715
390 0 0 0.00557391019538045 14.9910001754761
389 0 0 0.00557385990396142 14.8909997940063
388 0 0 0.00557381007820368 14.7910003662109
387 0 0 0.00557375978678465 14.6909999847412
386 0 0 0.00557370996102691 14.5909996032715
385 0 0 0.00557366013526917 14.4910001754761
384 0 0 0.0055736000649631 14.3909997940063
383 0 0 0.00557354977354407 14.2910003662109
382 0 0 0.0055734901688993 14.1909999847412
381 0 0 0.00557343009859324 14.0909996032715
380 0 0 0.00557337002828717 13.9910001754761
379 0 0 0.00557330995798111 13.8909997940063
378 0 0 0.00557324988767505 13.7910003662109
377 0 0 0.00557318981736898 13.6909999847412
376 0 0 0.00557311996817589 13.5909996032715
375 0 0 0.00557305989786983 13.4910001754761
374 0 0 0.00557299004867673 13.3909997940063
373 0 0 0.00557292019948363 13.2910003662109
372 0 0 0.00557284988462925 13.1909999847412
371 0 0 0.00557278003543615 13.0909996032715
370 0 0 0.00557271018624306 12.9910001754761
369 0 0 0.00557263009250164 12.8909997940063
368 0 0 0.00557254999876022 12.7910003662109
367 0 0 0.00557246990501881 12.6909999847412
366 0 0 0.00557238981127739 12.5909996032715
365 0 0 0.00557231018319726 12.4910001754761
364 0 0 0.00557221984490752 12.3909997940063
363 0 0 0.00557214021682739 12.2910003662109
362 0 0 0.00557204987853765 12.1909999847412
361 0 0 0.0055719600059092 12.0909996032715
360 0 0 0.00557185988873243 11.9910001754761
359 0 0 0.00557177001610398 11.8909997940063
358 0 0 0.00557166989892721 11.7910003662109
357 0 0 0.00557156978175044 11.6909999847412
356 0 0 0.00557145988568664 11.5909996032715
355 0 0 0.00557135976850986 11.4910001754761
354 0 0 0.00557124987244606 11.3909997940063
353 0 0 0.00557113019749522 11.2910003662109
352 0 0 0.00557101983577013 11.1909999847412
351 0 0 0.00557090016081929 11.0909996032715
350 14 24 0.00557078002020717 10.9910001754761
349 0 0 0.00557065010070801 10.8909997940063
348 0 0 0.00557052996009588 10.7910003662109
347 0 0 0.0055703897960484 10.6909999847412
346 0 0 0.00557025987654924 10.5909996032715
345 0 0 0.00557012017816305 10.4910001754761
344 0 0 0.00556996976956725 10.3909997940063
343 0 0 0.00556983007118106 10.2910003662109
342 0 0 0.00556966988369823 10.1909999847412
341 0 0 0.00556951994076371 10.0909996032715
340 0 0 0.00556934997439384 9.99098014831543
339 0 0 0.00556918978691101 9.8909797668457
338 0 0 0.00556901982054114 9.79098033905029
337 0 0 0.00556884007528424 9.69097995758057
336 0 0 0.00556865986436605 9.59097957611084
335 0 0 0.00556846987456083 9.49098014831543
334 0 0 0.00556827010586858 9.3909797668457
333 0 0 0.00556806987151504 9.29098033905029
332 0 0 0.00556785985827446 9.19097995758057
331 0 0 0.00556764984503388 9.09097957611084
330 0 0 0.00556743005290627 8.99098014831543
329 0 0 0.00556720001623034 8.8909797668457
328 0 0 0.00556696020066738 8.79098033905029
327 0 0 0.00556671991944313 8.69097995758057
326 0 0 0.00556646008044481 8.59097957611084
325 0 0 0.00556619977578521 8.49098014831543
324 0 0 0.00556593015789986 8.3909797668457
323 0 0 0.00556564005091786 8.29098033905029
322 0 0 0.00556534994393587 8.19097995758057
321 0 0 0.00556505005806684 8.09097957611084
320 0 0 0.00556473014876246 7.99098014831543
319 0 0 0.00556439999490976 7.8909797668457
318 0 0 0.00556406006217003 7.79097986221313
317 0 0 0.00556370988488197 7.69097995758057
316 0 0 0.00556334014981985 7.590980052948
315 0 0 0.00556296017020941 7.49098014831543
314 0 0 0.00556256016716361 7.3909797668457
313 0 0 0.00556214991956949 7.29097986221313
312 0 0 0.00556172011420131 7.19097995758057
311 0 0 0.00556126004084945 7.090980052948
310 0 0 0.00556079996749759 6.99098014831543
309 0 0 0.00556029984727502 6.8909797668457
308 0 0 0.00555978994816542 6.79097986221313
307 0 0 0.00555926002562046 6.69097995758057
306 0 0 0.00555869983509183 6.590980052948
305 0 0 0.00555810984224081 6.49098014831543
304 0 0 0.00555749982595444 6.3909797668457
303 0 0 0.00555685022845864 6.29097986221313
302 0 0 0.00555618014186621 6.19097995758057
301 0 0 0.00555547000840306 6.090980052948
300 13 24 0.00555471982806921 5.99098014831543
299 0 0 0.00555393984541297 5.8909797668457
298 0 0 0.00555311981588602 5.79097986221313
297 0 0 0.00555224996060133 5.69097995758057
296 0 0 0.00555132981389761 5.590980052948
295 0 0 0.00555037008598447 5.49098014831543
294 0 0 0.00554934982210398 5.3909797668457
293 0 0 0.00554826995357871 5.29097986221313
292 0 0 0.00554713001474738 5.19097995758057
291 0 0 0.00554592022672296 5.090980052948
290 0 0 0.00554462987929583 4.99098014831543
289 0 0 0.00554327014833689 4.8909797668457
288 0 0 0.00554182007908821 4.79097986221313
287 0 0 0.00554026989266276 4.69097995758057
286 0 0 0.00553862983360887 4.590980052948
285 0 0 0.00553687009960413 4.49098014831543
284 0 0 0.00553499022498727 4.3909797668457
283 0 0 0.00553297018632293 4.29097986221313
282 0 0 0.00553080998361111 4.19097995758057
281 0 0 0.00552849005907774 4.090980052948
280 0 0 0.00552598992362618 3.99097990989685
279 0 0 0.00552329979836941 3.8909900188446
278 0 0 0.00552038988098502 3.79099011421204
277 0 0 0.00551722990348935 3.69098997116089
276 0 0 0.00551381008699536 3.59099006652832
275 0 0 0.00551008014008403 3.49098992347717
274 0 0 0.00550602003931999 3.3909900188446
273 0 0 0.00550159020349383 3.29099011421204
272 0 0 0.00549671985208988 3.19099998474121
271 0 0 0.00549136986956 3.09100008010864
270 0 0 0.00548630021512508 3.00449991226196
269 0 0 0.00548077002167702 2.91800999641418
268 0 0 0.00547472015023232 2.83152008056641
267 0 0 0.00546807982027531 2.74501991271973
266 0 0 0.00546078011393547 2.65852999687195
265 0 0 0.00545271998271346 2.57204008102417
264 0 0 0.00544686987996101 2.51437997817993
263 0 0 0.00544058997184038 2.45672011375427
262 0 0 0.00543385976925492 2.39907002449036
261 0 0 0.00542660988867283 2.34140992164612
260 0 0 0.0054187998175621 2.28375005722046
259 0 0 0.00541325006633997 2.24532008171082
258 0 0 0.00540739996358752 2.20688009262085
257 0 0 0.00540122995153069 2.16845011711121
256 0 0 0.00539472000673413 2.13001990318298
255 0 0 0.00538783986121416 2.09158992767334
254 0 0 0.00538056017830968 2.0531599521637
253 0 0 0.00537285022437572 2.01472997665405
252 0 0 0.00536468019708991 1.97630000114441
251 0 0 0.00535896001383662 1.95068001747131
250 12 24 0.00535300001502037 1.92507004737854
249 0 0 0.00534680020064116 1.89944994449615
248 0 0 0.00534032983705401 1.87383997440338
247 0 0 0.00533358007669449 1.84823000431061
246 0 0 0.00532654020935297 1.82262003421783
245 0 0 0.0053191902115941 1.79700994491577
244 0 0 0.00531151005998254 1.77140998840332
243 0 0 0.0053034801967442 1.74580001831055
242 0 0 0.00529508013278246 1.72019994258881
241 0 0 0.00528628984466195 1.69459998607635
240 0 0 0.00528019014745951 1.67753994464874
239 0 0 0.00527390977367759 1.6604700088501
238 0 0 0.00526741007342935 1.64340996742249
237 0 0 0.00526071013882756 1.62635004520416
236 0 0 0.00525378994643688 1.60929000377655
235 0 0 0.00524662993848324 1.59223997592926
234 0 0 0.00523923989385366 1.57518005371094
233 0 0 0.00523159001022577 1.55813002586365
232 0 0 0.00522367982193828 1.54107999801636
231 0 0 0.00521548977121711 1.52403998374939
230 0 0 0.00520701007917523 1.5069899559021
229 0 0 0.00519823003560305 1.48994994163513
228 0 0 0.00518913008272648 1.47291994094849
227 0 0 0.00517969997599721 1.45588004589081
226 0 0 0.00516992993652821 1.43885004520416
225 0 0 0.00515977991744876 1.42183005809784
224 0 0 0.00514924991875887 1.40480995178223
223 0 0 0.00513831013813615 1.38779997825623
222 0 0 0.00512694986537099 1.37079000473022
221 0 0 0.00511514022946358 1.35379004478455
220 0 0 0.0051028598099947 1.33678996562958
219 0 0 0.00509008998051286 1.31981003284454
218 0 0 0.00507677998393774 1.30282998085022
217 0 0 0.00506292982026935 1.28585994243622
216 0 0 0.00504849990829825 1.26890003681183
215 0 0 0.00503343995660543 1.25196003913879
214 0 0 0.00501774018630385 1.23502004146576
213 0 0 0.00500136008486152 1.2181099653244
212 0 0 0.00498424004763365 1.20121002197266
211 0 0 0.00496636005118489 1.18431997299194
210 0 0 0.00494766002520919 1.1674599647522
209 0 0 0.00492809992283583 1.1506199836731
208 0 0 0.00490762991830707 1.13381004333496
207 0 0 0.00488618994131684 1.11702001094818
206 0 0 0.00486373016610742 1.10027003288269
205 0 0 0.00484017981216311 1.08354997634888
204 0 0 0.00481548020616174 1.06686997413635
203 0 0 0.00478956010192633 1.05024003982544
202 0 0 0.00476233987137675 1.03366994857788
201 0 0 0.00473375013098121 1.01715004444122
200 11 24 0.00470372010022402 1.00069999694824
199 0 0 0.00467215990647674 0.984329998493195
198 0 0 0.0046389801427722 0.968046009540558
197 0 0 0.00460409978404641 0.951862990856171
196 0 0 0.00456744013354182 0.935792982578278
195 0 0 0.00452890992164612 0.919854998588562
194 0 0 0.00448844023048878 0.904066026210785
193 0 0 0.00444593979045749 0.888445973396301
192 0 0 0.0044013699516654 0.873019993305206
191 0 0 0.0043546799570322 0.857814013957977
190 0 0 0.00430584000423551 0.842857003211975
189 0 0 0.00425485009327531 0.828181028366089
188 0 0 0.004201740026474 0.813821017742157
187 0 0 0.00414658011868596 0.799812018871307
186 0 0 0.00408949004486203 0.786194026470184
185 0 0 0.00403062021359801 0.773003995418549
184 0 0 0.00397016992792487 0.76027899980545
183 0 0 0.00390839017927647 0.748054981231689
182 0 0 0.00384556991048157 0.736364006996155
181 0 0 0.00378203997388482 0.725232005119324
180 0 0 0.00371816009283066 0.714681029319763
179 0 0 0.00365426996722817 0.704724013805389
178 0 0 0.00359077006578445 0.695367991924286
177 0 0 0.00352800008840859 0.686614990234375
176 0 0 0.00346631999127567 0.678457021713257
175 0 0 0.00340603990480304 0.670884013175964
174 0 0 0.00334746995940804 0.663878977298737
173 0 0 0.00329084997065365 0.65742301940918
172 0 0 0.00323641998693347 0.65149199962616
171 0 0 0.00318438000977039 0.646063983440399
170 0 0 0.00313486997038126 0.64111202955246
169 0 0 0.0030880500562489 0.636611998081207
168 0 0 0.00304401991888881 0.632538974285126
167 0 0 0.00300285988487303 0.628868997097015
166 0 0 0.002964650047943 0.625577986240387
165 0 0 0.00292941997759044 0.622644007205963
164 0 0 0.00289722997695208 0.620046019554138
163 0 0 0.00286809005774558 0.617765009403229
162 0 0 0.00284200999885798 0.615782022476196
161 0 0 0.00281899003311992 0.614078998565674
160 0 0 0.00279902992770076 0.612640976905823
159 0 0 0.00278211990371346 0.611451983451843
158 0 0 0.00276823993772268 0.610499978065491
157 0 0 0.00275735999457538 0.609771013259888
156 0 0 0.00274947006255388 0.609252989292145
155 0 0 0.00274454010650516 0.608936011791229
154 0 0 0.00274253007955849 0.608810007572174
153 0 0 0.00274257990531623 0.608812987804413
152 0 0 0.00274372007697821 0.608883023262024
151 0 0 0.00274613010697067 0.609028995037079
150 10 24 0.00274979998357594 0.609248995780945
149 0 0 0.00275471992790699 0.609540998935699
148 0 0 0.00276087992824614 0.609901010990143
147 0 0 0.00276826997287571 0.61032897233963
146 0 0 0.00277687003836036 0.610822975635529
145 0 0 0.00278667011298239 0.611379981040955
144 0 0 0.00279766996391118 0.611998021602631
143 0 0 0.00280985003337264 0.612676978111267
142 0 0 0.00282321008853614 0.613413989543915
141 0 0 0.00283772009424865 0.614207983016968
140 0 0 0.00285339006222785 0.615056991577148
139 0 0 0.00287018995732069 0.615960001945496
138 0 0 0.00288812001235783 0.616917014122009
137 0 0 0.00290716998279095 0.617923974990845
136 0 0 0.002927330089733 0.618982017040253
135 0 0 0.00294858007691801 0.620088994503021
134 0 0 0.00297091994434595 0.621244013309479
133 0 0 0.00299432990141213 0.622444987297058
132 0 0 0.00301879993639886 0.623692989349365
131 0 0 0.00304433004930615 0.624985992908478
130 0 0 0.003070899983868 0.626321971416473
129 0 0 0.00309850997291505 0.627701997756958
128 0 0 0.00312712998129427 0.629123985767365
127 0 0 0.00315677002072334 0.630587995052338
126 0 0 0.00318742007948458 0.632091999053955
125 0 0 0.00321904988959432 0.633637011051178
124 0 0 0.00325166992843151 0.635221004486084
123 0 0 0.00328526995144784 0.636843025684357
122 0 0 0.00331982993520796 0.638503015041351
121 0 0 0.00335534010082483 0.640200972557068
120 0 0 0.00339179998263717 0.641934990882874
119 0 0 0.00342920003458858 0.643705010414124
118 0 0 0.00346753001213074 0.645510971546173
117 0 0 0.0035067698918283 0.647351980209351
116 0 0 0.00354692991822958 0.649227023124695
115 0 0 0.00358798005618155 0.651136994361877
114 0 0 0.00362993008457124 0.653079986572266
113 0 0 0.00367276999168098 0.655055999755859
112 0 0 0.00371647998690605 0.657064020633698
111 0 0 0.00376106007024646 0.659105002880096
110 0 0 0.00380649999715388 0.66117799282074
109 0 0 0.00385280000045896 0.663281977176666
108 0 0 0.00389993004500866 0.66541600227356
107 0 0 0.0039479099214077 0.667581975460052
106 0 0 0.00399670982733369 0.669777989387512
105 0 0 0.00404633022844791 0.672002971172333
104 0 0 0.0040967701934278 0.67425799369812
103 0 0 0.00414801016449928 0.676541984081268
102 0 0 0.00420005992054939 0.678856015205383
101 0 0 0.00425289012491703 0.681196987628937
100 9 24 0.00430651009082794 0.683566987514496
99 0 0 0.00436089979484677 0.685965001583099
98 0 0 0.00441606994718313 0.688390970230103
97 0 0 0.00447200005874038 0.690843999385834
96 0 0 0.00452869012951851 0.693324029445648
95 0 0 0.00458612013608217 0.695831000804901
94 0 0 0.0046442998573184 0.698364973068237
93 0 0 0.00470321998000145 0.70092499256134
92 0 0 0.00476286001503468 0.703510999679565
91 0 0 0.0048232302069664 0.706122994422913
90 0 0 0.00488431006669998 0.708760976791382
89 0 0 0.00494610983878374 0.711422979831696
88 0 0 0.00500860996544361 0.714111983776093
87 0 0 0.00507180020213127 0.716823995113373
86 0 0 0.00513568986207247 0.719561994075775
85 0 0 0.00520025985315442 0.722324013710022
84 0 0 0.00526551017537713 0.725109994411469
83 0 0 0.00533143011853099 0.727921009063721
82 0 0 0.00539802014827728 0.730754971504211
81 0 0 0.00546525977551937 0.733613014221191
80 0 0 0.00553316995501518 0.73649400472641
79 0 0 0.00560171995311975 0.739398002624512
78 0 0 0.00567090976983309 0.742325007915497
77 0 0 0.00574073009192944 0.745275020599365
76 0 0 0.00581119023263454 0.748247027397156
75 0 0 0.00588227016851306 0.751241981983185
74 0 0 0.00595396012067795 0.754258990287781
73 0 0 0.00602626986801624 0.757296979427338
72 0 0 0.00609917985275388 0.760357975959778
71 0 0 0.00617269985377789 0.763438999652863
70 0 0 0.00624680006876588 0.766542017459869
69 0 0 0.0063214898109436 0.769666016101837
68 0 0 0.0063967602327466 0.772810995578766
67 0 0 0.00647260993719101 0.775976002216339
66 0 0 0.00654903007671237 0.779161989688873
65 0 0 0.00662600994110107 0.782368004322052
64 0 0 0.00670354021713138 0.785592973232269
63 0 0 0.0067816199734807 0.788838982582092
62 0 0 0.00686025014147162 0.792104005813599
61 0 0 0.00693942001089454 0.795387983322144
60 0 0 0.00701911002397537 0.798690974712372
59 0 0 0.00709932995960116 0.802012026309967
58 0 0 0.00718007003888488 0.805351972579956
57 0 0 0.00726132979616523 0.808710992336273
56 0 0 0.00734307989478111 0.812086999416351
55 0 0 0.0074253398925066 0.815481007099152
54 0 0 0.0075080799870193 0.818892002105713
53 0 0 0.00759132020175457 0.822320997714996
52 0 0 0.00767502980306745 0.825766026973724
51 0 0 0.00775921018794179 0.829227983951569
50 8 24 0.00784386042505503 0.832706987857819
49 0 0 0.00792896002531052 0.836201012134552
48 0 0 0.00801451969891787 0.839711010456085
47 0 0 0.00810050964355469 0.843236982822418
46 0 0 0.00818695034831762 0.846777975559235
45 0 0 0.00827381014823914 0.850332975387573
44 0 0 0.00836110021919012 0.853902995586395
43 0 0 0.00844880007207394 0.857487976551056
42 0 0 0.00853690039366484 0.861086010932922
41 0 0 0.00862540956586599 0.864696979522705
40 0 0 0.00871429964900017 0.868322014808655
39 0 0 0.00880357995629311 0.871959984302521
38 0 0 0.00889324024319649 0.875609993934631
37 0 0 0.00898326002061367 0.879272997379303
36 0 0 0.00907364021986723 0.882947027683258
35 0 0 0.00916436966508627 0.886632025241852
34 0 0 0.00925543997436762 0.890329003334045
33 0 0 0.0093468502163887 0.894035995006561
32 0 0 0.00943857990205288 0.897753000259399
31 0 0 0.0095306197181344 0.90148001909256
30 0 0 0.00962297990918159 0.905216991901398
29 0 0 0.00971562974154949 0.90896201133728
28 0 0 0.00980857014656067 0.912715971469879
27 0 0 0.00990180019289255 0.916477978229523
26 0 0 0.00999529007822275 0.920247972011566
25 0 0 0.0100889997556806 0.924024999141693
24 0 0 0.0101830000057817 0.927809000015259
23 0 0 0.0102773001417518 0.931599974632263
22 0 0 0.0103717995807528 0.935396015644073
21 0 0 0.01046650018543 0.9391970038414
20 0 0 0.0105614000931382 0.943004012107849
19 0 0 0.0106565002351999 0.946815013885498
18 0 0 0.0107517996802926 0.950630009174347
17 0 0 0.0108473002910614 0.954447984695435
16 0 0 0.0109428996220231 0.958269000053406
15 0 0 0.0110387001186609 0.962091982364655
14 0 0 0.0111346999183297 0.965916991233826
13 0 0 0.0112308003008366 0.969744026660919
12 0 0 0.0113270003348589 0.973571002483368
11 0 0 0.0114233000203967 0.977398991584778
10 0 0 0.0115197999402881 0.981226027011871
9 0 0 0.0116162998601794 0.985051989555359
8 0 0 0.0117129003629088 0.988875985145569
7 0 0 0.0118094999343157 0.992699027061462
6 0 0 0.0118739996105433 0.99524599313736
5 0 0 0.0119169997051358 0.99694299697876
4 0 0 0.0119455996900797 0.998073995113373
3 0 0 0.011964799836278 0.998827993869781
2 0 0 0.011977500282228 0.99932998418808
1 0 0 0.0119944997131824 1
1 0 0 0.0119944997131824 1
2 0 0 0.0120115000754595 1.00066995620728
3 0 0 0.0120241995900869 1.00117003917694
4 0 0 0.0120433000847697 1.00192999839783
5 0 0 0.0120719997212291 1.00304996967316
6 0 0 0.0121149998158216 1.00475001335144
7 0 0 0.0121795004233718 1.0072900056839
8 0 0 0.0122763002291322 1.01109004020691
9 0 0 0.0123731000348926 1.01488995552063
10 0 0 0.0124698001891375 1.01867997646332
11 0 0 0.0125665999948978 1.02245998382568
12 0 0 0.0126631995663047 1.02623999118805
13 0 0 0.0127598000690341 1.03000998497009
14 0 0 0.0128562999889255 1.03376996517181
15 0 0 0.0129527002573013 1.0375200510025
16 0 0 0.0130489999428391 1.04126000404358
17 0 0 0.013145100325346 1.0449800491333
18 0 0 0.0132411001250148 1.04869997501373
19 0 0 0.0133370002731681 1.05239999294281
20 0 0 0.0134325996041298 1.05608999729156
21 0 0 0.0135281002148986 1.05975997447968
22 0 0 0.0136233000084758 1.06342005729675
23 0 0 0.0137182995676994 1.06707000732422
24 0 0 0.0138130998238921 1.07069003582001
25 0 0 0.0139076001942158 1.07430005073547
26 0 0 0.0140017997473478 1.07790005207062
27 0 0 0.0140957003459334 1.08147001266479
28 0 0 0.0141891995444894 1.08501994609833
29 0 0 0.0142823997884989 1.08854997158051
30 0 0 0.0143751995638013 1.09205996990204
31 0 0 0.0144675998017192 1.09554004669189
32 0 0 0.01455959957093 1.09899997711182
33 0 0 0.0146511998027563 1.10243999958038
34 0 0 0.01474229991436 1.10584998130798
35 0 0 0.0148328999057412 1.10924005508423
36 0 0 0.0149229001253843 1.1125899553299
37 0 0 0.0150124998763204 1.11591994762421
38 0 0 0.0151014002040029 1.11922001838684
39 0 0 0.0151896998286247 1.12248003482819
40 0 0 0.0152773996815085 1.12572002410889
41 0 0 0.0153644001111388 1.12890994548798
42 0 0 0.0154507998377085 1.13207995891571
43 0 0 0.015536299906671 1.13521003723145
44 0 0 0.0156212002038956 1.1382999420166
45 0 0 0.0157051999121904 1.14135003089905
46 0 0 0.0157884005457163 1.14436995983124
47 0 0 0.0158705990761518 1.1473400592804
48 0 0 0.0159520003944635 1.15025997161865
49 0 0 0.0160323996096849 1.15314996242523
50 2 24 0.0161118004471064 1.15599000453949
51 0 0 0.0161901004612446 1.15877997875214
52 0 0 0.0162672996520996 1.16152000427246
53 0 0 0.0163433998823166 1.16420996189117
54 0 0 0.0164181999862194 1.16684997081757
55 0 0 0.0164918005466461 1.16943001747131
56 0 0 0.0165640991181135 1.17195999622345
57 0 0 0.016635000705719 1.17443001270294
58 0 0 0.016704399138689 1.1768399477005
59 0 0 0.0167724005877972 1.1791900396347
60 0 0 0.0168386995792389 1.18147003650665
61 0 0 0.0169034004211426 1.18368995189667
62 0 0 0.016966400668025 1.18584001064301
63 0 0 0.0170274991542101 1.18791997432709
64 0 0 0.0170868001878262 1.18991994857788
65 0 0 0.0171441007405519 1.19184994697571
66 0 0 0.0171993002295494 1.19369995594025
67 0 0 0.0172524005174637 1.1954699754715
68 0 0 0.0173032004386187 1.19716000556946
69 0 0 0.0173515994101763 1.19875001907349
70 0 0 0.0173975005745888 1.20026004314423
71 0 0 0.0174409002065659 1.20167994499207
72 0 0 0.0174815002828836 1.20299994945526
73 0 0 0.0175192002207041 1.20422005653381
74 0 0 0.0175540000200272 1.20534002780914
75 0 0 0.0175855997949839 1.20634996891022
76 0 0 0.0176139995455742 1.20724999904633
77 0 0 0.0176388993859291 1.20803999900818
78 0 0 0.0176602005958557 1.20870995521545
79 0 0 0.0176777001470327 1.20924997329712
80 0 0 0.0176912993192673 1.20966994762421
81 0 0 0.0177007000893354 1.20995998382568
82 0 0 0.017705699428916 1.21011996269226
83 3 22 0.0177065990865231 1.21013998985291
84 0 0 0.0177043005824089 1.21007001399994
85 0 0 0.017697099596262 1.20985996723175
86 0 0 0.0176846999675035 1.20948994159698
87 0 0 0.0176667999476194 1.20896005630493
88 0 0 0.0176433008164167 1.20826995372772
89 0 0 0.0176138002425432 1.20739996433258
90 0 0 0.017578000202775 1.20636999607086
91 0 0 0.0175356008112431 1.2051500082016
92 0 0 0.0174861997365952 1.20374000072479
93 0 0 0.0174297001212835 1.20213997364044
94 0 0 0.017365500330925 1.20034003257751
95 0 0 0.0172933004796505 1.1983300447464
96 0 0 0.017212700098753 1.19611001014709
97 0 0 0.0171233005821705 1.19367003440857
98 0 0 0.0170248001813889 1.19100999832153
99 0 0 0.0169165004044771 1.18809998035431
100 4 24 0.0167982000857592 1.18496000766754
101 0 0 0.0166692994534969 1.18157005310059
102 0 0 0.0165292993187904 1.17791998386383
103 0 0 0.0163777004927397 1.17401003837585
104 0 0 0.0162140000611544 1.16983997821808
105 0 0 0.0160377006977797 1.16539001464844
106 0 0 0.0158482007682323 1.16065001487732
107 0 0 0.0156449992209673 1.15562999248505
108 0 0 0.0154275000095367 1.15031003952026
109 0 0 0.0151952002197504 1.144700050354
110 0 0 0.0149475997313857 1.13877999782562
111 0 0 0.0146840000525117 1.13256001472473
112 0 0 0.0144039997830987 1.12602996826172
113 0 0 0.0141070997342467 1.11917996406555
114 0 0 0.0137927001342177 1.11202001571655
115 0 0 0.0134605001658201 1.10455000400543
116 0 0 0.0131101002916694 1.09676003456116
117 0 0 0.0127411000430584 1.08867001533508
118 0 0 0.0123533001169562 1.08027005195618
119 0 0 0.0119465002790093 1.07157003879547
120 0 0 0.0115205002948642 1.06259000301361
121 0 0 0.0110753998160362 1.05332005023956
122 0 0 0.0106111997738481 1.04377996921539
123 0 0 0.0101281004026532 1.03398001194
124 0 0 0.00962651986628771 1.02393996715546
125 0 0 0.00910678040236235 1.01367998123169
126 0 0 0.00856943987309933 1.00320994853973
127 0 0 0.00801515020430088 0.992560982704163
128 0 0 0.007444660179317 0.98173999786377
129 0 0 0.00685880007222295 0.97077602148056
130 0 0 0.00625849980860949 0.959689021110535
131 0 0 0.00564476009458303 0.948502004146576
132 0 0 0.00501861004158854 0.937237024307251
133 0 0 0.00438114022836089 0.925916016101837
134 0 0 0.00373344006948173 0.91456001996994
135 0 0 0.00307662994600832 0.90318900346756
136 0 0 0.00241178995929658 0.891822993755341
137 0 0 0.00173999997787178 0.880478024482727
138 0 0 0.00106229004450142 0.869172990322113
139 0 0 0.000379664998035878 0.857921004295349
140 0 0 -0.000306936999550089 0.846737027168274
141 0 0 -0.000996625982224941 0.835632026195526
142 0 0 -0.00168857001699507 0.824617981910706
143 0 0 -0.00238200998865068 0.813703000545502
144 0 0 -0.00307621993124485 0.802896976470947
145 0 0 -0.00377056002616882 0.792205989360809
146 0 0 -0.00446444004774094 0.781634986400604
147 0 0 -0.00515731982886791 0.771189987659454
148 0 0 -0.00584872020408511 0.760873973369598
149 0 0 -0.00653820997104049 0.75068998336792
150 5 24 -0.00722541008144617 0.740642011165619
151 0 0 -0.00790994986891747 0.730728983879089
152 0 0 -0.00859155971556902 0.72095400094986
153 0 0 -0.00926993973553181 0.711317002773285
154 0 0 -0.00994487013667822 0.701817989349365
155 0 0 -0.0106161003932357 0.692457020282745
156 0 0 -0.0112835997715592 0.683233022689819
157 0 0 -0.0119470003992319 0.674145996570587
158 0 0 -0.0126063004136086 0.665193974971771
159 0 0 -0.0132614001631737 0.656376004219055
160 0 0 -0.0139121003448963 0.647691011428833
161 0 0 -0.0145584996789694 0.639137029647827
162 0 0 -0.015200300142169 0.63071197271347
163 0 0 -0.0158376004546881 0.622415006160736
164 0 0 -0.0164703000336885 0.614243984222412
165 0 0 -0.0170984007418156 0.606196999549866
166 0 0 -0.0177218001335859 0.598272025585175
167 0 0 -0.0183406006544828 0.590466976165771
168 0 0 -0.0189546998590231 0.582780003547668
169 0 0 -0.0195640996098518 0.575209975242615
170 0 0 -0.0201689004898071 0.567753970623016
171 0 0 -0.0207690000534058 0.560410976409912
172 0 0 -0.0213644001632929 0.553178012371063
173 0 0 -0.0219551995396614 0.546054005622864
174 0 0 -0.0225412994623184 0.539035975933075
175 0 0 -0.0231228992342949 0.532123029232025
176 0 0 -0.0236997995525599 0.525313973426819
177 0 0 -0.0242721997201443 0.51860499382019
178 0 0 -0.0248400997370481 0.511996984481812
179 0 0 -0.0254034008830786 0.505484998226166
180 0 0 -0.0259623005986214 0.49906998872757
181 0 0 -0.0265167001634836 0.492749005556107
182 0 0 -0.0270668007433414 0.486521005630493
183 0 0 -0.0276123993098736 0.480383992195129
184 0 0 -0.0281537007540464 0.474335998296738
185 0 0 -0.0286906994879246 0.468376010656357
186 0 0 -0.0292234998196363 0.462502986192703
187 0 0 -0.0297519993036985 0.456714004278183
188 0 0 -0.0302763003855944 0.451009005308151
189 0 0 -0.0307963993400335 0.445385992527008
190 0 0 -0.0313123986124992 0.439842998981476
191 0 0 -0.0318243987858295 0.434379994869232
192 0 0 -0.0323323011398315 0.428993999958038
193 0 0 -0.0328361988067627 0.423685014247894
194 0 0 -0.0333360992372036 0.418449997901917
195 0 0 -0.033832099288702 0.413289994001389
196 0 0 -0.0343241989612579 0.408201992511749
197 0 0 -0.0348124988377094 0.403185993432999
198 0 0 -0.0352969989180565 0.398240000009537
199 0 0 -0.0357776992022991 0.393362998962402
200 6 24 -0.0362547002732754 0.388552993535995
201 0 0 -0.036727998405695 0.383810997009277
202 0 0 -0.0371976010501385 0.379132986068726
203 0 0 -0.0376636981964111 0.374520987272263
204 0 0 -0.0381262004375458 0.369971990585327
205 0 0 -0.0385851003229618 0.365485012531281
206 0 0 -0.0390405990183353 0.361059010028839
207 0 0 -0.0394925996661186 0.356694012880325
208 0 0 -0.0399412997066975 0.352387994527817
209 0 0 -0.0403865016996861 0.348140001296997
210 0 0 -0.0408283993601799 0.343948990106583
211 0 0 -0.0412671007215977 0.339814990758896
212 0 0 -0.0417024008929729 0.335736989974976
213 0 0 -0.0421346016228199 0.331712990999222
214 0 0 -0.0425635986030102 0.327742010354996
215 0 0 -0.0429893992841244 0.323825001716614
216 0 0 -0.0434121005237103 0.31995901465416
217 0 0 -0.0438317991793156 0.316145002841949
218 0 0 -0.0442483983933926 0.312380999326706
219 0 0 -0.0446620993316174 0.308665990829468
220 0 0 -0.0450728014111519 0.305000007152557
221 0 0 -0.0454805009067059 0.301382005214691
222 0 0 -0.0458853989839554 0.29781100153923
223 0 0 -0.0462873987853527 0.294286996126175
224 0 0 -0.0466866008937359 0.290807992219925
225 0 0 -0.0470830015838146 0.28737398982048
226 0 0 -0.047476701438427 0.283984005451202
227 0 0 -0.0478675998747349 0.280638009309769
228 0 0 -0.0482558012008667 0.277334988117218
229 0 0 -0.0486413985490799 0.274073988199234
230 0 0 -0.0490243993699551 0.270853996276855
231 0 0 -0.0494047999382019 0.267675995826721
232 0 0 -0.0497824996709824 0.264537990093231
233 7 29 -0.0501578003168106 0.261438995599747
