1000 30 29 -0.0052742101252079 92.8742980957031
999 0 0 -0.00527396006509662 92.774299621582
998 0 0 -0.00527371000498533 92.6743011474609
997 0 0 -0.00527347018942237 92.5743026733398
996 0 0 -0.00527322012931108 92.4742965698242
995 0 0 -0.0052729700691998 92.3742980957031
994 0 0 -0.00527272000908852 92.274299621582
993 0 0 -0.00527246994897723 92.1743011474609
992 0 0 -0.00527221988886595 92.0743026733398
991 0 0 -0.00527196982875466 91.9742965698242
990 0 0 -0.00527171976864338 91.8742980957031
989 0 0 -0.00527147017419338 91.774299621582
988 0 0 -0.00527120986953378 91.6743011474609
987 0 0 -0.00527095980942249 91.5743026733398
986 0 0 -0.0052707102149725 91.4742965698242
985 0 0 -0.00527044991031289 91.3742980957031
984 0 0 -0.00527019985020161 91.274299621582
983 0 0 -0.00526994001120329 91.1743011474609
982 0 0 -0.005269689951092 91.0743026733398
981 0 0 -0.00526943011209369 90.9742965698242
980 0 0 -0.00526916980743408 90.8742980957031
979 0 0 -0.00526890996843576 90.774299621582
978 0 0 -0.00526865990832448 90.6743011474609
977 0 0 -0.00526840006932616 90.5743026733398
976 0 0 -0.00526814023032784 90.4742965698242
975 0 0 -0.00526787992566824 90.3742980957031
974 0 0 -0.00526762008666992 90.274299621582
973 0 0 -0.00526735978201032 90.1743011474609
972 0 0 -0.00526709016412497 90.0743026733398
971 0 0 -0.00526682985946536 89.9742965698242
970 0 0 -0.00526657002046704 89.8742980957031
969 0 0 -0.00526631018146873 89.774299621582
968 0 0 -0.00526604009792209 89.6743011474609
967 0 0 -0.00526577979326248 89.5743026733398
966 0 0 -0.00526551017537713 89.4742965698242
965 0 0 -0.00526524987071753 89.3742980957031
964 0 0 -0.00526497978717089 89.274299621582
963 0 0 -0.00526471016928554 89.1743011474609
962 0 0 -0.00526444986462593 89.0743026733398
961 0 0 -0.00526417978107929 88.9742965698242
960 0 0 -0.00526391016319394 88.8742980957031
959 0 0 -0.0052636400796473 88.774299621582
958 0 0 -0.00526336999610066 88.6743011474609
957 0 0 -0.00526309991255403 88.5743026733398
956 0 0 -0.00526282982900739 88.4742965698242
955 0 0 -0.00526256021112204 88.3742980957031
954 0 0 -0.00526227988302708 88.274299621582
953 0 0 -0.00526200979948044 88.1743011474609
952 0 0 -0.00526174018159509 88.0743026733398
951 0 0 -0.00526145985350013 87.9742965698242
950 29 24 -0.00526118976995349 87.8742980957031
949 0 0 -0.00526090990751982 87.774299621582
948 0 0 -0.00526063982397318 87.6743011474609
947 0 0 -0.00526035996153951 87.5743026733398
946 0 0 -0.00526008009910583 87.4742965698242
945 0 0 -0.00525979977101088 87.3742980957031
944 0 0 -0.0052595199085772 87.274299621582
943 0 0 -0.00525924004614353 87.1743011474609
942 0 0 -0.00525896018370986 87.0743026733398
941 0 0 -0.0052586798556149 86.9742965698242
940 0 0 -0.00525839999318123 86.8742980957031
939 0 0 -0.00525812013074756 86.774299621582
938 0 0 -0.0052578398026526 86.6743011474609
937 0 0 -0.00525755016133189 86.5743026733398
936 0 0 -0.00525726983323693 86.4742965698242
935 0 0 -0.00525698997080326 86.3742980957031
934 0 0 -0.00525669986382127 86.274299621582
933 0 0 -0.00525641022250056 86.1743011474609
932 0 0 -0.0052561298944056 86.0743026733398
931 0 0 -0.00525583978742361 85.9742965698242
930 0 0 -0.00525555014610291 85.8742980957031
929 0 0 -0.00525526003912091 85.774299621582
928 0 0 -0.00525498017668724 85.6743011474609
927 0 0 -0.00525469006970525 85.5743026733398
926 0 0 -0.00525439018383622 85.4742965698242
925 0 0 -0.00525410007685423 85.3742980957031
924 0 0 -0.00525380996987224 85.274299621582
923 0 0 -0.00525351986289024 85.1743011474609
922 0 0 -0.00525321997702122 85.0743026733398
921 0 0 -0.00525292987003922 84.9742965698242
920 0 0 -0.00525264022871852 84.8742980957031
919 0 0 -0.00525233987718821 84.774299621582
918 0 0 -0.00525203999131918 84.6743011474609
917 0 0 -0.00525174988433719 84.5743026733398
916 0 0 -0.00525144999846816 84.4742965698242
915 0 0 -0.00525115011259913 84.3742980957031
914 0 0 -0.00525085022673011 84.274299621582
913 0 0 -0.00525054987519979 84.1743011474609
912 0 0 -0.00525024998933077 84.0743026733398
911 0 0 -0.00524995010346174 83.9742965698242
910 0 0 -0.00524965021759272 83.8742980957031
909 0 0 -0.0052493498660624 83.774299621582
908 0 0 -0.00524904020130634 83.6743011474609
907 0 0 -0.00524873984977603 83.5743026733398
906 0 0 -0.00524843018501997 83.4742965698242
905 0 0 -0.00524812983348966 83.3742980957031
904 0 0 -0.0052478201687336 83.274299621582
903 0 0 -0.00524751981720328 83.1743011474609
902 0 0 -0.00524721015244722 83.0743026733398
901 0 0 -0.00524690002202988 82.9742965698242
900 28 24 -0.00524658989161253 82.8742980957031
899 0 0 -0.00524628022685647 82.774299621582
898 0 0 -0.00524597009643912 82.6743011474609
897 0 0 -0.00524565996602178 82.5743026733398
896 0 0 -0.00524534983560443 82.4742965698242
895 0 0 -0.00524502992630005 82.3742980957031
894 0 0 -0.0052447197958827 82.274299621582
893 0 0 -0.00524439988657832 82.1743011474609
892 0 0 -0.00524409022182226 82.0743026733398
891 0 0 -0.00524376984685659 81.9742965698242
890 0 0 -0.00524346018210053 81.8742980957031
889 0 0 -0.00524313980713487 81.774299621582
888 0 0 -0.00524281989783049 81.6743011474609
887 0 0 -0.00524249998852611 81.5743026733398
886 0 0 -0.00524218007922173 81.4742965698242
885 0 0 -0.00524186016991735 81.3742980957031
884 0 0 -0.00524153979495168 81.274299621582
883 0 0 -0.0052412198856473 81.1743011474609
882 0 0 -0.00524089019745588 81.0743026733398
881 0 0 -0.00524056982249022 80.9742965698242
880 0 0 -0.0052402401342988 80.8742980957031
879 0 0 -0.00523992022499442 80.774299621582
878 0 0 -0.00523959007114172 80.6743011474609
877 0 0 -0.00523925991728902 80.5743026733398
876 0 0 -0.00523894000798464 80.4742965698242
875 0 0 -0.00523860985413194 80.3742980957031
874 0 0 -0.00523828016594052 80.274299621582
873 0 0 -0.00523795001208782 80.1743011474609
872 0 0 -0.00523761985823512 80.0743026733398
871 0 0 -0.00523727992549539 79.9742965698242
870 0 0 -0.00523694977164268 79.8742980957031
869 0 0 -0.00523662008345127 79.774299621582
868 0 0 -0.00523628015071154 79.6743011474609
867 0 0 -0.00523594999685884 79.5743026733398
866 0 0 -0.0052356100641191 79.4742965698242
865 0 0 -0.00523527013137937 79.3742980957031
864 0 0 -0.00523493019863963 79.274299621582
863 0 0 -0.00523460004478693 79.1743011474609
862 0 0 -0.0052342601120472 79.0743026733398
861 0 0 -0.00523390993475914 78.9742965698242
860 0 0 -0.00523357000201941 78.8742980957031
859 0 0 -0.00523323006927967 78.774299621582
858 0 0 -0.00523289013653994 78.6743011474609
857 0 0 -0.00523253995925188 78.5743026733398
856 0 0 -0.00523220002651215 78.4742965698242
855 0 0 -0.00523184984922409 78.3742980957031
854 0 0 -0.00523150991648436 78.274299621582
853 0 0 -0.00523116020485759 78.1743011474609
852 0 0 -0.00523081002756953 78.0743026733398
851 0 0 -0.00523045985028148 77.9742965698242
850 27 24 -0.00523011013865471 77.8742980957031
849 0 0 -0.00522975996136665 77.774299621582
848 0 0 -0.0052294097840786 77.6743011474609
847 0 0 -0.00522904982790351 77.5743026733398
846 0 0 -0.00522870011627674 77.4742965698242
845 0 0 -0.00522834016010165 77.3742980957031
844 0 0 -0.0052279899828136 77.274299621582
843 0 0 -0.00522763002663851 77.1743011474609
842 0 0 -0.00522727007046342 77.0743026733398
841 0 0 -0.00522691011428833 76.9742965698242
840 0 0 -0.00522655015811324 76.8742980957031
839 0 0 -0.00522619020193815 76.774299621582
838 0 0 -0.00522582978010178 76.6743011474609
837 0 0 -0.00522546982392669 76.5743026733398
836 0 0 -0.0052251098677516 76.4742965698242
835 0 0 -0.00522474013268948 76.3742980957031
834 0 0 -0.00522438017651439 76.274299621582
833 0 0 -0.00522400997579098 76.1743011474609
832 0 0 -0.00522363977506757 76.0743026733398
831 0 0 -0.00522327981889248 75.9742965698242
830 0 0 -0.00522291008383036 75.8742980957031
829 0 0 -0.00522253988310695 75.774299621582
828 0 0 -0.0052221599034965 75.6743011474609
827 0 0 -0.00522179016843438 75.5743026733398
826 0 0 -0.00522141996771097 75.4742965698242
825 0 0 -0.00522105023264885 75.3742980957031
824 0 0 -0.00522066978737712 75.274299621582
823 0 0 -0.00522028980776668 75.1743011474609
822 0 0 -0.00521992007270455 75.0743026733398
821 0 0 -0.00521954009309411 74.9742965698242
820 0 0 -0.00521916011348367 74.8742980957031
819 0 0 -0.00521878013387322 74.774299621582
818 0 0 -0.00521840015426278 74.6743011474609
817 0 0 -0.00521802017465234 74.5743026733398
816 0 0 -0.00521762995049357 74.4742965698242
815 0 0 -0.00521724997088313 74.3742980957031
814 0 0 -0.00521686021238565 74.274299621582
813 0 0 -0.00521648023277521 74.1743011474609
812 0 0 -0.00521609000861645 74.0743026733398
811 0 0 -0.00521569978445768 73.9742965698242
810 0 0 -0.00521531002596021 73.8742980957031
809 0 0 -0.00521491980180144 73.774299621582
808 0 0 -0.00521453004330397 73.6743011474609
807 0 0 -0.0052141398191452 73.5743026733398
806 0 0 -0.00521373981609941 73.4742965698242
805 0 0 -0.00521335005760193 73.3742980957031
804 0 0 -0.00521295005455613 73.274299621582
803 0 0 -0.00521255005151033 73.1743011474609
802 0 0 -0.00521215982735157 73.0743026733398
801 0 0 -0.00521175982430577 72.9742965698242
800 26 24 -0.00521135982125998 72.8742980957031
799 0 0 -0.00521095981821418 72.774299621582
798 0 0 -0.00521055003628135 72.6743011474609
797 0 0 -0.00521015003323555 72.5743026733398
796 0 0 -0.00520973978564143 72.4742965698242
795 0 0 -0.00520933978259563 72.3742980957031
794 0 0 -0.0052089300006628 72.274299621582
793 0 0 -0.00520852021872997 72.1743011474609
792 0 0 -0.00520810997113585 72.0743026733398
791 0 0 -0.00520770018920302 71.9742965698242
790 0 0 -0.00520728994160891 71.8742980957031
789 0 0 -0.00520688015967607 71.774299621582
788 0 0 -0.00520646991208196 71.6743011474609
787 0 0 -0.00520604988560081 71.5743026733398
786 0 0 -0.00520562985911965 71.4742965698242
785 0 0 -0.00520522007718682 71.3742980957031
784 0 0 -0.00520480005070567 71.274299621582
783 0 0 -0.00520438002422452 71.1743011474609
782 0 0 -0.00520395999774337 71.0743026733398
781 0 0 -0.00520353019237518 70.9742965698242
780 0 0 -0.00520311016589403 70.8742980957031
779 0 0 -0.00520269013941288 70.774299621582
778 0 0 -0.00520225986838341 70.6743011474609
777 0 0 -0.00520183006301522 70.5743026733398
776 0 0 -0.00520141003653407 70.4742965698242
775 0 0 -0.00520098023116589 70.3742980957031
774 0 0 -0.00520054996013641 70.274299621582
773 0 0 -0.00520010991021991 70.1743011474609
772 0 0 -0.00519968010485172 70.0743026733398
771 0 0 -0.00519924983382225 69.9742965698242
770 0 0 -0.00519880978390574 69.8742980957031
769 0 0 -0.00519837019965053 69.774299621582
768 0 0 -0.00519793992862105 69.6743011474609
767 0 0 -0.00519749987870455 69.5743026733398
766 0 0 -0.00519705982878804 69.4742965698242
765 0 0 -0.0051966099999845 69.3742980957031
764 0 0 -0.005196169950068 69.274299621582
763 0 0 -0.00519572990015149 69.1743011474609
762 0 0 -0.00519528007134795 69.0743026733398
761 0 0 -0.00519482977688313 68.9742965698242
760 0 0 -0.00519439019262791 68.8742980957031
759 0 0 -0.00519393989816308 68.774299621582
758 0 0 -0.00519347982481122 68.6743011474609
757 0 0 -0.00519302999600768 68.5743026733398
756 0 0 -0.00519258016720414 68.4742965698242
755 0 0 -0.00519212009385228 68.3742980957031
754 0 0 -0.00519166979938745 68.274299621582
753 0 0 -0.00519121019169688 68.1743011474609
752 0 0 -0.00519075011834502 68.0743026733398
751 0 0 -0.00519029004499316 67.9742965698242
750 25 24 -0.0051898299716413 67.8742980957031
749 0 0 -0.00518936989828944 67.774299621582
748 0 0 -0.00518890004605055 67.6743011474609
747 0 0 -0.00518843019381166 67.5743026733398
746 0 0 -0.00518797012045979 67.4742965698242
745 0 0 -0.00518749980255961 67.3742980957031
744 0 0 -0.00518702995032072 67.274299621582
743 0 0 -0.00518656009808183 67.1743011474609
742 0 0 -0.00518608000129461 67.0743026733398
741 0 0 -0.00518561014905572 66.9742965698242
740 0 0 -0.00518513005226851 66.8742980957031
739 0 0 -0.00518466020002961 66.774299621582
738 0 0 -0.0051841801032424 66.6743011474609
737 0 0 -0.00518370000645518 66.5743026733398
736 0 0 -0.00518321990966797 66.4742965698242
735 0 0 -0.00518273003399372 66.3742980957031
734 0 0 -0.00518224993720651 66.274299621582
733 0 0 -0.00518176006153226 66.1743011474609
732 0 0 -0.00518127996474504 66.0743026733398
731 0 0 -0.0051807900890708 65.9742965698242
730 0 0 -0.00518030021339655 65.8742980957031
729 0 0 -0.00517980987206101 65.774299621582
728 0 0 -0.00517931021749973 65.6743011474609
727 0 0 -0.0051788198761642 65.5743026733398
726 0 0 -0.00517832022160292 65.4742965698242
725 0 0 -0.00517782010138035 65.3742980957031
724 0 0 -0.00517731998115778 65.274299621582
723 0 0 -0.00517681986093521 65.1743011474609
722 0 0 -0.00517632020637393 65.0743026733398
721 0 0 -0.00517582008615136 64.9742965698242
720 0 0 -0.00517531018704176 64.8742980957031
719 0 0 -0.00517479982227087 64.774299621582
718 0 0 -0.00517428992316127 64.6743011474609
717 0 0 -0.00517378002405167 64.5743026733398
716 0 0 -0.00517327012494206 64.4742965698242
715 0 0 -0.00517276022583246 64.3742980957031
714 0 0 -0.00517224008217454 64.274299621582
713 0 0 -0.00517173018306494 64.1743011474609
712 0 0 -0.00517121003940701 64.0743026733398
711 0 0 -0.00517068989574909 63.9743003845215
710 0 0 -0.00517017021775246 63.8742980957031
709 0 0 -0.00516963982954621 63.774299621582
708 0 0 -0.00516912015154958 63.6743011474609
707 0 0 -0.00516859022900462 63.5742988586426
706 0 0 -0.00516805984079838 63.4743003845215
705 0 0 -0.00516752991825342 63.3742980957031
704 0 0 -0.00516699999570847 63.274299621582
703 0 0 -0.00516647007316351 63.1743011474609
702 0 0 -0.00516592990607023 63.0742988586426
701 0 0 -0.00516539998352528 62.9743003845215
700 24 24 -0.005164859816432 62.8742980957031
699 0 0 -0.00516432011500001 62.774299621582
698 0 0 -0.00516377994790673 62.6743011474609
697 0 0 -0.00516323000192642 62.5742988586426
696 0 0 -0.00516268983483315 62.4743003845215
695 0 0 -0.00516213988885283 62.3742980957031
694 0 0 -0.00516158994287252 62.274299621582
693 0 0 -0.00516103999689221 62.1743011474609
692 0 0 -0.0051604900509119 62.0742988586426
691 0 0 -0.00515992986038327 61.9743003845215
690 0 0 -0.00515937991440296 61.8742980957031
689 0 0 -0.00515882018953562 61.774299621582
688 0 0 -0.00515825999900699 61.6743011474609
687 0 0 -0.00515769980847836 61.5742988586426
686 0 0 -0.00515712983906269 61.4743003845215
685 0 0 -0.00515657011419535 61.3742980957031
684 0 0 -0.00515600014477968 61.274299621582
683 0 0 -0.00515543017536402 61.1743011474609
682 0 0 -0.00515486020594835 61.0742988586426
681 0 0 -0.0051542897708714 60.9743003845215
680 0 0 -0.00515371980145574 60.8742980957031
679 0 0 -0.00515314005315304 60.774299621582
678 0 0 -0.00515255983918905 60.6743011474609
677 0 0 -0.00515198009088635 60.5742988586426
676 0 0 -0.00515139987692237 60.4743003845215
675 0 0 -0.00515080988407135 60.3742980957031
674 0 0 -0.00515023013576865 60.274299621582
673 0 0 -0.00514964014291763 60.1743011474609
672 0 0 -0.00514905015006661 60.0742988586426
671 0 0 -0.0051484601572156 59.9743003845215
670 0 0 -0.00514785991981626 59.8742980957031
669 0 0 -0.00514726992696524 59.774299621582
668 0 0 -0.00514667015522718 59.6743011474609
667 0 0 -0.00514606991782784 59.5742988586426
666 0 0 -0.00514547014608979 59.4743003845215
665 0 0 -0.00514486012980342 59.3742980957031
664 0 0 -0.00514425989240408 59.274299621582
663 0 0 -0.00514364987611771 59.1743011474609
662 0 0 -0.00514303985983133 59.0742988586426
661 0 0 -0.00514242984354496 58.9743003845215
660 0 0 -0.00514181004837155 58.8742980957031
659 0 0 -0.00514118978753686 58.774299621582
658 0 0 -0.00514057977125049 58.6743011474609
657 0 0 -0.00513995997607708 58.5742988586426
656 0 0 -0.00513932993635535 58.4743003845215
655 0 0 -0.00513871014118195 58.3742980957031
654 0 0 -0.00513808010146022 58.274299621582
653 0 0 -0.00513745006173849 58.1743011474609
652 0 0 -0.00513682002201676 58.0742988586426
651 0 0 -0.00513618998229504 57.9743003845215
650 23 24 -0.00513555016368628 57.8742980957031
649 0 0 -0.00513490987941623 57.774299621582
648 0 0 -0.00513427006080747 57.6743011474609
647 0 0 -0.00513362977653742 57.5742988586426
646 0 0 -0.00513298017904162 57.4743003845215
645 0 0 -0.00513233989477158 57.3742980957031
644 0 0 -0.00513168983161449 57.274299621582
643 0 0 -0.00513102998957038 57.1743011474609
642 0 0 -0.0051303799264133 57.0742988586426
641 0 0 -0.00512972008436918 56.9743003845215
640 0 0 -0.0051290700212121 56.8742980957031
639 0 0 -0.00512839993461967 56.774299621582
638 0 0 -0.00512774009257555 56.6743011474609
637 0 0 -0.00512707978487015 56.5742988586426
636 0 0 -0.005126410163939 56.4743003845215
635 0 0 -0.00512574007734656 56.3742980957031
634 0 0 -0.00512506021186709 56.274299621582
633 0 0 -0.00512439012527466 56.1743011474609
632 0 0 -0.0051237097941339 56.0742988586426
631 0 0 -0.00512302992865443 55.9743003845215
630 0 0 -0.00512235006317496 55.8742980957031
629 0 0 -0.00512165995314717 55.774299621582
628 0 0 -0.0051209800876677 55.6743011474609
627 0 0 -0.00512028997763991 55.5742988586426
626 0 0 -0.00511959008872509 55.4743003845215
625 0 0 -0.0051188999786973 55.3742980957031
624 0 0 -0.00511820008978248 55.274299621582
623 0 0 -0.00511750020086765 55.1743011474609
622 0 0 -0.00511679984629154 55.0742988586426
621 0 0 -0.00511609017848969 54.9743003845215
620 0 0 -0.00511538982391357 54.8742980957031
619 0 0 -0.00511468015611172 54.774299621582
618 0 0 -0.00511395977810025 54.6743011474609
617 0 0 -0.0051132501102984 54.5742988586426
616 0 0 -0.00511253019794822 54.4743003845215
615 0 0 -0.00511180981993675 54.3742980957031
614 0 0 -0.00511108012869954 54.274299621582
613 0 0 -0.00511036021634936 54.1743011474609
612 0 0 -0.00510963005945086 54.0742988586426
611 0 0 -0.00510889990255237 53.9743003845215
610 0 0 -0.00510815996676683 53.8742980957031
609 0 0 -0.00510742980986834 53.774299621582
608 0 0 -0.0051066898740828 53.6743011474609
607 0 0 -0.00510594015941024 53.5742988586426
606 0 0 -0.00510520022362471 53.4743003845215
605 0 0 -0.00510445004329085 53.3742980957031
604 0 0 -0.005103699862957 53.274299621582
603 0 0 -0.00510293990373611 53.1743011474609
602 0 0 -0.00510219018906355 53.0742988586426
601 0 0 -0.00510143022984266 52.9743003845215
600 22 24 -0.00510066980496049 52.8742980957031
599 0 0 -0.00509990006685257 52.774299621582
598 0 0 -0.00509912986308336 52.6743011474609
597 0 0 -0.00509836012497544 52.5742988586426
596 0 0 -0.00509758992120624 52.4743003845215
595 0 0 -0.00509680993855 52.3742980957031
594 0 0 -0.00509602995589375 52.274299621582
593 0 0 -0.00509524997323751 52.1743011474609
592 0 0 -0.00509446021169424 52.0742988586426
591 0 0 -0.00509366998448968 51.9743003845215
590 0 0 -0.00509288022294641 51.8742980957031
589 0 0 -0.00509208021685481 51.774299621582
588 0 0 -0.00509128021076322 51.6743011474609
587 0 0 -0.00509048020467162 51.5742988586426
586 0 0 -0.00508968019858003 51.4743003845215
585 0 0 -0.00508886994794011 51.3742980957031
584 0 0 -0.00508806016296148 51.274299621582
583 0 0 -0.00508724013343453 51.1743011474609
582 0 0 -0.00508642988279462 51.0742988586426
581 0 0 -0.00508560007438064 50.9743003845215
580 0 0 -0.00508478004485369 50.8742980957031
579 0 0 -0.00508394977077842 50.774299621582
578 0 0 -0.00508311996236444 50.6743011474609
577 0 0 -0.00508229015395045 50.5742988586426
576 0 0 -0.00508145010098815 50.4743003845215
575 0 0 -0.00508061004802585 50.3742980957031
574 0 0 -0.00507976999506354 50.274299621582
573 0 0 -0.00507892016321421 50.1743011474609
572 0 0 -0.00507806986570358 50.0742988586426
571 0 0 -0.00507722003385425 49.9743003845215
570 0 0 -0.00507635995745659 49.8742980957031
569 0 0 -0.00507549988105893 49.774299621582
568 0 0 -0.00507463002577424 49.6743011474609
567 0 0 -0.00507376017048955 49.5742988586426
566 0 0 -0.00507288984954357 49.4743003845215
565 0 0 -0.00507201999425888 49.3742980957031
564 0 0 -0.00507113989442587 49.274299621582
563 0 0 -0.00507025979459286 49.1743011474609
562 0 0 -0.00506936991587281 49.0742988586426
561 0 0 -0.00506848003715277 48.9743003845215
560 0 0 -0.00506759015843272 48.8742980957031
559 0 0 -0.00506669003516436 48.774299621582
558 0 0 -0.00506578991189599 48.6743011474609
557 0 0 -0.00506488978862762 48.5742988586426
556 0 0 -0.00506397988647223 48.4743003845215
555 0 0 -0.00506306998431683 48.3742980957031
554 0 0 -0.00506214983761311 48.274299621582
553 0 0 -0.00506123015657067 48.1743011474609
552 0 0 -0.00506031000986695 48.0742988586426
551 0 0 -0.0050593800842762 47.9743003845215
550 21 24 -0.00505845015868545 47.8742980957031
549 0 0 -0.0050575197674334 47.774299621582
548 0 0 -0.00505658006295562 47.6743011474609
547 0 0 -0.00505563011392951 47.5742988586426
546 0 0 -0.00505468994379044 47.4743003845215
545 0 0 -0.00505373999476433 47.3742980957031
544 0 0 -0.0050527798011899 47.274299621582
543 0 0 -0.00505182007327676 47.1743011474609
542 0 0 -0.00505085987970233 47.0742988586426
541 0 0 -0.00504988990724087 46.9743003845215
540 0 0 -0.00504891993477941 46.8742980957031
539 0 0 -0.00504794018343091 46.774299621582
538 0 0 -0.00504695996642113 46.6743011474609
537 0 0 -0.00504598021507263 46.5742988586426
536 0 0 -0.00504499021917582 46.4743003845215
535 0 0 -0.005044000223279 46.3742980957031
534 0 0 -0.00504299998283386 46.274299621582
533 0 0 -0.00504200020805001 46.1743011474609
532 0 0 -0.00504099996760488 46.0742988586426
531 0 0 -0.00503998994827271 45.9743003845215
530 0 0 -0.0050389701500535 45.8742980957031
529 0 0 -0.00503794988617301 45.774299621582
528 0 0 -0.00503693008795381 45.6743011474609
527 0 0 -0.00503590004518628 45.5742988586426
526 0 0 -0.00503487000241876 45.4743003845215
525 0 0 -0.0050338301807642 45.3742980957031
524 0 0 -0.00503278989344835 45.274299621582
523 0 0 -0.00503173982724547 45.1743011474609
522 0 0 -0.00503069022670388 45.0742988586426
521 0 0 -0.005029640160501 44.9743003845215
520 0 0 -0.0050285798497498 44.8742980957031
519 0 0 -0.00502751022577286 44.774299621582
518 0 0 -0.00502644013613462 44.6743011474609
517 0 0 -0.00502537004649639 44.5742988586426
516 0 0 -0.00502429017797112 44.4743003845215
515 0 0 -0.00502320006489754 44.3742980957031
514 0 0 -0.00502210995182395 44.274299621582
513 0 0 -0.00502101983875036 44.1743011474609
512 0 0 -0.00501991994678974 44.0742988586426
511 0 0 -0.00501882005482912 43.9743003845215
510 0 0 -0.00501770991832018 43.8742980957031
509 0 0 -0.0050165900029242 43.774299621582
508 0 0 -0.00501547008752823 43.6743011474609
507 0 0 -0.00501435017213225 43.5742988586426
506 0 0 -0.00501322001218796 43.4743003845215
505 0 0 -0.00501208007335663 43.3742980957031
504 0 0 -0.0050109401345253 43.274299621582
503 0 0 -0.00500978995114565 43.1743011474609
502 0 0 -0.005008639767766 43.0742988586426
501 0 0 -0.00500749005004764 42.9743003845215
500 20 24 -0.00500631984323263 42.8742980957031
499 0 0 -0.00500515988096595 42.774299621582
498 0 0 -0.00500397989526391 42.6743011474609
497 0 0 -0.00500281015411019 42.5742988586426
496 0 0 -0.00500161992385983 42.4743003845215
495 0 0 -0.00500043015927076 42.3742980957031
494 0 0 -0.0049992399290204 42.274299621582
493 0 0 -0.00499803014099598 42.1743011474609
492 0 0 -0.00499683013185859 42.0742988586426
491 0 0 -0.00499561009928584 41.9743003845215
490 0 0 -0.00499439984560013 41.8742980957031
489 0 0 -0.00499317003414035 41.774299621582
488 0 0 -0.00499194022268057 41.6743011474609
487 0 0 -0.00499070016667247 41.5742988586426
486 0 0 -0.00498946011066437 41.4743003845215
485 0 0 -0.00498820981010795 41.3742980957031
484 0 0 -0.00498695997521281 41.274299621582
483 0 0 -0.00498569989576936 41.1743011474609
482 0 0 -0.00498443003743887 41.0742988586426
481 0 0 -0.00498316017910838 40.9743003845215
480 0 0 -0.00498188007622957 40.8742980957031
479 0 0 -0.00498059019446373 40.774299621582
478 0 0 -0.0049792998470366 40.6743011474609
477 0 0 -0.00497800018638372 40.5742988586426
476 0 0 -0.00497670006006956 40.4743003845215
475 0 0 -0.00497539015486836 40.3742980957031
474 0 0 -0.00497407000511885 40.274299621582
473 0 0 -0.00497274985536933 40.1743011474609
472 0 0 -0.00497141014784575 40.0742988586426
471 0 0 -0.00497008021920919 39.9743003845215
470 0 0 -0.004968729801476 39.8742980957031
469 0 0 -0.0049673798494041 39.774299621582
468 0 0 -0.00496602011844516 39.6743011474609
467 0 0 -0.00496465992182493 39.5742988586426
466 0 0 -0.00496328994631767 39.4743003845215
465 0 0 -0.00496191019192338 39.3742980957031
464 0 0 -0.00496052019298077 39.274299621582
463 0 0 -0.00495913019403815 39.1743011474609
462 0 0 -0.00495772995054722 39.0742988586426
461 0 0 -0.00495631992816925 38.9743003845215
460 0 0 -0.00495490012690425 38.8742980957031
459 0 0 -0.00495347985997796 38.774299621582
458 0 0 -0.00495204981416464 38.6743011474609
457 0 0 -0.00495060998946428 38.5742988586426
456 0 0 -0.00494917016476393 38.4743003845215
455 0 0 -0.00494772009551525 38.3742980957031
454 0 0 -0.00494625978171825 38.274299621582
453 0 0 -0.00494479015469551 38.1743011474609
452 0 0 -0.00494330981746316 38.0742988586426
451 0 0 -0.0049418299458921 37.9743003845215
450 19 24 -0.00494033982977271 37.8742980957031
449 0 0 -0.00493883993476629 37.774299621582
448 0 0 -0.00493732979521155 37.6743011474609
447 0 0 -0.0049358201213181 37.5742988586426
446 0 0 -0.00493428995832801 37.4743003845215
445 0 0 -0.00493275979533792 37.3742980957031
444 0 0 -0.00493121985346079 37.274299621582
443 0 0 -0.00492967991158366 37.1743011474609
442 0 0 -0.00492811994627118 37.0742988586426
441 0 0 -0.00492655020207167 36.9743003845215
440 0 0 -0.00492497999221087 36.8742980957031
439 0 0 -0.00492340000346303 36.774299621582
438 0 0 -0.00492180977016687 36.6743011474609
437 0 0 -0.00492021022364497 36.5742988586426
436 0 0 -0.00491859996691346 36.4743003845215
435 0 0 -0.00491697993129492 36.3742980957031
434 0 0 -0.00491535989567637 36.274299621582
433 0 0 -0.00491371983662248 36.1743011474609
432 0 0 -0.00491207977756858 36.0742988586426
431 0 0 -0.00491042016074061 35.9743003845215
430 0 0 -0.00490876007825136 35.8742980957031
429 0 0 -0.00490709021687508 35.774299621582
428 0 0 -0.00490539986640215 35.6743011474609
427 0 0 -0.00490370998159051 35.5742988586426
426 0 0 -0.00490200985223055 35.4743003845215
425 0 0 -0.00490029994398355 35.3742980957031
424 0 0 -0.00489857979118824 35.274299621582
423 0 0 -0.00489684985950589 35.1743011474609
422 0 0 -0.00489511014893651 35.0742988586426
421 0 0 -0.00489336019381881 34.9743003845215
420 0 0 -0.00489159999415278 34.8742980957031
419 0 0 -0.00488983001559973 34.774299621582
418 0 0 -0.00488804979249835 34.6743011474609
417 0 0 -0.00488625979050994 34.5742988586426
416 0 0 -0.00488446000963449 34.4743003845215
415 0 0 -0.00488264998421073 34.3742980957031
414 0 0 -0.00488081993535161 34.274299621582
413 0 0 -0.00487898988649249 34.1743011474609
412 0 0 -0.00487713981419802 34.0742988586426
411 0 0 -0.00487529020756483 33.9743003845215
410 0 0 -0.004873420111835 33.8742980957031
409 0 0 -0.00487155001610518 33.774299621582
408 0 0 -0.00486965989693999 33.6743011474609
407 0 0 -0.00486775999888778 33.5742988586426
406 0 0 -0.00486584985628724 33.4743003845215
405 0 0 -0.00486392015591264 33.3742980957031
404 0 0 -0.00486198998987675 33.274299621582
403 0 0 -0.0048600398004055 33.1743011474609
402 0 0 -0.00485807983204722 33.0742988586426
401 0 0 -0.00485611008480191 32.9743003845215
400 18 24 -0.00485413009300828 32.8742980957031
399 0 0 -0.00485213985666633 32.774299621582
398 0 0 -0.00485013006255031 32.6743011474609
397 0 0 -0.00484811002388597 32.5742988586426
396 0 0 -0.00484608020633459 32.4743003845215
395 0 0 -0.0048440401442349 32.3742980957031
394 0 0 -0.00484198005869985 32.274299621582
393 0 0 -0.00483991019427776 32.1743011474609
392 0 0 -0.00483783008530736 32.0742988586426
391 0 0 -0.0048357299529016 31.9743003845215
390 0 0 -0.00483362004160881 31.8743000030518
389 0 0 -0.0048314998857677 31.774299621582
388 0 0 -0.00482936017215252 31.6742992401123
387 0 0 -0.00482721021398902 31.5743007659912
386 0 0 -0.0048250500112772 31.4743003845215
385 0 0 -0.00482286978513002 31.3743000030518
384 0 0 -0.00482067978009582 31.274299621582
383 0 0 -0.00481847999617457 31.1742992401123
382 0 0 -0.00481626018881798 31.0743007659912
381 0 0 -0.00481401989236474 30.9743003845215
380 0 0 -0.00481176981702447 30.8743000030518
379 0 0 -0.00480950996279716 30.774299621582
378 0 0 -0.00480723008513451 30.6742992401123
377 0 0 -0.00480493996292353 30.5743007659912
376 0 0 -0.00480262981727719 30.4743003845215
375 0 0 -0.00480030011385679 30.3743000030518
374 0 0 -0.0047979699447751 30.274299621582
373 0 0 -0.00479560997337103 30.1742992401123
372 0 0 -0.00479324022307992 30.0743007659912
371 0 0 -0.00479084998369217 29.9743003845215
370 0 0 -0.00478844996541739 29.8743000030518
369 0 0 -0.00478602992370725 29.774299621582
368 0 0 -0.00478360010311007 29.6742992401123
367 0 0 -0.00478114001452923 29.5743007659912
366 0 0 -0.00477867992594838 29.4743003845215
365 0 0 -0.00477619003504515 29.3743000030518
364 0 0 -0.00477368989959359 29.274299621582
363 0 0 -0.00477117020636797 29.1742992401123
362 0 0 -0.00476863002404571 29.0743007659912
361 0 0 -0.00476606981828809 28.9743003845215
360 0 0 -0.00476349983364344 28.8743000030518
359 0 0 -0.00476090982556343 28.774299621582
358 0 0 -0.00475829979404807 28.6742992401123
357 0 0 -0.00475567020475864 28.5743007659912
356 0 0 -0.00475302990525961 28.4743995666504
355 0 0 -0.00475035980343819 28.3743991851807
354 0 0 -0.00474767992272973 28.2744007110596
353 0 0 -0.00474498001858592 28.1744003295898
352 0 0 -0.00474224984645844 28.0743999481201
351 0 0 -0.00473950989544392 27.9743995666504
350 17 24 -0.00473674992099404 27.8743991851807
349 0 0 -0.00473396992310882 27.7744007110596
348 0 0 -0.0047311601229012 27.6744003295898
347 0 0 -0.00472834007814527 27.5743999481201
346 0 0 -0.00472550000995398 27.4743995666504
345 0 0 -0.0047226301394403 27.3743991851807
344 0 0 -0.0047197500243783 27.2744007110596
343 0 0 -0.00471684010699391 27.1744003295898
342 0 0 -0.00471391016617417 27.0743999481201
341 0 0 -0.00471096020191908 26.9743995666504
340 0 0 -0.00470799021422863 26.8743991851807
339 0 0 -0.00470500020310283 26.7744007110596
338 0 0 -0.00470197992399335 26.6744003295898
337 0 0 -0.0046989400871098 26.5743999481201
336 0 0 -0.0046958802267909 26.4743995666504
335 0 0 -0.00469279009848833 26.3743991851807
334 0 0 -0.0046896799467504 26.2744007110596
333 0 0 -0.00468653999269009 26.1744003295898
332 0 0 -0.00468338979408145 26.0743999481201
331 0 0 -0.00468020001426339 25.9743995666504
330 0 0 -0.00467699021100998 25.8743991851807
329 0 0 -0.00467375991865993 25.7744007110596
328 0 0 -0.00467049982398748 25.6744003295898
327 0 0 -0.00466722017154098 25.5743999481201
326 0 0 -0.0046639097854495 25.4743995666504
325 0 0 -0.00466057006269693 25.3743991851807
324 0 0 -0.00465720985084772 25.2744007110596
323 0 0 -0.00465381983667612 25.1744003295898
322 0 0 -0.00465040002018213 25.0743999481201
321 0 0 -0.00464696018025279 24.9743995666504
320 0 0 -0.00464349007233977 24.8743991851807
319 0 0 -0.00463999016210437 24.7744007110596
318 0 0 -0.00463645998388529 24.6744003295898
317 0 0 -0.00463290000334382 24.5743999481201
316 0 0 -0.00462931022047997 24.4743995666504
315 0 0 -0.00462569016963243 24.3743991851807
314 0 0 -0.00462205009534955 24.2744007110596
313 0 0 -0.00461836997419596 24.1744003295898
312 0 0 -0.00461466005071998 24.0743999481201
311 0 0 -0.00461091985926032 23.9743995666504
310 0 0 -0.00460714986547828 23.8743991851807
309 0 0 -0.00460335006937385 23.7744007110596
308 0 0 -0.00459951022639871 23.6744003295898
307 0 0 -0.00459564011543989 23.5743999481201
306 0 0 -0.00459174020215869 23.4743995666504
305 0 0 -0.00458781002089381 23.3743991851807
304 0 0 -0.00458383979275823 23.2744007110596
303 0 0 -0.00457984022796154 23.1744003295898
302 0 0 -0.00457580015063286 23.0743999481201
301 0 0 -0.00457172002643347 22.9743995666504
300 16 24 -0.00456761009991169 22.8743991851807
299 0 0 -0.00456346990540624 22.7744007110596
298 0 0 -0.00455929012969136 22.6744003295898
297 0 0 -0.00455506984144449 22.5743999481201
296 0 0 -0.0045508099719882 22.4743995666504
295 0 0 -0.0045465100556612 22.3743991851807
294 0 0 -0.00454217987135053 22.2744007110596
293 0 0 -0.00453779986128211 22.1744003295898
292 0 0 -0.00453339004889131 22.0743999481201
291 0 0 -0.00452892994508147 21.9743995666504
290 0 0 -0.00452444003894925 21.8743991851807
289 0 0 -0.004519899841398 21.7744007110596
288 0 0 -0.00451532006263733 21.6744003295898
287 0 0 -0.00451069977134466 21.5743999481201
286 0 0 -0.00450603011995554 21.4743995666504
285 0 0 -0.00450131995603442 21.3743991851807
284 0 0 -0.00449657021090388 21.2744007110596
283 0 0 -0.00449177017435431 21.1744003295898
282 0 0 -0.00448691984638572 21.0743999481201
281 0 0 -0.0044820299372077 20.9743995666504
280 0 0 -0.00447709020227194 20.8743991851807
279 0 0 -0.00447210995480418 20.7744007110596
278 0 0 -0.00446707010269165 20.6744003295898
277 0 0 -0.00446199020370841 20.5743999481201
276 0 0 -0.00445684976875782 20.4743995666504
275 0 0 -0.0044516702182591 20.3743991851807
274 0 0 -0.00444643013179302 20.2744007110596
273 0 0 -0.00444114021956921 20.1744003295898
272 0 0 -0.00443580001592636 20.0743999481201
271 0 0 -0.00443040020763874 19.9743995666504
270 0 0 -0.00442495010793209 19.8743991851807
269 0 0 -0.00441943993791938 19.7744007110596
268 0 0 -0.00441387994214892 19.6744003295898
267 0 0 -0.00440825987607241 19.574499130249
266 0 0 -0.00440258020535111 19.4745006561279
265 0 0 -0.00439684977754951 19.3745002746582
264 0 0 -0.00439104996621609 19.2744998931885
263 0 0 -0.00438519008457661 19.1744995117188
262 0 0 -0.00437927013263106 19.074499130249
261 0 0 -0.00437329011037946 18.9745006561279
260 0 0 -0.00436723977327347 18.8745002746582
259 0 0 -0.0043611298315227 18.7744998931885
258 0 0 -0.00435495981946588 18.6744995117188
257 0 0 -0.00434871017932892 18.574499130249
256 0 0 -0.00434240000322461 18.4745006561279
255 0 0 -0.00433601997792721 18.3745002746582
254 0 0 -0.00432957010343671 18.2744998931885
253 0 0 -0.00432304013520479 18.1744995117188
252 0 0 -0.00431645009666681 18.074499130249
251 0 0 -0.00430977996438742 17.9745006561279
250 15 24 -0.00430303998291492 17.8745002746582
249 0 0 -0.00429621012881398 17.7744998931885
248 0 0 -0.00428932020440698 17.6744995117188
247 0 0 -0.00428233994171023 17.574499130249
246 0 0 -0.00427528005093336 17.4745006561279
245 0 0 -0.00426814006641507 17.3745002746582
244 0 0 -0.00426091998815536 17.2744998931885
243 0 0 -0.00425361003726721 17.1744995117188
242 0 0 -0.00424621999263763 17.074499130249
241 0 0 -0.00423874007537961 16.9745006561279
240 0 0 -0.00423116981983185 16.8745002746582
239 0 0 -0.00422351015731692 16.7744998931885
238 0 0 -0.00421574991196394 16.6744995117188
237 0 0 -0.00420791003853083 16.574499130249
236 0 0 -0.00419995980337262 16.4745006561279
235 0 0 -0.00419192016124725 16.3745002746582
234 0 0 -0.00418377993628383 16.2744998931885
233 0 0 -0.00417554005980492 16.1746006011963
232 0 0 -0.00416720006614923 16.0746002197266
231 0 0 -0.00415875017642975 15.9745998382568
230 0 0 -0.00415018992498517 15.8746004104614
229 0 0 -0.00414151977747679 15.7746000289917
228 0 0 -0.00413274997845292 15.674599647522
227 0 0 -0.00412386003881693 15.5746002197266
226 0 0 -0.00411484995856881 15.4745998382568
225 0 0 -0.00410572998225689 15.3746004104614
224 0 0 -0.00409648008644581 15.2746000289917
223 0 0 -0.00408711982890964 15.174599647522
222 0 0 -0.00407763011753559 15.0746002197266
221 0 0 -0.0040680100210011 14.9745998382568
220 0 0 -0.00405826000496745 14.8746004104614
219 0 0 -0.00404838006943464 14.7746000289917
218 0 0 -0.00403835996985435 14.674599647522
217 0 0 -0.00402820995077491 14.5746002197266
216 0 0 -0.00401790998876095 14.4745998382568
215 0 0 -0.00400746986269951 14.3746004104614
214 0 0 -0.00399689003825188 14.2746000289917
213 0 0 -0.00398615002632141 14.1746997833252
212 0 0 -0.00397526007145643 14.0747003555298
211 0 0 -0.00396422017365694 13.9746999740601
210 0 0 -0.00395300984382629 13.8746995925903
209 0 0 -0.0039416397921741 13.7747001647949
208 0 0 -0.00393011001870036 13.6746997833252
207 0 0 -0.00391840003430843 13.5747003555298
206 0 0 -0.00390652008354664 13.4746999740601
205 0 0 -0.00389445992186666 13.3746995925903
204 0 0 -0.00388222001492977 13.2747001647949
203 0 0 -0.00386978988535702 13.1746997833252
202 0 0 -0.0038571699988097 13.0747003555298
201 0 0 -0.0038443598896265 12.9746999740601
200 14 24 -0.00383134000003338 12.8747997283936
199 0 0 -0.00381812010891736 12.7748003005981
198 0 0 -0.00380469998344779 12.6747999191284
197 0 0 -0.00379106006585062 12.5747995376587
196 0 0 -0.00377719989046454 12.4748001098633
195 0 0 -0.00376310991123319 12.3747997283936
194 0 0 -0.0037487898953259 12.2748003005981
193 0 0 -0.00373424007557333 12.1747999191284
192 0 0 -0.0037194499745965 12.0747995376587
191 0 0 -0.00370441004633904 11.9748001098633
190 0 0 -0.00368912005797029 11.8747997283936
189 0 0 -0.0036735599860549 11.7749004364014
188 0 0 -0.00365774007514119 11.6749000549316
187 0 0 -0.00364165008068085 11.5748996734619
186 0 0 -0.00362526997923851 11.4749002456665
185 0 0 -0.0036086100153625 11.3748998641968
184 0 0 -0.00359164993278682 11.2749004364014
183 0 0 -0.00357438996434212 11.1749000549316
182 0 0 -0.00355681008659303 11.0749998092651
181 0 0 -0.00353891006670892 10.9750003814697
180 0 0 -0.00352068990468979 10.875
179 0 0 -0.00350213004276156 10.7749996185303
178 0 0 -0.00348322000354528 10.6750001907349
177 0 0 -0.00346395000815392 10.5749998092651
176 0 0 -0.00344431004486978 10.4750003814697
175 0 0 -0.00342430011369288 10.3751001358032
174 0 0 -0.00340389995835721 10.2750997543335
173 0 0 -0.00338309002108872 10.1751003265381
172 0 0 -0.00336188008077443 10.0750999450684
171 0 0 -0.0033402401022613 9.97513961791992
170 0 0 -0.00331816007383168 9.87516021728516
169 0 0 -0.00329562998376787 9.77517986297607
168 0 0 -0.00327264005318284 9.67520046234131
167 0 0 -0.0032491700258106 9.57522010803223
166 0 0 -0.00322520011104643 9.47523975372314
165 0 0 -0.0032007300760597 9.37526988983154
164 0 0 -0.00317572988569736 9.27528953552246
163 0 0 -0.00315018999390304 9.17531967163086
162 0 0 -0.00312407989986241 9.07534980773926
161 0 0 -0.00309740006923676 8.97537040710449
160 0 0 -0.00307012000121176 8.87539958953857
159 0 0 -0.0030422299169004 8.77542972564697
158 0 0 -0.00301369000226259 8.67545986175537
157 0 0 -0.00298449001275003 8.57548999786377
156 0 0 -0.00295460992492735 8.47552013397217
155 0 0 -0.00292401993647218 8.37555980682373
154 0 0 -0.00289270002394915 8.27558994293213
153 0 0 -0.00286061991937459 8.17562961578369
152 0 0 -0.00282775005325675 8.07567024230957
151 0 0 -0.00279405992478132 7.97570991516113
150 13 24 -0.00275952997617424 7.87575006484985
149 0 0 -0.00272411992773414 7.77579021453857
148 0 0 -0.00268778996542096 7.67583990097046
147 0 0 -0.00265052006579936 7.57588005065918
146 0 0 -0.00261226994916797 7.47593021392822
145 0 0 -0.0025729900225997 7.37597990036011
144 0 0 -0.00253264000639319 7.27603006362915
143 0 0 -0.00249119009822607 7.17608976364136
142 0 0 -0.00244857999496162 7.0761399269104
141 0 0 -0.00240477011539042 6.97620010375977
140 0 0 -0.0023597099352628 6.87626981735229
139 0 0 -0.00231334008276463 6.77632999420166
138 0 0 -0.00226561003364623 6.67640018463135
137 0 0 -0.0022164499387145 6.57646989822388
136 0 0 -0.00216579996049404 6.47654008865356
135 0 0 -0.00211361004039645 6.37661981582642
134 0 0 -0.00205978006124496 6.27670001983643
133 0 0 -0.00200424995273352 6.17679023742676
132 0 0 -0.00194693997036666 6.07687997817993
131 0 0 -0.00188776000868529 5.97697019577026
130 0 0 -0.00182661996223032 5.87706995010376
129 0 0 -0.00176341994665563 5.77718019485474
128 0 0 -0.00169806997291744 5.67728996276855
127 0 0 -0.00163042999338359 5.57740020751953
126 0 0 -0.00156041001901031 5.47753000259399
125 0 0 -0.00149782001972198 5.39113998413086
124 0 0 -0.00143326004035771 5.30475997924805
123 0 0 -0.00136663997545838 5.21837997436523
122 0 0 -0.00129785004537553 5.13200998306274
121 0 0 -0.00122680002823472 5.04565000534058
120 0 0 -0.00115337001625448 4.95929002761841
119 0 0 -0.00107744999695569 4.87294006347656
118 0 0 -0.000998907024040818 4.78660011291504
117 0 0 -0.000917606987059116 4.70027017593384
116 0 0 -0.000833405996672809 4.61393976211548
115 0 0 -0.000746149977203459 4.52762985229492
114 0 0 -0.000655675015877932 4.44131994247437
113 0 0 -0.000561802997253835 4.35502004623413
112 0 0 -0.000464345997897908 4.26874017715454
111 0 0 -0.000397282012272626 4.21121978759766
110 0 0 -0.000328471011016518 4.15370988845825
109 0 0 -0.00025784398894757 4.09621000289917
108 0 0 -0.000185330995009281 4.03871011734009
107 0 0 -0.000110858003608882 3.98122000694275
106 0 0 -3.43477004207671E-05 3.92373991012573
105 0 0 4.42833988927305E-05 3.86626005172729
104 0 0 0.000125121005112305 3.8087899684906
103 0 0 0.000208256999030709 3.75132989883423
102 0 0 0.000293786986730993 3.69388008117676
101 0 0 0.000381811987608671 3.63643002510071
100 12 24 0.000472440005978569 3.5789999961853
99 0 0 0.000565783004276454 3.5215699672699
98 0 0 0.000661959988065064 3.46415996551514
97 0 0 0.000761097995564342 3.40674996376038
96 0 0 0.00086333102080971 3.34935998916626
95 0 0 0.000933274975977838 3.31111001968384
94 0 0 0.00100469996687025 3.27286005020142
93 0 0 0.00107764999847859 3.23461008071899
92 0 0 0.00115218001883477 3.19637989997864
91 0 0 0.00122832995839417 3.15813994407654
90 0 0 0.00130616000387818 3.11992001533508
89 0 0 0.00138571998104453 3.08170008659363
88 0 0 0.00146705994848162 3.04348993301392
87 0 0 0.00155024998821318 3.00529003143311
86 0 0 0.00163534004241228 2.96708989143372
85 0 0 0.00172239996027201 2.92890000343323
84 0 0 0.00181149004492909 2.89071989059448
83 0 0 0.00190268002916127 2.85255002975464
82 0 0 0.00199604011140764 2.81437993049622
81 0 0 0.00209164991974831 2.77623009681702
80 0 0 0.00218958989717066 2.73808002471924
79 0 0 0.00228993990458548 2.6999499797821
78 0 0 0.00239278003573418 2.66181993484497
77 0 0 0.00249818991869688 2.62370991706848
76 0 0 0.00260628992691636 2.58559989929199
75 0 0 0.00271714990958571 2.54750990867615
74 0 0 0.00283089000731707 2.50942993164063
73 0 0 0.00294762011617422 2.47135996818542
72 0 0 0.00306743010878563 2.43331003189087
71 0 0 0.00319045991636813 2.39526009559631
70 0 0 0.00331681990064681 2.35722994804382
69 0 0 0.00344663998112082 2.31922006607056
68 0 0 0.00353517010807991 2.29387998580933
67 0 0 0.00362535007297993 2.26855993270874
66 0 0 0.00371721992269158 2.24323010444641
65 0 0 0.00381080992519855 2.21792006492615
64 0 0 0.00390616990625858 2.19261002540588
63 0 0 0.00400335993617773 2.16730999946594
62 0 0 0.00410242006182671 2.14201998710632
61 0 0 0.00420340010896325 2.11673998832703
60 0 0 0.00430636014789343 2.09145998954773
59 0 0 0.00441135000437498 2.06619000434875
58 0 0 0.00451841996982694 2.04094004631042
57 0 0 0.00462763989344239 2.01568007469177
56 0 0 0.00473906984552741 1.99044001102448
55 0 0 0.00485276011750102 1.9652099609375
54 0 0 0.00496878987178206 1.93999004364014
53 0 0 0.00508722010999918 1.91477000713348
52 0 0 0.00520812021568418 1.88956999778748
51 0 0 0.00533156003803015 1.86436998844147
50 11 24 0.0054576201364398 1.8391900062561
49 0 0 0.00558638013899326 1.81402003765106
48 0 0 0.00571792013943195 1.78884994983673
47 0 0 0.00585232023149729 1.76370000839233
46 0 0 0.0059896600432694 1.73855996131897
45 0 0 0.00613004993647337 1.71343004703522
44 0 0 0.00627357000485063 1.68832004070282
43 0 0 0.00642031989991665 1.66321003437042
42 0 0 0.00657040998339653 1.63812005519867
41 0 0 0.00672393012791872 1.61302995681763
40 0 0 0.00688100978732109 1.58797001838684
39 0 0 0.00704175001010299 1.56290996074677
38 0 0 0.00720627000555396 1.53787004947662
37 0 0 0.00737470015883446 1.51284003257751
36 0 0 0.00748921977356076 1.49616003036499
35 0 0 0.00760558014735579 1.47949004173279
34 0 0 0.00772381015121937 1.46282005310059
33 0 0 0.00784396007657051 1.44615995883942
32 0 0 0.00796607043594122 1.42950999736786
31 0 0 0.00809018034487963 1.4128600358963
30 0 0 0.00821635033935308 1.39621996879578
29 0 0 0.00834461022168398 1.37959003448486
28 0 0 0.00847501959651709 1.36295998096466
27 0 0 0.00860762037336826 1.34633994102478
26 0 0 0.00874247029423714 1.32972002029419
25 0 0 0.00887961965054274 1.31312000751495
24 0 0 0.00901912990957499 1.29651999473572
23 0 0 0.00916105043143034 1.27991998195648
22 0 0 0.00930542964488268 1.26333999633789
21 0 0 0.00945235043764114 1.2467600107193
20 0 0 0.00960185006260872 1.23019003868103
19 0 0 0.00975400023162365 1.21361994743347
18 0 0 0.00990886986255646 1.19707000255585
17 0 0 0.0100664999336004 1.18052005767822
16 0 0 0.0102270003408194 1.16398000717163
15 0 0 0.0103904996067286 1.14744997024536
14 0 0 0.0105568999424577 1.13092005252838
13 0 0 0.0107263997197151 1.11440002918243
12 0 0 0.0108991004526615 1.09790003299713
11 0 0 0.0110750002786517 1.08140003681183
10 0 0 0.0112541997805238 1.06491005420685
9 0 0 0.0114367995411158 1.04841995239258
8 0 0 0.0116229001432657 1.03194999694824
7 0 0 0.011748899705708 1.02098000049591
6 0 0 0.011833899654448 1.01365995407104
5 0 0 0.0118909003213048 1.00879001617432
4 0 0 0.0119291003793478 1.00554001331329
3 0 0 0.0119545999914408 1.0033700466156
2 0 0 0.0119717000052333 1.00192999839783
1 0 0 0.0119944997131824 1
1 0 0 0.0119944997131824 1
2 0 0 0.0120173003524542 0.998075008392334
3 0 0 0.0120345000177622 0.996631026268005
4 0 0 0.0120603004470468 0.994464993476868
5 0 0 0.0120991999283433 0.991217017173767
6 0 0 0.0121577000245452 0.986346006393433
7 0 0 0.0122461998835206 0.979040026664734
8 0 0 0.0123803000897169 0.968086004257202
9 0 0 0.0125160999596119 0.957136988639832
10 0 0 0.0126537997275591 0.946192979812622
11 0 0 0.012793299742043 0.935253977775574
12 0 0 0.0129346000030637 0.924320995807648
13 0 0 0.013077899813652 0.913393020629883
14 0 0 0.0132229998707771 0.902471005916595
15 0 0 0.0133701004087925 0.891556024551392
16 0 0 0.013519199565053 0.880645990371704
17 0 0 0.0136703001335263 0.8697429895401
18 0 0 0.0138234002515674 0.858846008777618
19 0 0 0.0139785995706916 0.847957015037537
20 0 0 0.0141359996050596 0.837074995040894
21 0 0 0.0142954997718334 0.826201021671295
22 0 0 0.0144573003053665 0.815334975719452
23 0 0 0.0146212000399828 0.804476976394653
24 0 0 0.0147874997928739 0.793627977371216
25 0 0 0.0149560002610087 0.782788991928101
26 0 0 0.0151268998160958 0.771959006786346
27 0 0 0.0153002003207803 0.761139988899231
28 0 0 0.0154758999124169 0.750331997871399
29 0 0 0.0156541001051664 0.739535987377167
30 0 0 0.0158348008990288 0.728751003742218
31 0 0 0.0160179995000362 0.717980027198792
32 0 0 0.0162039007991552 0.707221984863281
33 0 0 0.0163922999054193 0.696479022502899
34 0 0 0.0165833998471498 0.685751020908356
35 0 0 0.0167772006243467 0.675040006637573
36 0 0 0.0169737003743649 0.664345979690552
37 0 0 0.0171729996800423 0.653670012950897
38 0 0 0.0173751004040241 0.643014013767242
39 0 0 0.0175800006836653 0.632378995418549
40 0 0 0.0177877992391586 0.621765971183777
41 0 0 0.0179984997957945 0.611176013946533
42 0 0 0.0182121004909277 0.600610971450806
43 0 0 0.0184287000447512 0.590071976184845
44 0 0 0.018648199737072 0.57956200838089
45 0 0 0.0188708007335663 0.569082021713257
46 0 0 0.0190963000059128 0.558633029460907
47 0 0 0.0193249005824327 0.548218011856079
48 0 0 0.019556600600481 0.537838995456696
49 0 0 0.0197912994772196 0.527498006820679
50 2 24 0.0200290996581316 0.517197012901306
51 0 0 0.020269900560379 0.506938993930817
52 0 0 0.0205138009041548 0.496726006269455
53 0 0 0.0207608006894588 0.486561000347137
54 0 0 0.0210107993334532 0.476446002721786
55 0 0 0.02126369997859 0.466385006904602
56 0 0 0.0215197000652552 0.456380993127823
57 0 0 0.0217786002904177 0.446435004472733
58 0 0 0.0220404993742704 0.436553001403809
59 0 0 0.0223051998764277 0.426735997200012
60 0 0 0.0225725993514061 0.416988998651505
61 0 0 0.022842900827527 0.407314002513885
62 0 0 0.0231158006936312 0.397715985774994
63 0 0 0.0233912002295256 0.388197004795074
64 0 0 0.0236692000180483 0.378762006759644
65 0 0 0.0239496007561684 0.369414001703262
66 0 0 0.0242322999984026 0.360155999660492
67 0 0 0.0245171003043652 0.350993007421494
68 0 0 0.0248039998114109 0.341926991939545
69 0 0 0.0250927992165089 0.332962989807129
70 0 0 0.0253835003823042 0.324104994535446
71 0 0 0.0256756991147995 0.315353989601135
72 0 0 0.0259694997221231 0.306715995073318
73 0 0 0.026264600455761 0.298193007707596
74 0 0 0.0265608001500368 0.289788991212845
75 0 0 0.0268581006675959 0.281504988670349
76 0 0 0.0271562002599239 0.273346990346909
77 0 0 0.0274548996239901 0.265314996242523
78 0 0 0.0277541000396013 0.257411986589432
79 0 0 0.0280536003410816 0.249641999602318
80 0 0 0.0283531993627548 0.242005005478859
81 0 0 0.0286525990813971 0.234503999352455
82 0 0 0.0289519000798464 0.227140992879868
83 0 0 0.0292505994439125 0.219916999340057
84 0 0 0.0295487008988857 0.212832003831863
85 0 0 0.0298459008336067 0.205889001488686
86 0 0 0.0301421992480755 0.199086993932724
87 0 0 0.0304371993988752 0.19242799282074
88 0 0 0.0307308994233608 0.185911998152733
89 0 0 0.0310229994356632 0.179537996649742
90 0 0 0.0313134007155895 0.173306003212929
91 0 0 0.0316019989550114 0.167217001318932
92 0 0 0.0318886004388332 0.161268994212151
93 0 0 0.0321728996932507 0.155462995171547
94 0 0 0.032455001026392 0.14979599416256
95 0 0 0.0327345989644527 0.144268006086349
96 0 0 0.0330117009580135 0.138878002762794
97 0 0 0.0332860015332699 0.133624002337456
98 0 0 0.0335576012730598 0.128505006432533
99 0 0 0.0338261984288692 0.123519003391266
100 3 24 0.0340916998684406 0.118665002286434
101 0 0 0.0343540981411934 0.113940998911858
102 0 0 0.0346133001148701 0.109343998134136
103 0 0 0.0348692014813423 0.10487300157547
104 0 0 0.0351217016577721 0.100527003407478
105 0 0 0.0353707000613213 0.0963015034794807
106 0 0 0.0356162004172802 0.0921960026025772
107 0 0 0.0358580984175205 0.0882079973816872
108 0 0 0.0360964015126228 0.0843352973461151
109 0 0 0.0363309010863304 0.0805756002664566
110 0 0 0.0365617014467716 0.0769267007708549
111 0 0 0.0367886014282703 0.0733862966299057
112 0 0 0.0370117984712124 0.0699523016810417
113 0 0 0.0372310988605022 0.0666223019361496
114 0 0 0.0374464988708496 0.063394196331501
115 0 0 0.0376579016447067 0.0602656006813049
116 0 0 0.0378655008971691 0.0572342984378338
117 0 0 0.0380689986050129 0.0542981997132301
118 0 0 0.0382687002420425 0.0514549985527992
119 0 0 0.0384643003344536 0.0487026013433933
120 0 0 0.0386560000479221 0.0460388995707035
121 0 0 0.0388435982167721 0.043461699038744
122 0 0 0.0390272997319698 0.0409689992666245
123 0 0 0.0392071008682251 0.0385585986077785
124 0 0 0.0393828004598618 0.0362287014722824
125 0 0 0.0395545996725559 0.0339771993458271
126 0 0 0.0397224016487598 0.031802099198103
127 0 0 0.039886299520731 0.0297015998512506
128 0 0 0.0400463007390499 0.0276737008243799
129 0 0 0.0402024015784264 0.0257166996598244
130 0 0 0.04035459831357 0.0238287001848221
131 0 0 0.0405028983950615 0.0220078993588686
132 0 0 0.0406473986804485 0.020252700895071
133 0 0 0.0407879985868931 0.0185614004731178
134 0 0 0.0409248992800713 0.01693220064044
135 0 0 0.041058000177145 0.0153636001050472
136 0 0 0.0411874018609524 0.0138539997860789
137 0 0 0.0413131006062031 0.01240190025419
138 0 0 0.0414349995553493 0.011005699634552
139 0 0 0.0415534004569054 0.00966398976743221
140 0 0 0.0416680984199047 0.00837536994367838
141 0 0 0.0417792983353138 0.00713841011747718
142 0 0 0.0418868996202946 0.00595177011564374
143 0 0 0.0419909991323948 0.00481411023065448
144 0 0 0.0420916005969048 0.0037241498939693
145 0 0 0.0421887002885342 0.00268062995746732
146 0 0 0.0422824993729591 0.00168233003932983
147 0 0 0.0423729009926319 0.000728068989701569
148 0 0 0.0424599014222622 -0.000183322001248598
149 0 0 0.0425437018275261 -0.00105296005494893
150 4 24 0.0426242016255856 -0.00188194995280355
151 0 0 0.0427014008164406 -0.00267135002650321
152 0 0 0.0427755005657673 -0.00342218996956944
153 0 0 0.0428464002907276 -0.00413548015058041
154 0 0 0.0429142005741596 -0.00481220008805394
155 0 0 0.0429789982736111 -0.00545330019667745
156 0 0 0.0430405996739864 -0.00605968991294503
157 0 0 0.0430992990732193 -0.00663228007033467
158 0 0 0.0431549996137619 -0.00717192981392145
159 0 0 0.043207798153162 -0.00767948012799025
160 0 0 0.0432576015591621 -0.0081557696685195
161 0 0 0.0433045998215675 -0.00860157981514931
162 0 0 0.0433488003909588 -0.00901767984032631
163 0 0 0.0433901995420456 -0.00940482039004564
164 0 0 0.0434288010001183 -0.00976372975856066
165 0 0 0.0434647016227245 -0.0100950999185443
166 0 0 0.0434979014098644 -0.0103997001424432
167 0 0 0.0435284003615379 -0.0106779998168349
168 0 0 0.0435562990605831 -0.0109307998791337
169 0 0 0.0435816012322903 -0.0111587001010776
170 0 0 0.0436044000089169 -0.0113623002544045
171 0 0 0.0436245985329151 -0.0115422001108527
172 0 0 0.0436423011124134 -0.0116988997906446
173 0 0 0.0436576008796692 -0.011832999996841
174 0 0 0.0436704009771347 -0.0119449999183416
175 0 0 0.0436807982623577 -0.0120355002582073
176 0 0 0.0436888001859188 -0.0121047999709845
177 0 0 0.0436944998800755 -0.0121536003425717
178 0 0 0.043697901070118 -0.0121822999790311
179 0 0 0.0436988994479179 -0.0121913999319077
180 5 22 0.0436988994479179 -0.0121913002803922
181 0 0 0.0436976999044418 -0.0121806003153324
182 0 0 0.0436916016042233 -0.0121293999254704
183 0 0 0.0436805002391338 -0.0120372995734215
184 0 0 0.04366460070014 -0.0119056003168225
185 0 0 0.0436438992619514 -0.0117354998365045
186 0 0 0.0436185002326965 -0.0115283001214266
187 0 0 0.043588500469923 -0.0112851001322269
188 0 0 0.043554000556469 -0.0110069001093507
189 0 0 0.0435150004923344 -0.0106947999447584
190 0 0 0.0434715002775192 -0.0103497002273798
191 0 0 0.0434238016605377 -0.00997257977724075
192 0 0 0.0433718003332615 -0.00956427026540041
193 0 0 0.0433156006038189 -0.00912560988217592
194 0 0 0.0432552993297577 -0.00865738000720739
195 0 0 0.0431910008192062 -0.00816034991294146
196 0 0 0.0431226007640362 -0.00763521995395422
197 0 0 0.0430503003299236 -0.00708266021683812
198 0 0 0.0429740995168686 -0.00650331983342767
199 0 0 0.0428940989077091 -0.00589779997244477
200 6 24 0.0428102985024452 -0.00526667991653085
201 0 0 0.0427227988839149 -0.00461051007732749
202 0 0 0.0426317006349564 -0.00392981013283134
203 0 0 0.0425368994474411 -0.00322507997043431
204 0 0 0.0424386002123356 -0.00249677989631891
205 0 0 0.0423366986215115 -0.00174537999555469
206 0 0 0.0422313995659351 -0.000971290981397033
207 0 0 0.0421226993203163 -0.000174938002601266
208 0 0 0.0420106016099453 0.000643291976302862
209 0 0 0.0418951995670795 0.0014830200234428
210 0 0 0.0417766012251377 0.00234387000091374
211 0 0 0.0416546985507011 0.00322551000863314
212 0 0 0.0415297001600266 0.00412756996229291
213 0 0 0.0414015986025333 0.00504973018541932
214 0 0 0.0412704013288021 0.00599166005849838
215 0 0 0.0411362014710903 0.00695302989333868
216 0 0 0.040998999029398 0.00793350953608751
217 0 0 0.0408589988946915 0.00893277954310179
218 0 0 0.0407161004841328 0.00995051022619009
219 0 0 0.0405705012381077 0.0109863998368382
220 0 0 0.0404221005737782 0.0120400004088879
221 0 0 0.0402712002396584 0.0131110996007919
222 0 0 0.0401175990700722 0.0141992000862956
223 0 0 0.0399615988135338 0.0153040001168847
224 0 0 0.0398030988872051 0.0164250005036592
225 0 0 0.0396423004567623 0.017561899498105
226 0 0 0.0394793003797531 0.0187141001224518
227 0 0 0.0393141992390156 0.0198810994625092
228 0 0 0.03914700075984 0.0210625007748604
229 0 0 0.0389778017997742 0.0222575999796391
230 0 0 0.0388069003820419 0.0234657004475594
231 0 0 0.0386341996490955 0.0246862005442381
232 0 0 0.0384600982069969 0.0259182993322611
233 0 0 0.0382844991981983 0.0271611008793116
234 0 0 0.0381077006459236 0.0284135993570089
235 0 0 0.0379297994077206 0.0296749994158745
236 0 0 0.0377510003745556 0.030943900346756
237 0 0 0.0375715009868145 0.0322192013263702
238 0 0 0.0373915992677212 0.0334993004798889
239 0 0 0.037211500108242 0.0347829014062881
240 0 0 0.0370314009487629 0.0360679998993874
241 0 0 0.0368515998125076 0.0373528003692627
242 0 0 0.0366724990308285 0.0386352017521858
243 0 0 0.0364942997694016 0.0399127006530762
244 0 0 0.0363176017999649 0.0411825999617577
245 0 0 0.036142498254776 0.0424420982599258
246 0 0 0.0359698012471199 0.0436878018081188
247 0 0 0.0357997007668018 0.0449160002171993
248 0 0 0.0356329008936882 0.0461226999759674
249 0 0 0.035469900816679 0.0473033003509045
250 7 24 0.0353115014731884 0.0484527014195919
251 0 0 0.0351583994925022 0.0495653003454208
252 0 0 0.0350113995373249 0.0506348982453346
253 0 0 0.0348712988197803 0.0516545996069908
254 0 0 0.0347392000257969 0.0526168011128902
255 0 0 0.0346161983907223 0.0535131990909576
256 0 0 0.0345035009086132 0.0543344989418983
257 0 0 0.0344022996723652 0.0550708994269371
258 0 0 0.0343142002820969 0.0557116009294987
259 0 0 0.0342407003045082 0.0562452003359795
260 0 0 0.0341834016144276 0.0566596016287804
261 0 0 0.0341442003846169 0.0569423995912075
262 0 0 0.0341248996555805 0.0570809990167618
263 8 22 0.0341232009232044 0.0570931993424892
264 0 0 0.0341356992721558 0.0570045001804829
265 0 0 0.0341726988554001 0.056742999702692
266 0 0 0.0342360995709896 0.0562991015613079
267 0 0 0.0343276001513004 0.0556653998792171
268 0 0 0.0344486013054848 0.0548374988138676
269 0 0 0.0346001014113426 0.0538145005702972
270 0 0 0.0347828008234501 0.0525994002819061
271 0 0 0.0349969007074833 0.0511992014944553
272 0 0 0.0352423004806042 0.0496248006820679
273 0 0 0.0355180986225605 0.0478905998170376
274 0 0 0.0358231998980045 0.0460137017071247
275 0 0 0.0361561998724937 0.0440131984651089
276 0 0 0.0365151986479759 0.0419094003736973
277 0 0 0.0368983000516891 0.0397226996719837
278 0 0 0.0373033992946148 0.0374732986092567
279 0 0 0.0377283990383148 0.0351804010570049
280 0 0 0.038170900195837 0.0328618995845318
281 0 0 0.0386289991438389 0.0305342003703117
282 0 0 0.0391005016863346 0.0282119996845722
283 0 0 0.0395832993090153 0.0259086992591619
284 0 0 0.0400753989815712 0.0236357003450394
285 0 0 0.0405749008059502 0.0214032009243965
286 0 0 0.0410799011588097 0.0192198008298874
287 0 0 0.0415885001420975 0.0170929990708828
288 0 0 0.0420989990234375 0.0150290997698903
289 0 0 0.0426095984876156 0.0130332997068763
290 0 0 0.0431185998022556 0.0111098000779748
291 0 0 0.0436243005096912 0.00926207005977631
292 0 0 0.0441251993179321 0.00749272014945745
293 0 0 0.0446197018027306 0.00580355990678072
294 0 0 0.0451062992215157 0.00419575022533536
295 0 0 0.0455836988985538 0.00266979006119072
296 0 0 0.0460503995418549 0.00122553994879127
297 0 0 0.0465053990483284 -0.000137687995447777
298 0 0 0.0469476990401745 -0.00142115994822234
299 0 0 0.0473762005567551 -0.00262659997679293
300 9 24 0.0477903001010418 -0.00375621998682618
301 0 0 0.0481894016265869 -0.00481260009109974
302 0 0 0.0485729984939098 -0.00579864997416735
303 0 0 0.0489410012960434 -0.00671755010262132
304 0 0 0.0492932982742786 -0.00757266022264957
305 0 0 0.0496299006044865 -0.00836747977882624
306 0 0 0.0499509014189243 -0.00910557992756367
307 10 29 0.0502566993236542 -0.00979050993919373
