1000 42 29 0.0325594991445541 -92.4821014404297
999 0 0 0.0325593985617161 -92.3821029663086
998 0 0 0.0325593985617161 -92.282096862793
997 0 0 0.0325593017041683 -92.1820983886719
996 0 0 0.0325592011213303 -92.0820999145508
995 0 0 0.0325592011213303 -91.9821014404297
994 0 0 0.0325591005384922 -91.8821029663086
993 0 0 0.0325589999556541 -91.782096862793
992 0 0 0.0325589999556541 -91.6820983886719
991 0 0 0.0325588993728161 -91.5820999145508
990 0 0 0.0325588993728161 -91.4821014404297
989 0 0 0.032558798789978 -91.3821029663086
988 0 0 0.03255869820714 -91.282096862793
987 0 0 0.03255869820714 -91.1820983886719
986 0 0 0.0325586013495922 -91.0820999145508
985 0 0 0.0325585007667542 -90.9821014404297
984 0 0 0.0325585007667542 -90.8821029663086
983 0 0 0.0325584001839161 -90.782096862793
982 0 0 0.032558299601078 -90.6820983886719
981 0 0 0.032558299601078 -90.5820999145508
980 0 0 0.03255819901824 -90.4821014404297
979 0 0 0.0325580984354019 -90.3821029663086
978 0 0 0.0325580984354019 -90.282096862793
977 0 0 0.0325580015778542 -90.1820983886719
976 0 0 0.0325579009950161 -90.0820999145508
975 0 0 0.0325579009950161 -89.9821014404297
974 0 0 0.032557800412178 -89.8821029663086
973 0 0 0.03255769982934 -89.782096862793
972 0 0 0.03255769982934 -89.6820983886719
971 0 0 0.0325575992465019 -89.5820999145508
970 0 0 0.0325574986636639 -89.4821014404297
969 0 0 0.0325574986636639 -89.3821029663086
968 0 0 0.0325574018061161 -89.282096862793
967 0 0 0.032557301223278 -89.1820983886719
966 0 0 0.03255720064044 -89.0820999145508
965 0 0 0.03255720064044 -88.9821014404297
964 0 0 0.0325571000576019 -88.8821029663086
963 0 0 0.0325569994747639 -88.782096862793
962 0 0 0.0325569994747639 -88.6820983886719
961 0 0 0.0325568988919258 -88.5820999145508
960 0 0 0.0325567983090878 -88.4821014404297
959 0 0 0.03255670145154 -88.3821029663086
958 0 0 0.03255670145154 -88.282096862793
957 0 0 0.0325566008687019 -88.1820983886719
956 0 0 0.0325565002858639 -88.0820999145508
955 0 0 0.0325565002858639 -87.9821014404297
954 0 0 0.0325563997030258 -87.8821029663086
953 0 0 0.0325562991201878 -87.782096862793
952 0 0 0.0325561985373497 -87.6820983886719
951 0 0 0.0325561985373497 -87.5820999145508
950 41 24 0.0325561016798019 -87.4821014404297
949 0 0 0.0325560010969639 -87.3821029663086
948 0 0 0.0325559005141258 -87.282096862793
947 0 0 0.0325559005141258 -87.1820983886719
946 0 0 0.0325557999312878 -87.0820999145508
945 0 0 0.0325556993484497 -86.9821014404297
944 0 0 0.0325555987656116 -86.8821029663086
943 0 0 0.0325555987656116 -86.782096862793
942 0 0 0.0325554981827736 -86.6820983886719
941 0 0 0.0325554013252258 -86.5820999145508
940 0 0 0.0325553007423878 -86.4821014404297
939 0 0 0.0325553007423878 -86.3821029663086
938 0 0 0.0325552001595497 -86.282096862793
937 0 0 0.0325550995767117 -86.1820983886719
936 0 0 0.0325549989938736 -86.0820999145508
935 0 0 0.0325549989938736 -85.9821014404297
934 0 0 0.0325548984110355 -85.8821029663086
933 0 0 0.0325548015534878 -85.782096862793
932 0 0 0.0325547009706497 -85.6820983886719
931 0 0 0.0325546003878117 -85.5820999145508
930 0 0 0.0325546003878117 -85.4821014404297
929 0 0 0.0325544998049736 -85.3821029663086
928 0 0 0.0325543992221355 -85.282096862793
927 0 0 0.0325542986392975 -85.1820983886719
926 0 0 0.0325542017817497 -85.0820999145508
925 0 0 0.0325542017817497 -84.9821014404297
924 0 0 0.0325541011989117 -84.8821029663086
923 0 0 0.0325540006160736 -84.782096862793
922 0 0 0.0325539000332355 -84.6820983886719
921 0 0 0.0325537994503975 -84.5820999145508
920 0 0 0.0325537994503975 -84.4821014404297
919 0 0 0.0325536988675594 -84.3821029663086
918 0 0 0.0325535982847214 -84.282096862793
917 0 0 0.0325535014271736 -84.1820983886719
916 0 0 0.0325534008443356 -84.0820999145508
915 0 0 0.0325534008443356 -83.9821014404297
914 0 0 0.0325533002614975 -83.8821029663086
913 0 0 0.0325531996786594 -83.782096862793
912 0 0 0.0325530990958214 -83.6820983886719
911 0 0 0.0325529985129833 -83.5820999145508
910 0 0 0.0325529016554356 -83.4821014404297
909 0 0 0.0325528010725975 -83.3821029663086
908 0 0 0.0325528010725975 -83.282096862793
907 0 0 0.0325527004897594 -83.1820983886719
906 0 0 0.0325525999069214 -83.0820999145508
905 0 0 0.0325524993240833 -82.9821014404297
904 0 0 0.0325523987412453 -82.8821029663086
903 0 0 0.0325522981584072 -82.782096862793
902 0 0 0.0325522013008595 -82.6820983886719
901 0 0 0.0325522013008595 -82.5820999145508
900 40 24 0.0325521007180214 -82.4821014404297
899 0 0 0.0325520001351833 -82.3821029663086
898 0 0 0.0325518995523453 -82.282096862793
897 0 0 0.0325517989695072 -82.1820983886719
896 0 0 0.0325516983866692 -82.0820999145508
895 0 0 0.0325516015291214 -81.9821014404297
894 0 0 0.0325515009462833 -81.8821029663086
893 0 0 0.0325514003634453 -81.782096862793
892 0 0 0.0325514003634453 -81.6820983886719
891 0 0 0.0325512997806072 -81.5820999145508
890 0 0 0.0325511991977692 -81.4821014404297
889 0 0 0.0325510986149311 -81.3821029663086
888 0 0 0.0325510017573833 -81.282096862793
887 0 0 0.0325509011745453 -81.1820983886719
886 0 0 0.0325508005917072 -81.0820999145508
885 0 0 0.0325507000088692 -80.9821014404297
884 0 0 0.0325505994260311 -80.8821029663086
883 0 0 0.0325504988431931 -80.782096862793
882 0 0 0.032550398260355 -80.6820983886719
881 0 0 0.0325503014028072 -80.5820999145508
880 0 0 0.0325502008199692 -80.4821014404297
879 0 0 0.0325501002371311 -80.3821029663086
878 0 0 0.0325501002371311 -80.282096862793
877 0 0 0.0325499996542931 -80.1820983886719
876 0 0 0.032549899071455 -80.0820999145508
875 0 0 0.0325497984886169 -79.9821014404297
874 0 0 0.0325497016310692 -79.8821029663086
873 0 0 0.0325496010482311 -79.782096862793
872 0 0 0.0325495004653931 -79.6820983886719
871 0 0 0.032549399882555 -79.5820999145508
870 0 0 0.0325492992997169 -79.4821014404297
869 0 0 0.0325491987168789 -79.3821029663086
868 0 0 0.0325491018593311 -79.282096862793
867 0 0 0.0325490012764931 -79.1820983886719
866 0 0 0.032548900693655 -79.0820999145508
865 0 0 0.032548800110817 -78.9821014404297
864 0 0 0.0325486995279789 -78.8821029663086
863 0 0 0.0325485989451408 -78.782096862793
862 0 0 0.0325484983623028 -78.6820983886719
861 0 0 0.032548401504755 -78.5820999145508
860 0 0 0.032548300921917 -78.4821014404297
859 0 0 0.0325482003390789 -78.3821029663086
858 0 0 0.0325480997562408 -78.282096862793
857 0 0 0.0325479991734028 -78.1820983886719
856 0 0 0.0325478985905647 -78.0820999145508
855 0 0 0.032547801733017 -77.9821014404297
854 0 0 0.0325477011501789 -77.8821029663086
853 0 0 0.0325476005673409 -77.782096862793
852 0 0 0.0325473994016647 -77.6820983886719
851 0 0 0.0325472988188267 -77.5820999145508
850 39 24 0.0325471982359886 -77.4821014404297
849 0 0 0.0325471013784409 -77.3821029663086
848 0 0 0.0325470007956028 -77.282096862793
847 0 0 0.0325469002127647 -77.1820983886719
846 0 0 0.0325467996299267 -77.0820999145508
845 0 0 0.0325466990470886 -76.9821014404297
844 0 0 0.0325465984642506 -76.8821029663086
843 0 0 0.0325465016067028 -76.782096862793
842 0 0 0.0325464010238647 -76.6820983886719
841 0 0 0.0325463004410267 -76.5820999145508
840 0 0 0.0325461998581886 -76.4821014404297
839 0 0 0.0325459986925125 -76.3821029663086
838 0 0 0.0325459018349648 -76.282096862793
837 0 0 0.0325458012521267 -76.1820983886719
836 0 0 0.0325457006692886 -76.0820999145508
835 0 0 0.0325456000864506 -75.9821014404297
834 0 0 0.0325454995036125 -75.8821029663086
833 0 0 0.0325453989207745 -75.782096862793
832 0 0 0.0325452983379364 -75.6820983886719
831 0 0 0.0325451008975506 -75.5820999145508
830 0 0 0.0325450003147125 -75.4821014404297
829 0 0 0.0325448997318745 -75.3821029663086
828 0 0 0.0325447991490364 -75.282096862793
827 0 0 0.0325446985661983 -75.1820983886719
826 0 0 0.0325446017086506 -75.0820999145508
825 0 0 0.0325445011258125 -74.9821014404297
824 0 0 0.0325442999601364 -74.8821029663086
823 0 0 0.0325441993772984 -74.782096862793
822 0 0 0.0325440987944603 -74.6820983886719
821 0 0 0.0325439982116222 -74.5820999145508
820 0 0 0.0325439013540745 -74.4821014404297
819 0 0 0.0325437001883984 -74.3821029663086
818 0 0 0.0325435996055603 -74.282096862793
817 0 0 0.0325434990227222 -74.1820983886719
816 0 0 0.0325433984398842 -74.0820999145508
815 0 0 0.0325433015823364 -73.9821014404297
814 0 0 0.0325431004166603 -73.8821029663086
813 0 0 0.0325429998338223 -73.782096862793
812 0 0 0.0325428992509842 -73.6820983886719
811 0 0 0.0325427986681461 -73.5820999145508
810 0 0 0.0325426012277603 -73.4821014404297
809 0 0 0.0325425006449223 -73.3821029663086
808 0 0 0.0325424000620842 -73.282096862793
807 0 0 0.0325422994792461 -73.1820983886719
806 0 0 0.03254209831357 -73.0820999145508
805 0 0 0.0325420014560223 -72.9821014404297
804 0 0 0.0325419008731842 -72.8821029663086
803 0 0 0.0325418002903461 -72.782096862793
802 0 0 0.03254159912467 -72.6820983886719
801 0 0 0.032541498541832 -72.5820999145508
800 38 24 0.0325414016842842 -72.4821014404297
799 0 0 0.0325413011014462 -72.3821029663086
798 0 0 0.03254109993577 -72.282096862793
797 0 0 0.032540999352932 -72.1820983886719
796 0 0 0.0325408987700939 -72.0820999145508
795 0 0 0.0325407013297081 -71.9821014404297
794 0 0 0.03254060074687 -71.8821029663086
793 0 0 0.032540500164032 -71.782096862793
792 0 0 0.0325402989983559 -71.6820983886719
791 0 0 0.0325401984155178 -71.5820999145508
790 0 0 0.03254010155797 -71.4821014404297
789 0 0 0.0325399003922939 -71.3821029663086
788 0 0 0.0325397998094559 -71.282096862793
787 0 0 0.0325396992266178 -71.1820983886719
786 0 0 0.032539501786232 -71.0820999145508
785 0 0 0.0325394012033939 -70.9821014404297
784 0 0 0.0325392000377178 -70.8821029663086
783 0 0 0.0325390994548798 -70.782096862793
782 0 0 0.0325389988720417 -70.6820983886719
781 0 0 0.0325388014316559 -70.5820999145508
780 0 0 0.0325387008488178 -70.4821014404297
779 0 0 0.0325384996831417 -70.3821029663086
778 0 0 0.0325383991003036 -70.282096862793
777 0 0 0.0325382985174656 -70.1820983886719
776 0 0 0.0325381010770798 -70.0820999145508
775 0 0 0.0325380004942417 -69.9821014404297
774 0 0 0.0325377993285656 -69.8821029663086
773 0 0 0.0325376987457275 -69.782096862793
772 0 0 0.0325375013053417 -69.6820983886719
771 0 0 0.0325374007225037 -69.5820999145508
770 0 0 0.0325371995568275 -69.4821014404297
769 0 0 0.0325370989739895 -69.3821029663086
768 0 0 0.0325369015336037 -69.282096862793
767 0 0 0.0325368009507656 -69.1820983886719
766 0 0 0.0325367003679276 -69.0820999145508
765 0 0 0.0325364992022514 -68.9821014404297
764 0 0 0.0325363986194134 -68.8821029663086
763 0 0 0.0325362011790276 -68.782096862793
762 0 0 0.0325360000133514 -68.6820983886719
761 0 0 0.0325358994305134 -68.5820999145508
760 0 0 0.0325356982648373 -68.4821014404297
759 0 0 0.0325356014072895 -68.3821029663086
758 0 0 0.0325354002416134 -68.282096862793
757 0 0 0.0325352996587753 -68.1820983886719
756 0 0 0.0325350984930992 -68.0820999145508
755 0 0 0.0325350016355515 -67.9821014404297
754 0 0 0.0325348004698753 -67.8821029663086
753 0 0 0.0325346998870373 -67.782096862793
752 0 0 0.0325344987213612 -67.6820983886719
751 0 0 0.0325343012809753 -67.5820999145508
750 37 24 0.0325342006981373 -67.4821014404297
749 0 0 0.0325339995324612 -67.3821029663086
748 0 0 0.0325338989496231 -67.282096862793
747 0 0 0.0325337015092373 -67.1820983886719
746 0 0 0.0325335003435612 -67.0820999145508
745 0 0 0.0325333997607231 -66.9821014404297
744 0 0 0.032533198595047 -66.8821029663086
743 0 0 0.0325330011546612 -66.782096862793
742 0 0 0.0325329005718231 -66.6820983886719
741 0 0 0.032532699406147 -66.5820999145508
740 0 0 0.0325324982404709 -66.4821014404297
739 0 0 0.0325324013829231 -66.3821029663086
738 0 0 0.032532200217247 -66.282096862793
737 0 0 0.0325319990515709 -66.1820983886719
736 0 0 0.0325318984687328 -66.0820999145508
735 0 0 0.032531701028347 -65.9821014404297
734 0 0 0.0325314998626709 -65.8821029663086
733 0 0 0.0325312986969948 -65.782096862793
732 0 0 0.032531201839447 -65.6820983886719
731 0 0 0.0325310006737709 -65.5820999145508
730 0 0 0.0325307995080948 -65.4821014404297
729 0 0 0.0325305983424187 -65.3821029663086
728 0 0 0.0325305014848709 -65.282096862793
727 0 0 0.0325303003191948 -65.1820983886719
726 0 0 0.0325300991535187 -65.0820999145508
725 0 0 0.0325299017131329 -64.9821014404297
724 0 0 0.0325298011302948 -64.8821029663086
723 0 0 0.0325295999646187 -64.782096862793
722 0 0 0.0325293987989426 -64.6820983886719
721 0 0 0.0325292013585567 -64.5820999145508
720 0 0 0.0325290001928806 -64.4821014404297
719 0 0 0.0325287990272045 -64.3821029663086
718 0 0 0.0325286984443665 -64.282096862793
717 0 0 0.0325285010039806 -64.1820983886719
716 0 0 0.0325282998383045 -64.0820999145508
715 0 0 0.0325280986726284 -63.9821014404297
714 0 0 0.0325279012322426 -63.8820991516113
713 0 0 0.0325277000665665 -63.7821006774902
712 0 0 0.0325274989008904 -63.6820983886719
711 0 0 0.0325273014605045 -63.5820999145508
710 0 0 0.0325272008776665 -63.4821014404297
709 0 0 0.0325269997119904 -63.3820991516113
708 0 0 0.0325267985463142 -63.2821006774902
707 0 0 0.0325266011059284 -63.1820983886719
706 0 0 0.0325263999402523 -63.0820999145508
705 0 0 0.0325261987745762 -62.9821014404297
704 0 0 0.0325260013341904 -62.8820991516113
703 0 0 0.0325258001685143 -62.7821006774902
702 0 0 0.0325255990028381 -62.6820983886719
701 0 0 0.0325254015624523 -62.5820999145508
700 36 24 0.0325252003967762 -62.4821014404297
699 0 0 0.0325249992311001 -62.3820991516113
698 0 0 0.0325248017907143 -62.2821006774902
697 0 0 0.0325246006250381 -62.1820983886719
696 0 0 0.032524399459362 -62.0820999145508
695 0 0 0.0325241982936859 -61.9821014404297
694 0 0 0.0325240008533001 -61.8820991516113
693 0 0 0.0325236991047859 -61.7821006774902
692 0 0 0.0325235016644001 -61.6820983886719
691 0 0 0.032523300498724 -61.5820999145508
690 0 0 0.0325230993330479 -61.4821014404297
689 0 0 0.0325228981673717 -61.3820991516113
688 0 0 0.0325227007269859 -61.2821006774902
687 0 0 0.0325224995613098 -61.1820983886719
686 0 0 0.0325222983956337 -61.0820999145508
685 0 0 0.0325220003724098 -60.9821014404297
684 0 0 0.0325217992067337 -60.8820991516113
683 0 0 0.0325216017663479 -60.7821006774902
682 0 0 0.0325214006006718 -60.6820983886719
681 0 0 0.0325211994349957 -60.5820999145508
680 0 0 0.0325209014117718 -60.4821014404297
679 0 0 0.0325207002460957 -60.3820991516113
678 0 0 0.0325204990804195 -60.2821006774902
677 0 0 0.0325203016400337 -60.1820983886719
676 0 0 0.0325201004743576 -60.0820999145508
675 0 0 0.0325197987258434 -59.9821014404297
674 0 0 0.0325196012854576 -59.8820991516113
673 0 0 0.0325194001197815 -59.7821006774902
672 0 0 0.0325190983712673 -59.6820983886719
671 0 0 0.0325189009308815 -59.5820999145508
670 0 0 0.0325186997652054 -59.4821014404297
669 0 0 0.0325184017419815 -59.3820991516113
668 0 0 0.0325182005763054 -59.2821006774902
667 0 0 0.0325179994106293 -59.1820983886719
666 0 0 0.0325177013874054 -59.0820999145508
665 0 0 0.0325175002217293 -58.9821014404297
664 0 0 0.0325171984732151 -58.8820991516113
663 0 0 0.0325170010328293 -58.7821006774902
662 0 0 0.0325167998671532 -58.6820983886719
661 0 0 0.0325165018439293 -58.5820999145508
660 0 0 0.0325163006782532 -58.4821014404297
659 0 0 0.032515998929739 -58.3820991516113
658 0 0 0.0325158014893532 -58.2821006774902
657 0 0 0.032515499740839 -58.1820983886719
656 0 0 0.0325152985751629 -58.0820999145508
655 0 0 0.032515000551939 -57.9821014404297
654 0 0 0.0325147993862629 -57.8820991516113
653 0 0 0.032514501363039 -57.7821006774902
652 0 0 0.0325143001973629 -57.6820983886719
651 0 0 0.0325139984488487 -57.5820999145508
650 35 24 0.0325138010084629 -57.4821014404297
649 0 0 0.0325134992599487 -57.3820991516113
648 0 0 0.0325132012367249 -57.2821006774902
647 0 0 0.0325130000710487 -57.1820983886719
646 0 0 0.0325126983225346 -57.0820999145508
645 0 0 0.0325124002993107 -56.9821014404297
644 0 0 0.0325121991336346 -56.8820991516113
643 0 0 0.0325119011104107 -56.7821006774902
642 0 0 0.0325115993618965 -56.6820983886719
641 0 0 0.0325113981962204 -56.5820999145508
640 0 0 0.0325111001729965 -56.4821014404297
639 0 0 0.0325107984244823 -56.3820991516113
638 0 0 0.0325106009840965 -56.2821006774902
637 0 0 0.0325102992355824 -56.1820983886719
636 0 0 0.0325100012123585 -56.0820999145508
635 0 0 0.0325096994638443 -55.9821014404297
634 0 0 0.0325094014406204 -55.8820991516113
633 0 0 0.0325092002749443 -55.7821006774902
632 0 0 0.0325088985264301 -55.6820983886719
631 0 0 0.0325086005032063 -55.5820999145508
630 0 0 0.0325082987546921 -55.4821014404297
629 0 0 0.0325080007314682 -55.3820991516113
628 0 0 0.032507698982954 -55.2821006774902
627 0 0 0.0325074009597301 -55.1820983886719
626 0 0 0.032507099211216 -55.0820999145508
625 0 0 0.0325068011879921 -54.9821014404297
624 0 0 0.0325064994394779 -54.8820991516113
623 0 0 0.032506201416254 -54.7821006774902
622 0 0 0.0325058996677399 -54.6820983886719
621 0 0 0.032505601644516 -54.5820999145508
620 0 0 0.0325052998960018 -54.4821014404297
619 0 0 0.0325049981474876 -54.3820991516113
618 0 0 0.0325047001242638 -54.2821006774902
617 0 0 0.0325043983757496 -54.1820983886719
616 0 0 0.0325041003525257 -54.0820999145508
615 0 0 0.0325037986040115 -53.9821014404297
614 0 0 0.0325035005807877 -53.8820991516113
613 0 0 0.0325031988322735 -53.7821006774902
612 0 0 0.0325029008090496 -53.6820983886719
611 0 0 0.0325024984776974 -53.5820999145508
610 0 0 0.0325022004544735 -53.4821014404297
609 0 0 0.0325018987059593 -53.3820991516113
608 0 0 0.0325016006827354 -53.2821006774902
607 0 0 0.0325012989342213 -53.1820983886719
606 0 0 0.0325009003281593 -53.0820999145508
605 0 0 0.0325005985796452 -52.9821014404297
604 0 0 0.0325003005564213 -52.8820991516113
603 0 0 0.032499898225069 -52.7821006774902
602 0 0 0.0324996002018452 -52.6820983886719
601 0 0 0.032499298453331 -52.5820999145508
600 34 24 0.0324988998472691 -52.4821014404297
599 0 0 0.0324986018240452 -52.3820991516113
598 0 0 0.0324981994926929 -52.2821006774902
597 0 0 0.0324979014694691 -52.1820983886719
596 0 0 0.0324975997209549 -52.0820999145508
595 0 0 0.032497201114893 -51.9821014404297
594 0 0 0.0324968993663788 -51.8820991516113
593 0 0 0.0324965007603168 -51.7821006774902
592 0 0 0.0324961990118027 -51.6820983886719
591 0 0 0.0324958004057407 -51.5820999145508
590 0 0 0.0324954017996788 -51.4821014404297
589 0 0 0.0324951000511646 -51.3820991516113
588 0 0 0.0324947014451027 -51.2821006774902
587 0 0 0.0324942991137505 -51.1820983886719
586 0 0 0.0324940010905266 -51.0820999145508
585 0 0 0.0324935987591743 -50.9821014404297
584 0 0 0.0324932001531124 -50.8820991516113
583 0 0 0.0324928984045982 -50.7821006774902
582 0 0 0.0324924997985363 -50.6820983886719
581 0 0 0.0324921011924744 -50.5820999145508
580 0 0 0.0324916988611221 -50.4821014404297
579 0 0 0.0324914008378983 -50.3820991516113
578 0 0 0.032490998506546 -50.2821006774902
577 0 0 0.0324905999004841 -50.1820983886719
576 0 0 0.0324902012944221 -50.0820999145508
575 0 0 0.0324897989630699 -49.9821014404297
574 0 0 0.032489400357008 -49.8820991516113
573 0 0 0.032489001750946 -49.7821006774902
572 0 0 0.0324885994195938 -49.6820983886719
571 0 0 0.0324882008135319 -49.5820999145508
570 0 0 0.0324877984821796 -49.4821014404297
569 0 0 0.0324873998761177 -49.3820991516113
568 0 0 0.0324870012700558 -49.2821006774902
567 0 0 0.0324865989387035 -49.1820983886719
566 0 0 0.0324862003326416 -49.0820999145508
565 0 0 0.0324858017265797 -48.9821014404297
564 0 0 0.0324852988123894 -48.8820991516113
563 0 0 0.0324849002063274 -48.7821006774902
562 0 0 0.0324845016002655 -48.6820983886719
561 0 0 0.0324840992689133 -48.5820999145508
560 0 0 0.0324836000800133 -48.4821014404297
559 0 0 0.0324832014739513 -48.3820991516113
558 0 0 0.0324827991425991 -48.2821006774902
557 0 0 0.0324822999536991 -48.1820983886719
556 0 0 0.0324819013476372 -48.0820999145508
555 0 0 0.0324814990162849 -47.9821014404297
554 0 0 0.0324809998273849 -47.8820991516113
553 0 0 0.032480601221323 -47.7821006774902
552 0 0 0.0324800983071327 -47.6820983886719
551 0 0 0.0324796997010708 -47.5820999145508
550 33 24 0.0324792005121708 -47.4821014404297
549 0 0 0.0324787981808186 -47.3820991516113
548 0 0 0.0324782989919186 -47.2821006774902
547 0 0 0.0324777998030186 -47.1820983886719
546 0 0 0.0324774011969566 -47.0820999145508
545 0 0 0.0324768982827663 -46.9821014404297
544 0 0 0.0324763990938663 -46.8820991516113
543 0 0 0.0324758999049664 -46.7821006774902
542 0 0 0.0324755012989044 -46.6820983886719
541 0 0 0.0324749983847141 -46.5820999145508
540 0 0 0.0324744991958141 -46.4821014404297
539 0 0 0.0324740000069141 -46.3820991516113
538 0 0 0.0324735008180141 -46.2821006774902
537 0 0 0.0324730016291142 -46.1820983886719
536 0 0 0.0324724987149239 -46.0820999145508
535 0 0 0.0324719995260239 -45.9821014404297
534 0 0 0.0324715003371239 -45.8820991516113
533 0 0 0.0324710011482239 -45.7821006774902
532 0 0 0.0324704982340336 -45.6820983886719
531 0 0 0.0324699990451336 -45.5820999145508
530 0 0 0.0324694998562336 -45.4821014404297
529 0 0 0.0324689000844955 -45.3820991516113
528 0 0 0.0324684008955956 -45.2821006774902
527 0 0 0.0324679017066956 -45.1820983886719
526 0 0 0.0324673987925053 -45.0820999145508
525 0 0 0.0324667990207672 -44.9821014404297
524 0 0 0.0324662998318672 -44.8820991516113
523 0 0 0.0324657000601292 -44.7821006774902
522 0 0 0.0324652008712292 -44.6820983886719
521 0 0 0.0324646010994911 -44.5820999145508
520 0 0 0.0324640981853008 -44.4821014404297
519 0 0 0.0324634984135628 -44.3820991516113
518 0 0 0.0324629992246628 -44.2821006774902
517 0 0 0.0324623994529247 -44.1820983886719
516 0 0 0.0324617996811867 -44.0820999145508
515 0 0 0.0324613004922867 -43.9821014404297
514 0 0 0.0324607007205486 -43.8820991516113
513 0 0 0.0324601009488106 -43.7821006774902
512 0 0 0.0324595011770725 -43.6820983886719
511 0 0 0.0324589014053345 -43.5820999145508
510 0 0 0.0324583016335964 -43.4821014404297
509 0 0 0.0324577987194061 -43.3820991516113
508 0 0 0.0324571989476681 -43.2821006774902
507 0 0 0.032456498593092 -43.1820983886719
506 0 0 0.0324558988213539 -43.0820999145508
505 0 0 0.0324552990496159 -42.9821014404297
504 0 0 0.0324546992778778 -42.8820991516113
503 0 0 0.0324540995061398 -42.7821006774902
502 0 0 0.0324534997344017 -42.6820983886719
501 0 0 0.0324527993798256 -42.5820999145508
500 32 24 0.0324521996080875 -42.4821014404297
499 0 0 0.0324515998363495 -42.3820991516113
498 0 0 0.0324508994817734 -42.2821006774902
497 0 0 0.0324502997100353 -42.1820983886719
496 0 0 0.0324495993554592 -42.0820999145508
495 0 0 0.0324489995837212 -41.9821014404297
494 0 0 0.0324482992291451 -41.8820991516113
493 0 0 0.0324475988745689 -41.7821006774902
492 0 0 0.0324469991028309 -41.6820983886719
491 0 0 0.0324462987482548 -41.5820999145508
490 0 0 0.0324455983936787 -41.4821014404297
489 0 0 0.0324449017643929 -41.3820991516113
488 0 0 0.0324442014098167 -41.2821006774902
487 0 0 0.0324435010552406 -41.1820983886719
486 0 0 0.0324428007006645 -41.0820999145508
485 0 0 0.0324421003460884 -40.9821014404297
484 0 0 0.0324413999915123 -40.8820991516113
483 0 0 0.0324406996369362 -40.7821006774902
482 0 0 0.0324399992823601 -40.6820983886719
481 0 0 0.032439298927784 -40.5820999145508
480 0 0 0.0324385017156601 -40.4821014404297
479 0 0 0.032437801361084 -40.3820991516113
478 0 0 0.0324370004236698 -40.2821006774902
477 0 0 0.0324363000690937 -40.1820983886719
476 0 0 0.0324354991316795 -40.0820999145508
475 0 0 0.0324347987771034 -39.9821014404297
474 0 0 0.0324340015649796 -39.8820991516113
473 0 0 0.0324332006275654 -39.7821006774902
472 0 0 0.0324325002729893 -39.6820983886719
471 0 0 0.0324316993355751 -39.5820999145508
470 0 0 0.0324308983981609 -39.4821014404297
469 0 0 0.0324301011860371 -39.3820991516113
468 0 0 0.0324293002486229 -39.2821006774902
467 0 0 0.0324284993112087 -39.1820983886719
466 0 0 0.0324276983737946 -39.0820999145508
465 0 0 0.0324269011616707 -38.9821014404297
464 0 0 0.0324259996414185 -38.8820991516113
463 0 0 0.0324251987040043 -38.7821006774902
462 0 0 0.0324244014918804 -38.6820983886719
461 0 0 0.0324234999716282 -38.5820999145508
460 0 0 0.032422699034214 -38.4821014404297
459 0 0 0.0324218012392521 -38.3820991516113
458 0 0 0.0324210003018379 -38.2821006774902
457 0 0 0.0324200987815857 -38.1820983886719
456 0 0 0.0324192009866238 -38.0820999145508
455 0 0 0.0324182994663715 -37.9821014404297
454 0 0 0.0324174016714096 -37.8820991516113
453 0 0 0.0324165001511574 -37.7821006774902
452 0 0 0.0324155986309052 -37.6820983886719
451 0 0 0.0324147008359432 -37.5820999145508
450 31 24 0.032413799315691 -37.4821014404297
449 0 0 0.0324129015207291 -37.3820991516113
448 0 0 0.0324118994176388 -37.2821006774902
447 0 0 0.0324110016226768 -37.1820983886719
446 0 0 0.0324101001024246 -37.0820999145508
445 0 0 0.0324091017246246 -36.9821014404297
444 0 0 0.0324080996215343 -36.8820991516113
443 0 0 0.0324072018265724 -36.7821006774902
442 0 0 0.0324061997234821 -36.6820983886719
441 0 0 0.0324052013456821 -36.5820999145508
440 0 0 0.0324041992425919 -36.4821014404297
439 0 0 0.0324032008647919 -36.3820991516113
438 0 0 0.0324021987617016 -36.2821006774902
437 0 0 0.0324012003839016 -36.1820983886719
436 0 0 0.0324001014232635 -36.0820999145508
435 0 0 0.0323990993201733 -35.9821014404297
434 0 0 0.0323981009423733 -35.8820991516113
433 0 0 0.0323969982564449 -35.7821006774902
432 0 0 0.0323958992958069 -35.6820983886719
431 0 0 0.0323949009180069 -35.5820999145508
430 0 0 0.0323937982320786 -35.4821014404297
429 0 0 0.0323926992714405 -35.3820991516113
428 0 0 0.0323916003108025 -35.2821006774902
427 0 0 0.0323905013501644 -35.1820983886719
426 0 0 0.0323893986642361 -35.0820999145508
425 0 0 0.03238819912076 -34.9821014404297
424 0 0 0.0323871001601219 -34.8820991516113
423 0 0 0.0323860011994839 -34.7821006774902
422 0 0 0.0323848016560078 -34.6820983886719
421 0 0 0.0323835983872414 -34.5820999145508
420 0 0 0.0323824994266033 -34.4821014404297
419 0 0 0.0323812998831272 -34.3820991516113
418 0 0 0.0323801003396511 -34.2821006774902
417 0 0 0.032378900796175 -34.1820983886719
416 0 0 0.0323777012526989 -34.0820999145508
415 0 0 0.0323764011263847 -33.9821014404297
414 0 0 0.0323752015829086 -33.8820991516113
413 0 0 0.0323739014565945 -33.7821006774902
412 0 0 0.0323726981878281 -33.6820983886719
411 0 0 0.0323714017868042 -33.5820999145508
410 0 0 0.03237010166049 -33.4821014404297
409 0 0 0.0323688015341759 -33.3820991516113
408 0 0 0.0323675014078617 -33.2821006774902
407 0 0 0.0323662012815475 -33.1820983886719
406 0 0 0.0323649011552334 -33.0820999145508
405 0 0 0.0323635004460812 -32.9821014404297
404 0 0 0.032362200319767 -32.8820991516113
403 0 0 0.0323607996106148 -32.7821006774902
402 0 0 0.0323593989014626 -32.6820983886719
401 0 0 0.0323579981923103 -32.5820999145508
400 30 24 0.0323566012084484 -32.4821014404297
399 0 0 0.0323552004992962 -32.3820991516113
398 0 0 0.032353799790144 -32.2821006774902
397 0 0 0.0323523990809917 -32.1820983886719
396 0 0 0.0323509015142918 -32.0820999145508
395 0 0 0.0323494002223015 -31.9820995330811
394 0 0 0.0323479995131493 -31.8820991516113
393 0 0 0.032346498221159 -31.7821006774902
392 0 0 0.032345000654459 -31.6821002960205
391 0 0 0.0323433987796307 -31.5820999145508
390 0 0 0.0323419012129307 -31.4820995330811
389 0 0 0.0323402993381023 -31.3820991516113
388 0 0 0.0323388017714024 -31.2821006774902
387 0 0 0.032337199896574 -31.1821002960205
386 0 0 0.032335601747036 -31.0820999145508
385 0 0 0.0323339998722076 -30.9820995330811
384 0 0 0.0323324017226696 -30.8820991516113
383 0 0 0.0323306992650032 -30.7821006774902
382 0 0 0.0323290005326271 -30.6821002960205
381 0 0 0.0323273986577988 -30.5820999145508
380 0 0 0.0323256999254227 -30.4820995330811
379 0 0 0.0323240011930466 -30.3820991516113
378 0 0 0.0323222987353802 -30.2821006774902
377 0 0 0.032320499420166 -30.1821002960205
376 0 0 0.0323188006877899 -30.0820999145508
375 0 0 0.0323170013725758 -29.9820995330811
374 0 0 0.0323151983320713 -29.8820991516113
373 0 0 0.0323133990168571 -29.7821006774902
372 0 0 0.0323114991188049 -29.6821002960205
371 0 0 0.0323096998035908 -29.5820999145508
370 0 0 0.0323077999055386 -29.4820995330811
369 0 0 0.0323059000074863 -29.3820991516113
368 0 0 0.0323040001094341 -29.2821006774902
367 0 0 0.0323021002113819 -29.1821002960205
366 0 0 0.0323002003133297 -29.0820999145508
365 0 0 0.0322981998324394 -28.9820995330811
364 0 0 0.0322961993515491 -28.8820991516113
363 0 0 0.0322941988706589 -28.7821006774902
362 0 0 0.0322921983897686 -28.6821002960205
361 0 0 0.0322902016341686 -28.5820999145508
360 0 0 0.0322881005704403 -28.4820995330811
359 0 0 0.032285999506712 -28.3820991516113
358 0 0 0.0322838984429836 -28.2821006774902
357 0 0 0.0322818011045456 -28.1821002960205
356 0 0 0.0322795994579792 -28.0820999145508
355 0 0 0.0322774983942509 -27.9820995330811
354 0 0 0.0322753004729748 -27.8820991516113
353 0 0 0.0322730988264084 -27.7821006774902
352 0 0 0.0322708003222942 -27.6821002960205
351 0 0 0.0322685018181801 -27.5820999145508
350 29 24 0.0322661995887756 -27.4820995330811
349 0 0 0.0322639010846615 -27.3820991516113
348 0 0 0.032261598855257 -27.2821006774902
347 0 0 0.0322591997683048 -27.1821002960205
346 0 0 0.0322568006813526 -27.0820999145508
345 0 0 0.0322544015944004 -26.9820995330811
344 0 0 0.0322519987821579 -26.8820991516113
343 0 0 0.0322494991123676 -26.7821006774902
342 0 0 0.0322469994425774 -26.6821002960205
341 0 0 0.0322444997727871 -26.5820999145508
340 0 0 0.0322418995201588 -26.4820995330811
339 0 0 0.0322392992675304 -26.3820991516113
338 0 0 0.0322366990149021 -26.2821006774902
337 0 0 0.0322340987622738 -26.1821002960205
336 0 0 0.0322314016520977 -26.0820999145508
335 0 0 0.0322287008166313 -25.9820995330811
334 0 0 0.0322259999811649 -25.8820991516113
333 0 0 0.0322231985628605 -25.7821006774902
332 0 0 0.0322204008698463 -25.6821002960205
331 0 0 0.0322175994515419 -25.5820999145508
330 0 0 0.0322148017585278 -25.4820995330811
329 0 0 0.0322118997573853 -25.3820991516113
328 0 0 0.032208900898695 -25.2821006774902
327 0 0 0.0322059988975525 -25.1821002960205
326 0 0 0.0322030000388622 -25.0820999145508
325 0 0 0.032200001180172 -24.9820995330811
324 0 0 0.0321969017386436 -24.8820991516113
323 0 0 0.032193798571825 -24.7821006774902
322 0 0 0.0321906991302967 -24.6821002960205
321 0 0 0.0321874991059303 -24.5820999145508
320 0 0 0.0321842990815639 -24.4820995330811
319 0 0 0.0321809984743595 -24.3820991516113
318 0 0 0.0321777015924454 -24.2821006774902
317 0 0 0.0321744009852409 -24.1821002960205
316 0 0 0.0321711003780365 -24.0820999145508
315 0 0 0.0321675986051559 -23.9820995330811
314 0 0 0.0321642011404037 -23.8820991516113
313 0 0 0.0321606993675232 -23.7821006774902
312 0 0 0.0321572013199329 -23.6821002960205
311 0 0 0.0321535989642143 -23.5820999145508
310 0 0 0.032150000333786 -23.4820995330811
309 0 0 0.0321463011205196 -23.3820991516113
308 0 0 0.032142598181963 -23.2821006774902
307 0 0 0.0321387983858585 -23.1821002960205
306 0 0 0.0321349985897541 -23.0820999145508
305 0 0 0.0321311987936497 -22.9820995330811
304 0 0 0.0321272015571594 -22.8820991516113
303 0 0 0.0321233011782169 -22.7821006774902
302 0 0 0.0321193002164364 -22.6821002960205
301 0 0 0.0321151986718178 -22.5820999145508
300 28 24 0.0321111008524895 -22.4820995330811
299 0 0 0.0321069993078709 -22.3820991516113
298 0 0 0.0321027003228664 -22.2821006774902
297 0 0 0.0320984981954098 -22.1821002960205
296 0 0 0.0320940986275673 -22.0820999145508
295 0 0 0.0320896990597248 -21.9820995330811
294 0 0 0.0320852994918823 -21.8820991516113
293 0 0 0.0320807993412018 -21.7821006774902
292 0 0 0.0320761986076832 -21.6821002960205
291 0 0 0.0320716015994549 -21.5820999145508
290 0 0 0.0320669002830982 -21.4820995330811
289 0 0 0.0320621989667416 -21.3820991516113
288 0 0 0.0320574007928371 -21.2821006774902
287 0 0 0.0320524983108044 -21.1821002960205
286 0 0 0.0320474989712238 -21.0820999145508
285 0 0 0.0320424996316433 -20.9820995330811
284 0 0 0.0320373997092247 -20.8820991516113
283 0 0 0.0320322997868061 -20.7821006774902
282 0 0 0.0320269986987114 -20.6821002960205
281 0 0 0.032021701335907 -20.5820999145508
280 0 0 0.0320164002478123 -20.4820995330811
279 0 0 0.0320109017193317 -20.3820991516113
278 0 0 0.0320053994655609 -20.2821006774902
277 0 0 0.0319998003542423 -20.1821002960205
276 0 0 0.0319941006600857 -20.0820999145508
275 0 0 0.031988300383091 -19.9820995330811
274 0 0 0.0319825001060963 -19.8820991516113
273 0 0 0.0319764986634254 -19.7821006774902
272 0 0 0.0319705009460449 -19.6821002960205
271 0 0 0.031964398920536 -19.5820999145508
270 0 0 0.0319582000374794 -19.4820995330811
269 0 0 0.0319519005715847 -19.3820991516113
268 0 0 0.0319455005228519 -19.2821006774902
267 0 0 0.0319389998912811 -19.1821002960205
266 0 0 0.0319323986768723 -19.0820999145508
265 0 0 0.0319257006049156 -18.9820995330811
264 0 0 0.0319188982248306 -18.8820991516113
263 0 0 0.0319119989871979 -18.7821006774902
262 0 0 0.0319049991667271 -18.6821002960205
261 0 0 0.0318978987634182 -18.5820999145508
260 0 0 0.0318907015025616 -18.4820995330811
259 0 0 0.0318833999335766 -18.3820991516113
258 0 0 0.0318760015070438 -18.2821006774902
257 0 0 0.0318683981895447 -18.1821002960205
256 0 0 0.0318607017397881 -18.0820999145508
255 0 0 0.0318529009819031 -17.9820995330811
254 0 0 0.03184499964118 -17.8820991516113
253 0 0 0.0318370014429092 -17.7821006774902
252 0 0 0.031828798353672 -17.6821002960205
251 0 0 0.0318204984068871 -17.5820999145508
250 27 24 0.0318120010197163 -17.4820995330811
249 0 0 0.0318034999072552 -17.3820991516113
248 0 0 0.0317947007715702 -17.2821006774902
247 0 0 0.0317859016358852 -17.1821002960205
246 0 0 0.0317768007516861 -17.0820999145508
245 0 0 0.031767699867487 -16.9820995330811
244 0 0 0.031758401542902 -16.8820991516113
243 0 0 0.0317488983273506 -16.7821006774902
242 0 0 0.0317392013967037 -16.6821002960205
241 0 0 0.0317294001579285 -16.5820999145508
240 0 0 0.0317194983363152 -16.4820995330811
239 0 0 0.031709298491478 -16.3820991516113
238 0 0 0.031699001789093 -16.2821006774902
237 0 0 0.0316885001957417 -16.1821002960205
236 0 0 0.0316778011620045 -16.0820999145508
235 0 0 0.0316670015454292 -15.9820995330811
234 0 0 0.0316559001803398 -15.8821001052856
233 0 0 0.0316446013748646 -15.7820997238159
232 0 0 0.031633198261261 -15.6821002960205
231 0 0 0.0316215008497238 -15.5820999145508
230 0 0 0.0316095985472202 -15.4820995330811
229 0 0 0.0315974988043308 -15.3821001052856
228 0 0 0.0315852016210556 -15.2820997238159
227 0 0 0.031572699546814 -15.1821002960205
226 0 0 0.0315598994493484 -15.0820999145508
225 0 0 0.0315468981862068 -14.9820995330811
224 0 0 0.0315335988998413 -14.8821001052856
223 0 0 0.0315200984477997 -14.7820997238159
222 0 0 0.0315062999725342 -14.6821002960205
221 0 0 0.0314923003315926 -14.5820999145508
220 0 0 0.0314779989421368 -14.4820995330811
219 0 0 0.0314633995294571 -14.3821001052856
218 0 0 0.0314485989511013 -14.2820997238159
217 0 0 0.0314333997666836 -14.1821002960205
216 0 0 0.0314179994165897 -14.0820999145508
215 0 0 0.031402301043272 -13.9820995330811
214 0 0 0.0313862003386021 -13.8821001052856
213 0 0 0.0313698016107082 -13.7820997238159
212 0 0 0.0313531011343002 -13.6821002960205
211 0 0 0.03133599832654 -13.5820999145508
210 0 0 0.0313186012208462 -13.4820995330811
209 0 0 0.0313008986413479 -13.3821001052856
208 0 0 0.031282801181078 -13.2820997238159
207 0 0 0.0312643013894558 -13.1821002960205
206 0 0 0.0312453992664814 -13.0820999145508
205 0 0 0.0312261004000902 -12.9820995330811
204 0 0 0.0312063992023468 -12.8821001052856
203 0 0 0.0311862993985415 -12.7821998596191
202 0 0 0.031165799126029 -12.6822004318237
201 0 0 0.0311447996646166 -12.582200050354
200 26 24 0.0311233997344971 -12.4821996688843
199 0 0 0.0311014000326395 -12.3822002410889
198 0 0 0.0310791004449129 -12.2821998596191
197 0 0 0.0310561992228031 -12.1822004318237
196 0 0 0.0310328006744385 -12.082200050354
195 0 0 0.0310088992118835 -11.9821996688843
194 0 0 0.0309843998402357 -11.8822002410889
193 0 0 0.0309593994170427 -11.7821998596191
192 0 0 0.0309337992221117 -11.6822004318237
191 0 0 0.0309075992554426 -11.582200050354
190 0 0 0.0308809000998735 -11.4821996688843
189 0 0 0.0308534000068903 -11.3822002410889
188 0 0 0.0308254007250071 -11.2821998596191
187 0 0 0.0307966992259026 -11.1822004318237
186 0 0 0.0307672992348671 -11.082200050354
185 0 0 0.0307372007519007 -10.9821996688843
184 0 0 0.0307062994688749 -10.8823003768921
183 0 0 0.0306748002767563 -10.7822999954224
182 0 0 0.0306423995643854 -10.6822996139526
181 0 0 0.0306091997772455 -10.5823001861572
180 0 0 0.0305752996355295 -10.4822998046875
179 0 0 0.0305403992533684 -10.3823003768921
178 0 0 0.0305046997964382 -10.2822999954224
177 0 0 0.030468100681901 -10.1822996139526
176 0 0 0.0304304994642735 -10.0823001861572
175 0 0 0.030392000451684 -9.98235034942627
174 0 0 0.0303524993360043 -9.88236045837402
173 0 0 0.0303118992596865 -9.78236961364746
172 0 0 0.0302703008055687 -9.68237972259521
171 0 0 0.0302275996655226 -9.58240032196045
170 0 0 0.0301837008446455 -9.4824104309082
169 0 0 0.0301386993378401 -9.38243007659912
168 0 0 0.0300923995673656 -9.28244972229004
167 0 0 0.0300449002534151 -9.18245983123779
166 0 0 0.0299960002303123 -9.08248043060303
165 0 0 0.0299458000808954 -8.98250007629395
164 0 0 0.0298941992223263 -8.88251972198486
163 0 0 0.0298411995172501 -8.7825403213501
162 0 0 0.0297865997999907 -8.68255996704102
161 0 0 0.0297305006533861 -8.58259010314941
160 0 0 0.0296727996319532 -8.48260974884033
159 0 0 0.0296133998781443 -8.38263988494873
158 0 0 0.0295522008091211 -8.28265953063965
157 0 0 0.0294892992824316 -8.18268966674805
156 0 0 0.029424499720335 -8.08271980285645
155 0 0 0.0293578002601862 -7.98274993896484
154 0 0 0.0292889997363091 -7.88279008865356
153 0 0 0.0292182005941868 -7.78282022476196
152 0 0 0.0291450992226601 -7.68285989761353
151 0 0 0.0290699005126953 -7.58289003372192
150 25 24 0.0289923008531332 -7.48293018341064
149 0 0 0.0289123002439737 -7.38297986984253
148 0 0 0.0288296993821859 -7.28302001953125
147 0 0 0.028744600713253 -7.18307018280029
146 0 0 0.0286567006260157 -7.08311986923218
145 0 0 0.028565900400281 -6.98317003250122
144 0 0 0.0284723006188869 -6.88322019577026
143 0 0 0.0283755008131266 -6.78327989578247
142 0 0 0.0282755997031927 -6.68334007263184
141 0 0 0.0281723998486996 -6.58339977264404
140 0 0 0.028065700083971 -6.48346996307373
139 0 0 0.027955399826169 -6.38354015350342
138 0 0 0.0278414003551006 -6.28360986709595
137 0 0 0.0277233999222517 -6.18369007110596
136 0 0 0.0276014003902674 -6.08376979827881
135 0 0 0.0274752005934715 -5.98385000228882
134 0 0 0.027344599366188 -5.88394021987915
133 0 0 0.0272093992680311 -5.78402996063232
132 0 0 0.0270694997161627 -5.68413019180298
131 0 0 0.0269245002418756 -5.58422994613647
130 0 0 0.02677440084517 -5.48433017730713
129 0 0 0.0266187991946936 -5.38443994522095
128 0 0 0.0264576002955437 -5.28455018997192
127 0 0 0.0262905992567539 -5.18465995788574
126 0 0 0.0261173993349075 -5.08478021621704
125 0 0 0.0259378999471664 -4.98489999771118
124 0 0 0.0257517006248236 -4.88502979278564
123 0 0 0.0255586002022028 -4.78515005111694
122 0 0 0.0253583006560802 -4.68527984619141
121 0 0 0.0251505002379417 -4.58541011810303
120 0 0 0.0249349996447563 -4.48553991317749
119 0 0 0.0247111991047859 -4.38567018508911
118 0 0 0.0245108995586634 -4.29928016662598
117 0 0 0.02430409938097 -4.21289014816284
116 0 0 0.0240905005484819 -4.12650012969971
115 0 0 0.023870000615716 -4.04010009765625
114 0 0 0.023642199113965 -3.95370006561279
113 0 0 0.0234070997685194 -3.86729001998901
112 0 0 0.0231643002480268 -3.78086996078491
111 0 0 0.0229136999696493 -3.69444990158081
110 0 0 0.0226550009101629 -3.60801005363464
109 0 0 0.0223881006240845 -3.52155995368958
108 0 0 0.0221126992255449 -3.43510007858276
107 0 0 0.0218286998569965 -3.34862995147705
106 0 0 0.0215360000729561 -3.26215004920959
105 0 0 0.0212344005703926 -3.17565989494324
104 0 0 0.020923899486661 -3.08916997909546
103 0 0 0.0206043999642134 -3.00267004966736
102 0 0 0.0202760994434357 -2.916179895401
101 0 0 0.0199388992041349 -2.82969999313354
100 24 24 0.0195930991321802 -2.74324011802673
99 0 0 0.0192389991134405 -2.65682005882263
98 0 0 0.01887690089643 -2.57045006752014
97 0 0 0.0185074005275965 -2.48413991928101
96 0 0 0.0181310009211302 -2.39791011810303
95 0 0 0.0177485998719931 -2.31177997589111
94 0 0 0.0173608995974064 -2.22574996948242
93 0 0 0.0169689003378153 -2.13983011245728
92 0 0 0.0165737997740507 -2.05403995513916
91 0 0 0.016176700592041 -1.96835994720459
90 0 0 0.0157789997756481 -1.88280999660492
89 0 0 0.0153818996623158 -1.79735004901886
88 0 0 0.0149870002642274 -1.71200001239777
87 0 0 0.0145958000794053 -1.62671005725861
86 0 0 0.0142099000513554 -1.54147005081177
85 0 0 0.0138309001922607 -1.45626997947693
84 0 0 0.013582999818027 -1.39945995807648
83 0 0 0.0134201003238559 -1.36159002780914
82 0 0 0.0132593000307679 -1.32371997833252
81 0 0 0.0131008001044393 -1.28584003448486
80 0 0 0.0129445996135473 -1.2479499578476
79 0 0 0.0127910999581218 -1.21004998683929
78 0 0 0.012640199624002 -1.17212998867035
77 0 0 0.0124922003597021 -1.1342099905014
76 0 0 0.012347299605608 -1.09625995159149
75 0 0 0.0122055001556873 -1.05831003189087
74 0 0 0.012067100033164 -1.02032995223999
73 0 0 0.0119321998208761 -0.982330977916718
72 0 0 0.0118009997531772 -0.944314002990723
71 0 0 0.0116734998300672 -0.906274974346161
70 0 0 0.0115500995889306 -0.868214011192322
69 0 0 0.0114307003095746 -0.830129981040955
68 0 0 0.011315600015223 -0.792023003101349
67 0 0 0.0112049002200365 -0.75389301776886
66 0 0 0.011098699644208 -0.715737998485565
65 0 0 0.010997099801898 -0.677560985088348
64 0 0 0.0109003996476531 -0.639358997344971
63 0 0 0.0108086001127958 -0.60113400220871
62 0 0 0.0107218995690346 -0.562887012958527
61 0 0 0.0106402998790145 -0.524618029594421
60 0 0 0.0105638997629285 -0.486326992511749
59 0 0 0.0104930000379682 -0.448015987873077
58 0 0 0.0104275001212955 -0.409684985876083
57 0 0 0.0103676002472639 -0.371336996555328
56 0 0 0.0103133004158735 -0.332971006631851
55 0 0 0.0102647002786398 -0.294589996337891
54 0 0 0.0102220000699162 -0.25619500875473
53 0 0 0.0101849995553493 -0.217787995934486
52 0 0 0.0101539995521307 -0.179370000958443
51 0 0 0.0101289004087448 -0.140944004058838
50 23 24 0.0101098995655775 -0.102509997785091
49 0 0 0.010096799582243 -0.0640712007880211
48 0 0 0.0100897001102567 -0.025629099458456
47 22 22 0.0100883999839425 -2.78486993465776E-07
46 0 0 0.010088499635458 0.00606065010651946
45 0 0 0.0100904004648328 0.0316894017159939
44 0 0 0.0100950999185443 0.0573173984885216
43 0 0 0.0101025002077222 0.0829441994428635
42 0 0 0.0101124998182058 0.108569003641605
41 0 0 0.0101252002641559 0.134192004799843
40 0 0 0.0101405000314116 0.1598110049963
39 0 0 0.0101584997028112 0.185426995158195
38 0 0 0.0101792002096772 0.211039006710052
37 0 0 0.0102024003863335 0.236645996570587
36 0 0 0.0102282995358109 0.262248992919922
35 0 0 0.0102567998692393 0.287844985723495
34 0 0 0.010287900455296 0.31343600153923
33 0 0 0.0103214997798204 0.339020013809204
32 0 0 0.0103575997054577 0.364596992731094
31 0 0 0.0103962998837233 0.390166997909546
30 0 0 0.0104374997317791 0.415728986263275
29 0 0 0.0104810995981097 0.441282004117966
28 0 0 0.0105271004140377 0.466827988624573
27 0 0 0.0105755999684334 0.49236398935318
26 0 0 0.0106264995411038 0.517890989780426
25 0 0 0.0106797004118562 0.543408989906311
24 0 0 0.0107351997867227 0.568916976451874
23 0 0 0.010793000459671 0.59441602230072
22 0 0 0.0108530996367335 0.619903981685638
21 0 0 0.0109152998775244 0.645381987094879
20 0 0 0.0109797995537519 0.670849978923798
19 0 0 0.0110464002937078 0.696307003498077
18 0 0 0.0111151002347469 0.721754014492035
17 0 0 0.0111859003081918 0.747189998626709
16 0 0 0.0112586999312043 0.772616028785706
15 0 0 0.0113334003835917 0.798030972480774
14 0 0 0.0114101003855467 0.82343602180481
13 0 0 0.0114887999370694 0.848830997943878
12 0 0 0.0115692000836134 0.874215006828308
11 0 0 0.0116515001282096 0.899589002132416
10 0 0 0.0117356004193425 0.924952983856201
9 0 0 0.0118214003741741 0.95030802488327
8 0 0 0.0118795000016689 0.967204988002777
7 0 0 0.0119187003001571 0.978468000888824
6 0 0 0.0119449999183416 0.985975980758667
5 0 0 0.0119626000523567 0.99098002910614
4 0 0 0.0119743999093771 0.994315981864929
3 0 0 0.0119821997359395 0.996541023254395
2 0 0 0.0119874998927116 0.998022973537445
1 0 0 0.0119944997131824 1
1 0 0 0.0119944997131824 1
2 0 0 0.0120015004649758 1.00197994709015
3 0 0 0.0120067996904254 1.00346004962921
4 0 0 0.0120147000998259 1.00567996501923
5 0 0 0.0120265996083617 1.00901997089386
6 0 0 0.0120444996282458 1.01401996612549
7 0 0 0.012071399949491 1.0215300321579
8 0 0 0.0121120996773243 1.03278005123138
9 0 0 0.0121737001463771 1.04965996742249
10 0 0 0.0122672999277711 1.07497000694275
11 0 0 0.0123624000698328 1.10027003288269
12 0 0 0.0124588999897242 1.12557005882263
13 0 0 0.0126061998307705 1.16349995136261
14 0 0 0.0127565003931522 1.20141005516052
15 0 0 0.0129094002768397 1.23932003974915
16 0 0 0.013065000064671 1.27720999717712
17 0 0 0.0132229998707771 1.31508994102478
18 0 0 0.0134642999619246 1.37189996242523
19 0 0 0.013710199855268 1.42870998382568
20 0 0 0.0139600997790694 1.48550999164581
21 0 0 0.0143416998907924 1.57071995735168
22 0 0 0.0147296003997326 1.65596997737885
23 0 0 0.0151222003623843 1.74127995967865
24 0 0 0.0155180003494024 1.82667005062103
25 0 0 0.0159155000001192 1.91216003894806
26 0 0 0.0163132008165121 1.99775004386902
27 0 0 0.0167097002267838 2.08347010612488
28 0 0 0.0171038992702961 2.16931009292603
29 0 0 0.0174944996833801 2.25525999069214
30 0 0 0.0178804993629456 2.34133005142212
31 0 0 0.0182608999311924 2.42750000953674
32 0 0 0.0186349991708994 2.51376008987427
33 0 0 0.0190019998699427 2.60009002685547
34 0 0 0.0193613991141319 2.6864800453186
35 0 0 0.0197126995772123 2.77291011810303
36 0 0 0.0200555995106697 2.85938000679016
37 0 0 0.0203898008912802 2.94585990905762
38 0 0 0.0207151006907225 3.0323600769043
39 0 0 0.0210315007716417 3.11884999275208
40 0 0 0.0213389005511999 3.20534992218018
41 0 0 0.021637499332428 3.29183006286621
42 0 0 0.0219272002577782 3.37830996513367
43 0 0 0.0222082007676363 3.46478009223938
44 0 0 0.0224805995821953 3.55122995376587
45 0 0 0.0227447003126144 3.63768005371094
46 0 0 0.0230005998164415 3.72410988807678
47 0 0 0.0232484992593527 3.81053996086121
48 0 0 0.023488599807024 3.89695000648499
49 0 0 0.0237211994826794 3.98336005210876
50 2 24 0.0239464994519949 4.06975984573364
51 0 0 0.0241646002978086 4.15614986419678
52 0 0 0.0243758000433445 4.24254989624023
53 0 0 0.0246118009090424 4.34242010116577
54 0 0 0.024839099496603 4.44228982925415
55 0 0 0.0250582005828619 4.54216003417969
56 0 0 0.0252692997455597 4.64202976226807
57 0 0 0.0254727993160486 4.7418999671936
58 0 0 0.0256689991801977 4.84177017211914
59 0 0 0.0258581005036831 4.94164991378784
60 0 0 0.0260405000299215 5.0415301322937
61 0 0 0.0262164007872343 5.1414098739624
62 0 0 0.0263860002160072 5.24129009246826
63 0 0 0.0265497006475925 5.34117984771729
64 0 0 0.0267076995223761 5.44107007980347
65 0 0 0.026860099285841 5.54095983505249
66 0 0 0.0270073004066944 5.64086008071899
67 0 0 0.0271493997424841 5.74075984954834
68 0 0 0.0272867009043694 5.84067010879517
69 0 0 0.0274192001670599 5.94057989120483
70 0 0 0.027547299861908 6.04050016403198
71 0 0 0.0276711005717516 6.14041996002197
72 0 0 0.0277907997369766 6.24034023284912
73 0 0 0.0279064998030663 6.34026002883911
74 0 0 0.0280184000730515 6.44018983840942
75 0 0 0.0281265992671251 6.54012012481689
76 0 0 0.0282313004136086 6.64005994796753
77 0 0 0.0283326990902424 6.73999977111816
78 0 0 0.0284308008849621 6.83994007110596
79 0 0 0.0285257007926702 6.93988990783691
80 0 0 0.0286177005618811 7.03983020782471
81 0 0 0.0287068001925945 7.13978004455566
82 0 0 0.0287932008504868 7.23972988128662
83 0 0 0.0288768000900745 7.33969020843506
84 0 0 0.0289578996598721 7.43965005874634
85 0 0 0.0290366001427174 7.53959989547729
86 0 0 0.0291127990931273 7.63957023620605
87 0 0 0.029186800122261 7.73953008651733
88 0 0 0.0292585995048285 7.83948993682861
89 0 0 0.0293281991034746 7.93945980072021
90 0 0 0.0293958000838757 8.03942966461182
91 0 0 0.0294614993035793 8.13939952850342
92 0 0 0.0295251999050379 8.23937034606934
93 0 0 0.0295870993286371 8.33934020996094
94 0 0 0.0296473000198603 8.4393196105957
95 0 0 0.0297056995332241 8.53929042816162
96 0 0 0.0297625008970499 8.63926982879639
97 0 0 0.0298177003860474 8.73923969268799
98 0 0 0.0298714004456997 8.83922004699707
99 0 0 0.0299236997961998 8.93920040130615
100 3 24 0.0299744997173548 9.03917980194092
101 0 0 0.0300239007920027 9.13916015625
102 0 0 0.0300719998776913 9.23915004730225
103 0 0 0.0301188006997108 9.33913040161133
104 0 0 0.0301644001156092 9.43910980224609
105 0 0 0.0302086994051933 9.53909969329834
106 0 0 0.0302520003169775 9.63908004760742
107 0 0 0.0302940998226404 9.73906993865967
108 0 0 0.0303351003676653 9.83905982971191
109 0 0 0.030375000089407 9.939040184021
110 0 0 0.0304140001535416 10.0389995574951
111 0 0 0.030451899394393 10.1389999389648
112 0 0 0.0304889995604753 10.2390003204346
113 0 0 0.0305250994861126 10.33899974823
114 0 0 0.0305602997541428 10.4390001296997
115 0 0 0.0305946003645658 10.5389995574951
116 0 0 0.0306281000375748 10.6389999389648
117 0 0 0.0306608006358147 10.7390003204346
118 0 0 0.0306928008794785 10.83899974823
119 0 0 0.03072389960289 10.9388999938965
120 0 0 0.0307542998343706 11.0389003753662
121 0 0 0.0307839997112751 11.1388998031616
122 0 0 0.0308129992336035 11.2389001846313
123 0 0 0.030841400846839 11.3388996124268
124 0 0 0.0308691002428532 11.4388999938965
125 0 0 0.0308960992842913 11.5389003753662
126 0 0 0.0309225004166365 11.6388998031616
127 0 0 0.0309484004974365 11.7389001846313
128 0 0 0.0309736002236605 11.8388996124268
129 0 0 0.0309983007609844 11.9388999938965
130 0 0 0.0310225002467632 12.0389003753662
131 0 0 0.031046099960804 12.1388998031616
132 0 0 0.0310692004859447 12.2389001846313
133 0 0 0.0310917999595404 12.3388996124268
134 0 0 0.031113900244236 12.4388999938965
135 0 0 0.0311356000602245 12.5389003753662
136 0 0 0.031156700104475 12.6388998031616
137 0 0 0.0311775002628565 12.7388000488281
138 0 0 0.0311977993696928 12.8388004302979
139 0 0 0.0312175992876291 12.9387998580933
140 0 0 0.0312370993196964 13.038800239563
141 0 0 0.0312560983002186 13.1387996673584
142 0 0 0.0312747992575169 13.2388000488281
143 0 0 0.0312931016087532 13.3388004302979
144 0 0 0.0313110016286373 13.4387998580933
145 0 0 0.0313285999000072 13.538800239563
146 0 0 0.0313457995653152 13.6387996673584
147 0 0 0.0313626006245613 13.7388000488281
148 0 0 0.0313790999352932 13.8388004302979
149 0 0 0.0313953012228012 13.9387998580933
150 4 24 0.031411200761795 14.038800239563
151 0 0 0.0314267985522747 14.1387996673584
152 0 0 0.0314420983195305 14.2388000488281
153 0 0 0.0314569994807243 14.3388004302979
154 0 0 0.0314716994762421 14.4387998580933
155 0 0 0.0314861983060837 14.538800239563
156 0 0 0.0315002985298634 14.6387996673584
157 0 0 0.0315142013132572 14.7388000488281
158 0 0 0.0315277986228466 14.8388004302979
159 0 0 0.0315411984920502 14.9387998580933
160 0 0 0.0315543003380299 15.038800239563
161 0 0 0.0315672010183334 15.1387996673584
162 0 0 0.0315797999501228 15.2388000488281
163 0 0 0.0315922014415264 15.3388004302979
164 0 0 0.0316044017672539 15.4387998580933
165 0 0 0.0316164009273052 15.538800239563
166 0 0 0.0316280983388424 15.6387996673584
167 0 0 0.0316396988928318 15.7388000488281
168 0 0 0.0316510014235973 15.8388004302979
169 0 0 0.0316621996462345 15.9387998580933
170 0 0 0.0316730998456478 16.0387992858887
171 0 0 0.0316838994622231 16.1387996673584
172 0 0 0.0316945016384125 16.2388000488281
173 0 0 0.0317048989236355 16.3388004302979
174 0 0 0.0317150987684727 16.4388008117676
175 0 0 0.031725101172924 16.5387992858887
176 0 0 0.0317349992692471 16.6387996673584
177 0 0 0.0317446999251842 16.7388000488281
178 0 0 0.0317542999982834 16.8388004302979
179 0 0 0.0317636989057064 16.9388008117676
180 0 0 0.0317729003727436 17.0387992858887
181 0 0 0.0317820012569427 17.1387996673584
182 0 0 0.0317909009754658 17.2388000488281
183 0 0 0.0317997001111507 17.3388004302979
184 0 0 0.0318083018064499 17.4388008117676
185 0 0 0.0318167991936207 17.5387992858887
186 0 0 0.0318251997232437 17.6387996673584
187 0 0 0.0318333990871906 17.7388000488281
188 0 0 0.0318415015935898 17.8388004302979
189 0 0 0.0318494997918606 17.9388008117676
190 0 0 0.0318574011325836 18.0387992858887
191 0 0 0.0318651013076305 18.1387996673584
192 0 0 0.0318727008998394 18.2388000488281
193 0 0 0.0318801999092102 18.3388004302979
194 0 0 0.031887598335743 18.4388008117676
195 0 0 0.0318947993218899 18.5387992858887
196 0 0 0.0319020003080368 18.6387996673584
197 0 0 0.0319090001285076 18.7388000488281
198 0 0 0.0319159999489784 18.8388004302979
199 0 0 0.0319227986037731 18.9388008117676
200 5 24 0.0319295004010201 19.0387992858887
201 0 0 0.0319361016154289 19.1387996673584
202 0 0 0.0319426991045475 19.2388000488281
203 0 0 0.0319490991532803 19.3388004302979
204 0 0 0.031955398619175 19.4388008117676
205 0 0 0.03196170181036 19.5387992858887
206 0 0 0.0319678001105785 19.6387996673584
207 0 0 0.0319738984107971 19.7388000488281
208 0 0 0.0319798998534679 19.8388004302979
209 0 0 0.0319858007133007 19.9388008117676
210 0 0 0.0319916009902954 20.0387992858887
211 0 0 0.0319973006844521 20.1387996673584
212 0 0 0.0320030003786087 20.2388000488281
213 0 0 0.0320084989070892 20.3388004302979
214 0 0 0.0320140011608601 20.4388008117676
215 0 0 0.0320193991065025 20.5387992858887
216 0 0 0.0320248007774353 20.6387996673584
217 0 0 0.032030001282692 20.7388000488281
218 0 0 0.0320352017879486 20.8388004302979
219 0 0 0.0320403017103672 20.9388008117676
220 0 0 0.0320454016327858 21.0387992858887
221 0 0 0.0320503003895283 21.1387996673584
222 0 0 0.0320551991462708 21.2388000488281
223 0 0 0.0320601016283035 21.3388004302979
224 0 0 0.0320648998022079 21.4388008117676
225 0 0 0.0320696011185646 21.5387992858887
226 0 0 0.0320742018520832 21.6387996673584
227 0 0 0.0320787988603115 21.7388000488281
228 0 0 0.0320833995938301 21.8388004302979
229 0 0 0.0320877991616726 21.9388008117676
230 0 0 0.0320921987295151 22.0387001037598
231 0 0 0.0320965982973576 22.1387004852295
232 0 0 0.0321009010076523 22.2387008666992
233 0 0 0.0321050994098186 22.3386993408203
234 0 0 0.0321093015372753 22.43869972229
235 0 0 0.0321134999394417 22.5387001037598
236 0 0 0.0321175009012222 22.6387004852295
237 0 0 0.0321215987205505 22.7387008666992
238 0 0 0.032125499099493 22.8386993408203
239 0 0 0.0321295000612736 22.93869972229
240 0 0 0.032133299857378 23.0387001037598
241 0 0 0.0321372002363205 23.1387004852295
242 0 0 0.0321410000324249 23.2387008666992
243 0 0 0.0321446992456913 23.3386993408203
244 0 0 0.0321483984589577 23.43869972229
245 0 0 0.0321520008146763 23.5387001037598
246 0 0 0.0321555994451046 23.6387004852295
247 0 0 0.0321592018008232 23.7387008666992
248 0 0 0.0321626998484135 23.8386993408203
249 0 0 0.032166201621294 23.93869972229
250 6 24 0.0321695990860462 24.0387001037598
251 0 0 0.0321730002760887 24.1387004852295
252 0 0 0.0321763008832932 24.2387008666992
253 0 0 0.0321796014904976 24.3386993408203
254 0 0 0.0321828983724117 24.43869972229
255 0 0 0.0321860983967781 24.5387001037598
256 0 0 0.0321892984211445 24.6387004852295
257 0 0 0.0321924984455109 24.7387008666992
258 0 0 0.0321956016123295 24.8386993408203
259 0 0 0.0321986004710197 24.93869972229
260 0 0 0.0322016999125481 25.0387001037598
261 0 0 0.0322046987712383 25.1387004852295
262 0 0 0.0322077013552189 25.2387008666992
263 0 0 0.0322105996310711 25.3386993408203
264 0 0 0.0322135016322136 25.43869972229
265 0 0 0.0322163999080658 25.5387001037598
266 0 0 0.0322192013263702 25.6387004852295
267 0 0 0.0322219990193844 25.7387008666992
268 0 0 0.0322248004376888 25.8386993408203
269 0 0 0.0322275012731552 25.93869972229
270 0 0 0.0322302989661694 26.0387001037598
271 0 0 0.0322328992187977 26.1387004852295
272 0 0 0.0322356000542641 26.2387008666992
273 0 0 0.0322382003068924 26.3386993408203
274 0 0 0.0322408005595207 26.43869972229
275 0 0 0.032243400812149 26.5387001037598
276 0 0 0.0322459004819393 26.6387004852295
277 0 0 0.0322484001517296 26.7387008666992
278 0 0 0.0322508998215199 26.8386993408203
279 0 0 0.0322533994913101 26.93869972229
280 0 0 0.0322557985782623 27.0387001037598
281 0 0 0.0322582013905048 27.1387004852295
282 0 0 0.032260600477457 27.2387008666992
283 0 0 0.0322628989815712 27.3386993408203
284 0 0 0.0322652012109756 27.43869972229
285 0 0 0.0322676002979279 27.5387001037598
286 0 0 0.0322697982192039 27.6387004852295
287 0 0 0.0322721004486084 27.7387008666992
288 0 0 0.0322742983698845 27.8386993408203
289 0 0 0.0322765000164509 27.93869972229
290 0 0 0.0322787016630173 28.0387001037598
291 0 0 0.0322808995842934 28.1387004852295
292 0 0 0.0322830006480217 28.2387008666992
293 0 0 0.03228510171175 28.3386993408203
294 0 0 0.0322871990501881 28.43869972229
295 0 0 0.0322893001139164 28.5387001037598
296 0 0 0.0322913005948067 28.6387004852295
297 0 0 0.032293401658535 28.7387008666992
298 0 0 0.032295398414135 28.8386993408203
299 0 0 0.0322973988950253 28.93869972229
300 7 24 0.0322992987930775 29.0387001037598
301 0 0 0.0323012992739677 29.1387004852295
302 0 0 0.03230319917202 29.2387008666992
303 0 0 0.0323050990700722 29.3386993408203
304 0 0 0.0323069989681244 29.43869972229
305 0 0 0.0323088988661766 29.5387001037598
306 0 0 0.0323106981813908 29.6387004852295
307 0 0 0.0323126018047333 29.7387008666992
308 0 0 0.0323144011199474 29.8386993408203
309 0 0 0.0323162004351616 29.93869972229
310 0 0 0.0323179997503757 30.0387001037598
311 0 0 0.0323197990655899 30.1387004852295
312 0 0 0.0323215015232563 30.2387008666992
313 0 0 0.0323232002556324 30.3386993408203
314 0 0 0.0323248989880085 30.43869972229
315 0 0 0.0323266014456749 30.5387001037598
316 0 0 0.032328300178051 30.6387004852295
317 0 0 0.0323299989104271 30.7387008666992
318 0 0 0.0323316007852554 30.8386993408203
319 0 0 0.0323332995176315 30.93869972229
320 0 0 0.0323349013924599 31.0387001037598
321 0 0 0.0323364995419979 31.1387004852295
322 0 0 0.0323381014168262 31.2387008666992
323 0 0 0.0323396995663643 31.3386993408203
324 0 0 0.0323412008583546 31.43869972229
325 0 0 0.0323427990078926 31.5387001037598
326 0 0 0.0323443002998829 31.6387004852295
327 0 0 0.0323458015918732 31.7387008666992
328 0 0 0.0323472991585732 31.8386993408203
329 0 0 0.0323488004505634 31.93869972229
330 0 0 0.0323503017425537 32.0387001037598
331 0 0 0.0323516987264156 32.1386985778809
332 0 0 0.0323532000184059 32.2387008666992
333 0 0 0.0323546007275581 32.3386993408203
334 0 0 0.0323560014367104 32.4387016296387
335 0 0 0.0323573984205723 32.5387001037598
336 0 0 0.0323587991297245 32.6386985778809
337 0 0 0.0323601998388767 32.7387008666992
338 0 0 0.0323616005480289 32.8386993408203
339 0 0 0.0323629006743431 32.9387016296387
340 0 0 0.0323643013834953 33.0387001037598
341 0 0 0.0323656015098095 33.1386985778809
342 0 0 0.0323669984936714 33.2387008666992
343 0 0 0.0323682986199856 33.3386993408203
344 0 0 0.0323695987462997 33.4387016296387
345 0 0 0.0323707982897758 33.5387001037598
346 0 0 0.03237209841609 33.6386985778809
347 0 0 0.0323733985424042 33.7387008666992
348 0 0 0.0323746018111706 33.8386993408203
349 0 0 0.0323758982121944 33.9387016296387
350 8 24 0.0323771014809608 34.0387001037598
351 0 0 0.032378301024437 34.1386985778809
352 0 0 0.0323796011507511 34.2387008666992
353 0 0 0.0323808006942272 34.3386993408203
354 0 0 0.0323818996548653 34.4387016296387
355 0 0 0.0323830991983414 34.5387001037598
356 0 0 0.0323842987418175 34.6386985778809
357 0 0 0.0323854982852936 34.7387008666992
358 0 0 0.0323866009712219 34.8386993408203
359 0 0 0.03238769993186 34.9387016296387
360 0 0 0.0323888994753361 35.0387001037598
361 0 0 0.0323899984359741 35.1386985778809
362 0 0 0.0323911011219025 35.2387008666992
363 0 0 0.0323922000825405 35.3386993408203
364 0 0 0.0323932990431786 35.4387016296387
365 0 0 0.0323944017291069 35.5387001037598
366 0 0 0.0323955006897449 35.6386985778809
367 0 0 0.0323964990675449 35.7387008666992
368 0 0 0.0323976017534733 35.8386993408203
369 0 0 0.0323986001312733 35.9387016296387
370 0 0 0.0323996990919113 36.0387001037598
371 0 0 0.0324007011950016 36.1386985778809
372 0 0 0.0324016995728016 36.2387008666992
373 0 0 0.0324027985334396 36.3386993408203
374 0 0 0.0324038006365299 36.4387016296387
375 0 0 0.0324047990143299 36.5387001037598
376 0 0 0.0324058011174202 36.6386985778809
377 0 0 0.0324066989123821 36.7387008666992
378 0 0 0.0324077010154724 36.8386993408203
379 0 0 0.0324086993932724 36.9387016296387
380 0 0 0.0324096009135246 37.0387001037598
381 0 0 0.0324105992913246 37.1386985778809
382 0 0 0.0324115008115768 37.2387008666992
383 0 0 0.0324124991893768 37.3386993408203
384 0 0 0.0324134007096291 37.4387016296387
385 0 0 0.032414298504591 37.5387001037598
386 0 0 0.0324152000248432 37.6386985778809
387 0 0 0.0324161984026432 37.7387008666992
388 0 0 0.0324170999228954 37.8386993408203
389 0 0 0.0324179008603096 37.9387016296387
390 0 0 0.0324187986552715 38.0387001037598
391 0 0 0.0324197001755238 38.1386985778809
392 0 0 0.032420601695776 38.2387008666992
393 0 0 0.0324214994907379 38.3386993408203
394 0 0 0.0324223004281521 38.4387016296387
395 0 0 0.032423198223114 38.5387001037598
396 0 0 0.0324239991605282 38.6386985778809
397 0 0 0.0324249006807804 38.7387008666992
398 0 0 0.0324257016181946 38.8386993408203
399 0 0 0.0324264988303185 38.9387016296387
400 9 24 0.0324272997677326 39.0387001037598
401 0 0 0.0324281007051468 39.1386985778809
402 0 0 0.0324289985001087 39.2387008666992
403 0 0 0.0324297994375229 39.3386993408203
404 0 0 0.0324306003749371 39.4387016296387
405 0 0 0.0324313007295132 39.5387001037598
406 0 0 0.0324321016669273 39.6386985778809
407 0 0 0.0324328988790512 39.7387008666992
408 0 0 0.0324336998164654 39.8386993408203
409 0 0 0.0324344001710415 39.9387016296387
410 0 0 0.0324352011084557 40.0387001037598
411 0 0 0.0324359983205795 40.1386985778809
412 0 0 0.0324366986751556 40.2387008666992
413 0 0 0.0324374996125698 40.3386993408203
414 0 0 0.0324381999671459 40.4387016296387
415 0 0 0.032438900321722 40.5387001037598
416 0 0 0.0324397012591362 40.6386985778809
417 0 0 0.0324404016137123 40.7387008666992
418 0 0 0.0324410982429981 40.8386993408203
419 0 0 0.0324417985975742 40.9387016296387
420 0 0 0.0324424989521503 41.0387001037598
421 0 0 0.0324431993067265 41.1386985778809
422 0 0 0.0324438996613026 41.2387008666992
423 0 0 0.0324446000158787 41.3386993408203
424 0 0 0.0324453003704548 41.4387016296387
425 0 0 0.0324460007250309 41.5387001037598
426 0 0 0.032446701079607 41.6386985778809
427 0 0 0.0324473008513451 41.7387008666992
428 0 0 0.0324480012059212 41.8386993408203
429 0 0 0.0324487015604973 41.9387016296387
430 0 0 0.0324493013322353 42.0387001037598
431 0 0 0.0324500016868114 42.1386985778809
432 0 0 0.0324506014585495 42.2387008666992
433 0 0 0.0324513018131256 42.3386993408203
434 0 0 0.0324519015848637 42.4387016296387
435 0 0 0.0324525982141495 42.5387001037598
436 0 0 0.0324532017111778 42.6386985778809
437 0 0 0.0324538014829159 42.7387008666992
438 0 0 0.0324544012546539 42.8386993408203
439 0 0 0.03245510160923 42.9387016296387
440 0 0 0.0324557013809681 43.0387001037598
441 0 0 0.0324563011527061 43.1386985778809
442 0 0 0.0324569009244442 43.2387008666992
443 0 0 0.0324575006961823 43.3386993408203
444 0 0 0.0324581004679203 43.4387016296387
445 0 0 0.0324587002396584 43.5387001037598
446 0 0 0.0324593000113964 43.6386985778809
447 0 0 0.0324598997831345 43.7387008666992
448 0 0 0.0324603989720345 43.8386993408203
449 0 0 0.0324609987437725 43.9387016296387
450 10 24 0.0324615985155106 44.0387001037598
451 0 0 0.0324621982872486 44.1386985778809
452 0 0 0.0324627012014389 44.2387008666992
453 0 0 0.032463300973177 44.3386993408203
454 0 0 0.032463800162077 44.4387016296387
455 0 0 0.032464399933815 44.5387001037598
456 0 0 0.0324649997055531 44.6386985778809
457 0 0 0.032465498894453 44.7387008666992
458 0 0 0.0324660018086433 44.8386993408203
459 0 0 0.0324666015803814 44.9387016296387
460 0 0 0.0324671007692814 45.0387001037598
461 0 0 0.0324677005410194 45.1386985778809
462 0 0 0.0324681997299194 45.2387008666992
463 0 0 0.0324686989188194 45.3386993408203
464 0 0 0.0324692018330097 45.4387016296387
465 0 0 0.0324698016047478 45.5387001037598
466 0 0 0.0324703007936478 45.6386985778809
467 0 0 0.0324707999825478 45.7387008666992
468 0 0 0.0324712991714478 45.8386993408203
469 0 0 0.0324717983603477 45.9387016296387
470 0 0 0.032472301274538 46.0387001037598
471 0 0 0.032472800463438 46.1386985778809
472 0 0 0.032473299652338 46.2387008666992
473 0 0 0.032473798841238 46.3386993408203
474 0 0 0.0324743017554283 46.4387016296387
475 0 0 0.0324748009443283 46.5387001037598
476 0 0 0.0324753001332283 46.6386985778809
477 0 0 0.0324756987392902 46.7387008666992
478 0 0 0.0324762016534805 46.8386993408203
479 0 0 0.0324767008423805 46.9387016296387
480 0 0 0.0324772000312805 47.0387001037598
481 0 0 0.0324775986373425 47.1386985778809
482 0 0 0.0324781015515327 47.2387008666992
483 0 0 0.0324786007404327 47.3386993408203
484 0 0 0.0324789993464947 47.4387016296387
485 0 0 0.0324794985353947 47.5387001037598
486 0 0 0.0324799008667469 47.6386985778809
487 0 0 0.0324804000556469 47.7387008666992
488 0 0 0.0324807986617088 47.8386993408203
489 0 0 0.0324813015758991 47.9387016296387
490 0 0 0.0324817001819611 48.0387001037598
491 0 0 0.0324821993708611 48.1386985778809
492 0 0 0.0324826017022133 48.2387008666992
493 0 0 0.0324830003082752 48.3386993408203
494 0 0 0.0324834994971752 48.4387016296387
495 0 0 0.0324839018285275 48.5387001037598
496 0 0 0.0324843004345894 48.6386985778809
497 0 0 0.0324846990406513 48.7387008666992
498 0 0 0.0324851982295513 48.8386993408203
499 0 0 0.0324856005609035 48.9387016296387
500 11 24 0.0324859991669655 49.0387001037598
501 0 0 0.0324864014983177 49.1386985778809
502 0 0 0.0324868001043797 49.2387008666992
503 0 0 0.0324871987104416 49.3386993408203
504 0 0 0.0324876010417938 49.4387016296387
505 0 0 0.0324879996478558 49.5387001037598
506 0 0 0.0324883982539177 49.6386985778809
507 0 0 0.0324888005852699 49.7387008666992
508 0 0 0.0324891991913319 49.8386993408203
509 0 0 0.0324896015226841 49.9387016296387
510 0 0 0.032490000128746 50.0387001037598
511 0 0 0.032490398734808 50.1386985778809
512 0 0 0.0324908010661602 50.2387008666992
513 0 0 0.0324911996722221 50.3386993408203
514 0 0 0.0324915982782841 50.4387016296387
515 0 0 0.0324920006096363 50.5387001037598
516 0 0 0.0324922986328602 50.6386985778809
517 0 0 0.0324927009642124 50.7387008666992
518 0 0 0.0324930995702744 50.8386993408203
519 0 0 0.0324934981763363 50.9387016296387
520 0 0 0.0324937999248505 51.0387001037598
521 0 0 0.0324941985309124 51.1386985778809
522 0 0 0.0324946008622646 51.2387008666992
523 0 0 0.0324948988854885 51.3386993408203
524 0 0 0.0324953012168407 51.4387016296387
525 0 0 0.0324955992400646 51.5387001037598
526 0 0 0.0324960015714169 51.6386985778809
527 0 0 0.0324964001774788 51.7387008666992
528 0 0 0.0324966982007027 51.8386993408203
529 0 0 0.0324971005320549 51.9387016296387
530 0 0 0.0324973985552788 52.0387001037598
531 0 0 0.032497800886631 52.1386985778809
532 0 0 0.0324980989098549 52.2387008666992
533 0 0 0.0324984006583691 52.3386993408203
534 0 0 0.032498799264431 52.4387016296387
535 0 0 0.0324991010129452 52.5387001037598
536 0 0 0.0324994996190071 52.6386985778809
537 0 0 0.0324998013675213 52.7387008666992
538 0 0 0.0325000993907452 52.8386993408203
539 0 0 0.0325005017220974 52.9387016296387
540 0 0 0.0325007997453213 53.0387001037598
541 0 0 0.0325011014938354 53.1386985778809
542 0 0 0.0325013995170593 53.2387008666992
543 0 0 0.0325018018484116 53.3386993408203
544 0 0 0.0325020998716354 53.4387016296387
545 0 0 0.0325024016201496 53.5387001037598
546 0 0 0.0325026996433735 53.6386985778809
547 0 0 0.0325030013918877 53.7387008666992
548 0 0 0.0325033999979496 53.8386993408203
549 0 0 0.0325037017464638 53.9387016296387
550 12 24 0.0325039997696877 54.0387001037598
551 0 0 0.0325043015182018 54.1386985778809
552 0 0 0.0325045995414257 54.2387008666992
553 0 0 0.0325049012899399 54.3386993408203
554 0 0 0.0325051993131638 54.4387016296387
555 0 0 0.0325055010616779 54.5387001037598
556 0 0 0.0325057990849018 54.6386985778809
557 0 0 0.032506100833416 54.7387008666992
558 0 0 0.0325063988566399 54.8386993408203
559 0 0 0.032506700605154 54.9387016296387
560 0 0 0.0325069986283779 55.0387001037598
561 0 0 0.0325073003768921 55.1386985778809
562 0 0 0.032507598400116 55.2387008666992
563 0 0 0.0325079001486301 55.3386993408203
564 0 0 0.032508198171854 55.4387016296387
565 0 0 0.0325084999203682 55.5387001037598
566 0 0 0.0325087010860443 55.6386985778809
567 0 0 0.0325089991092682 55.7387008666992
568 0 0 0.0325093008577824 55.8386993408203
569 0 0 0.0325095988810062 55.9387016296387
570 0 0 0.0325099006295204 56.0387001037598
571 0 0 0.0325101986527443 56.1386985778809
572 0 0 0.0325103998184204 56.2387008666992
573 0 0 0.0325107015669346 56.3386993408203
574 0 0 0.0325109995901585 56.4387016296387
575 0 0 0.0325113013386726 56.5387001037598
576 0 0 0.0325114987790585 56.6386985778809
577 0 0 0.0325118005275726 56.7387008666992
578 0 0 0.0325120985507965 56.8386993408203
579 0 0 0.0325122997164726 56.9387016296387
580 0 0 0.0325126014649868 57.0387001037598
581 0 0 0.0325128994882107 57.1386985778809
582 0 0 0.0325131006538868 57.2387008666992
583 0 0 0.0325133986771107 57.3386993408203
584 0 0 0.0325135998427868 57.4387016296387
585 0 0 0.032513901591301 57.5387001037598
586 0 0 0.0325141996145248 57.6386985778809
587 0 0 0.032514400780201 57.7387008666992
588 0 0 0.0325146988034248 57.8386993408203
589 0 0 0.032514899969101 57.9387016296387
590 0 0 0.0325152017176151 58.0387001037598
591 0 0 0.0325153991580009 58.1386985778809
592 0 0 0.0325157009065151 58.2387008666992
593 0 0 0.0325158983469009 58.3386993408203
594 0 0 0.0325162000954151 58.4387016296387
595 0 0 0.0325164012610912 58.5387001037598
596 0 0 0.0325166992843151 58.6386985778809
597 0 0 0.0325169004499912 58.7387008666992
598 0 0 0.0325171016156673 58.8386993408203
599 0 0 0.0325173996388912 58.9387016296387
600 13 24 0.0325176008045673 59.0387001037598
601 0 0 0.0325178988277912 59.1386985778809
602 0 0 0.0325180999934673 59.2387008666992
603 0 0 0.0325183011591434 59.3386993408203
604 0 0 0.0325185991823673 59.4387016296387
605 0 0 0.0325188003480434 59.5387001037598
606 0 0 0.0325190015137196 59.6386985778809
607 0 0 0.0325192995369434 59.7387008666992
608 0 0 0.0325195007026196 59.8386993408203
609 0 0 0.0325196981430054 59.9387016296387
610 0 0 0.0325199998915195 60.0387001037598
611 0 0 0.0325202010571957 60.1386985778809
612 0 0 0.0325203984975815 60.2387008666992
613 0 0 0.0325205996632576 60.3386993408203
614 0 0 0.0325209014117718 60.4387016296387
615 0 0 0.0325210988521576 60.5387001037598
616 0 0 0.0325213000178337 60.6386985778809
617 0 0 0.0325215011835098 60.7387008666992
618 0 0 0.0325216986238956 60.8386993408203
619 0 0 0.0325220003724098 60.9387016296387
620 0 0 0.0325222015380859 61.0387001037598
621 0 0 0.0325223989784718 61.1386985778809
622 0 0 0.0325226001441479 61.2387008666992
623 0 0 0.032522801309824 61.3386993408203
624 0 0 0.0325229987502098 61.4387016296387
625 0 0 0.0325231999158859 61.5387001037598
626 0 0 0.032523401081562 61.6386985778809
627 0 0 0.0325236991047859 61.7387008666992
628 0 0 0.032523900270462 61.8386993408203
629 0 0 0.0325241014361382 61.9387016296387
630 0 0 0.032524298876524 62.0387001037598
631 0 0 0.0325245000422001 62.1386985778809
632 0 0 0.0325247012078762 62.2387008666992
633 0 0 0.032524898648262 62.3386993408203
634 0 0 0.0325250998139381 62.4387016296387
635 0 0 0.0325253009796143 62.5387001037598
636 0 0 0.0325254984200001 62.6386985778809
637 0 0 0.0325256995856762 62.7387008666992
638 0 0 0.0325259007513523 62.8386993408203
639 0 0 0.0325260981917381 62.9387016296387
640 0 0 0.0325262993574142 63.0387001037598
641 0 0 0.0325265005230904 63.1386985778809
642 0 0 0.0325267016887665 63.2387008666992
643 0 0 0.0325268991291523 63.3386993408203
644 0 0 0.0325271002948284 63.4387016296387
645 0 0 0.0325273014605045 63.5387001037598
646 0 0 0.0325274989008904 63.6386985778809
647 0 0 0.0325275994837284 63.7387008666992
648 0 0 0.0325278006494045 63.8386993408203
649 0 0 0.0325280018150806 63.9387016296387
650 14 24 0.0325281992554665 64.0386962890625
651 0 0 0.0325284004211426 64.1387023925781
652 0 0 0.0325286015868187 64.2387008666992
653 0 0 0.0325287990272045 64.3386993408203
654 0 0 0.0325290001928806 64.4386978149414
655 0 0 0.0325291007757187 64.5386962890625
656 0 0 0.0325292982161045 64.6387023925781
657 0 0 0.0325294993817806 64.7387008666992
658 0 0 0.0325297005474567 64.8386993408203
659 0 0 0.0325299017131329 64.9386978149414
660 0 0 0.0325299985706806 65.0386962890625
661 0 0 0.0325301997363567 65.1387023925781
662 0 0 0.0325304009020329 65.2387008666992
663 0 0 0.0325305983424187 65.3386993408203
664 0 0 0.0325306989252567 65.4386978149414
665 0 0 0.0325309000909328 65.5386962890625
666 0 0 0.032531101256609 65.6387023925781
667 0 0 0.0325312986969948 65.7387008666992
668 0 0 0.0325313992798328 65.8386993408203
669 0 0 0.032531600445509 65.9386978149414
670 0 0 0.0325318016111851 66.0386962890625
671 0 0 0.0325319990515709 66.1387023925781
672 0 0 0.032532099634409 66.2387008666992
673 0 0 0.0325323008000851 66.3386993408203
674 0 0 0.0325324982404709 66.4386978149414
675 0 0 0.0325325988233089 66.5386962890625
676 0 0 0.0325327999889851 66.6387023925781
677 0 0 0.0325330011546612 66.7387008666992
678 0 0 0.0325331017374992 66.8386993408203
679 0 0 0.0325332991778851 66.9386978149414
680 0 0 0.0325335003435612 67.0386962890625
681 0 0 0.0325336009263992 67.1387023925781
682 0 0 0.032533798366785 67.2387008666992
683 0 0 0.0325338989496231 67.3386993408203
684 0 0 0.0325341001152992 67.4386978149414
685 0 0 0.0325343012809753 67.5386962890625
686 0 0 0.0325343981385231 67.6387023925781
687 0 0 0.0325345993041992 67.7387008666992
688 0 0 0.0325346998870373 67.8386993408203
689 0 0 0.0325349010527134 67.9386978149414
690 0 0 0.0325350984930992 68.0386962890625
691 0 0 0.0325351990759373 68.1387023925781
692 0 0 0.0325354002416134 68.2387008666992
693 0 0 0.0325355008244514 68.3386993408203
694 0 0 0.0325356982648373 68.4386978149414
695 0 0 0.0325357988476753 68.5386962890625
696 0 0 0.0325360000133514 68.6387023925781
697 0 0 0.0325361005961895 68.7387008666992
698 0 0 0.0325363017618656 68.8386993408203
699 0 0 0.0325363986194134 68.9386978149414
700 15 24 0.0325365997850895 69.0386962890625
701 0 0 0.0325367003679276 69.1387023925781
702 0 0 0.0325369015336037 69.2387008666992
703 0 0 0.0325369983911514 69.3386993408203
704 0 0 0.0325371995568275 69.4386978149414
705 0 0 0.0325373001396656 69.5386962890625
706 0 0 0.0325375013053417 69.6387023925781
707 0 0 0.0325375981628895 69.7387008666992
708 0 0 0.0325377993285656 69.8386993408203
709 0 0 0.0325378999114037 69.9386978149414
710 0 0 0.0325381010770798 70.0386962890625
711 0 0 0.0325382016599178 70.1387023925781
712 0 0 0.0325382985174656 70.2387008666992
713 0 0 0.0325384996831417 70.3386993408203
714 0 0 0.0325386002659798 70.4386978149414
715 0 0 0.0325388014316559 70.5386962890625
716 0 0 0.0325388982892036 70.6387023925781
717 0 0 0.0325389988720417 70.7387008666992
718 0 0 0.0325392000377178 70.8386993408203
719 0 0 0.0325393006205559 70.9386978149414
720 0 0 0.032539501786232 71.0386962890625
721 0 0 0.0325395986437798 71.1387023925781
722 0 0 0.0325396992266178 71.2387008666992
723 0 0 0.0325399003922939 71.3386993408203
724 0 0 0.032540000975132 71.4386978149414
725 0 0 0.03254010155797 71.5386962890625
726 0 0 0.0325402989983559 71.6387023925781
727 0 0 0.0325403995811939 71.7387008666992
728 0 0 0.032540500164032 71.8386993408203
729 0 0 0.0325407013297081 71.9386978149414
730 0 0 0.0325407981872559 72.0386962890625
731 0 0 0.0325408987700939 72.1387023925781
732 0 0 0.03254109993577 72.2387008666992
733 0 0 0.0325412005186081 72.3386993408203
734 0 0 0.0325413011014462 72.4386978149414
735 0 0 0.032541498541832 72.5386962890625
736 0 0 0.03254159912467 72.6387023925781
737 0 0 0.0325416997075081 72.7387008666992
738 0 0 0.0325418002903461 72.8386993408203
739 0 0 0.0325420014560223 72.9386978149414
740 0 0 0.03254209831357 73.0386962890625
741 0 0 0.0325421988964081 73.1387023925781
742 0 0 0.0325422994792461 73.2387008666992
743 0 0 0.0325425006449223 73.3386993408203
744 0 0 0.0325426012277603 73.4386978149414
745 0 0 0.0325427018105984 73.5386962890625
746 0 0 0.0325427986681461 73.6387023925781
747 0 0 0.0325429998338223 73.7387008666992
748 0 0 0.0325431004166603 73.8386993408203
749 0 0 0.0325432009994984 73.9386978149414
750 16 24 0.0325433015823364 74.0386962890625
751 0 0 0.0325434990227222 74.1387023925781
752 0 0 0.0325435996055603 74.2387008666992
753 0 0 0.0325437001883984 74.3386993408203
754 0 0 0.0325438007712364 74.4386978149414
755 0 0 0.0325439013540745 74.5386962890625
756 0 0 0.0325440987944603 74.6387023925781
757 0 0 0.0325441993772984 74.7387008666992
758 0 0 0.0325442999601364 74.8386993408203
759 0 0 0.0325444005429745 74.9386978149414
760 0 0 0.0325445011258125 75.0386962890625
761 0 0 0.0325446017086506 75.1387023925781
762 0 0 0.0325447991490364 75.2387008666992
763 0 0 0.0325448997318745 75.3386993408203
764 0 0 0.0325450003147125 75.4386978149414
765 0 0 0.0325451008975506 75.5386962890625
766 0 0 0.0325452014803886 75.6387023925781
767 0 0 0.0325452983379364 75.7387008666992
768 0 0 0.0325453989207745 75.8386993408203
769 0 0 0.0325456000864506 75.9386978149414
770 0 0 0.0325457006692886 76.0386962890625
771 0 0 0.0325458012521267 76.1387023925781
772 0 0 0.0325459018349648 76.2387008666992
773 0 0 0.0325459986925125 76.3386993408203
774 0 0 0.0325460992753506 76.4386978149414
775 0 0 0.0325461998581886 76.5386962890625
776 0 0 0.0325463004410267 76.6387023925781
777 0 0 0.0325464010238647 76.7387008666992
778 0 0 0.0325465016067028 76.8386993408203
779 0 0 0.0325466990470886 76.9386978149414
780 0 0 0.0325467996299267 77.0386962890625
781 0 0 0.0325469002127647 77.1387023925781
782 0 0 0.0325470007956028 77.2387008666992
783 0 0 0.0325471013784409 77.3386993408203
784 0 0 0.0325471982359886 77.4386978149414
785 0 0 0.0325472988188267 77.5386962890625
786 0 0 0.0325473994016647 77.6387023925781
787 0 0 0.0325474999845028 77.7387008666992
788 0 0 0.0325476005673409 77.8386993408203
789 0 0 0.0325477011501789 77.9386978149414
790 0 0 0.032547801733017 78.0386962890625
791 0 0 0.0325478985905647 78.1387023925781
792 0 0 0.0325479991734028 78.2387008666992
793 0 0 0.0325480997562408 78.3386993408203
794 0 0 0.0325482003390789 78.4386978149414
795 0 0 0.032548300921917 78.5386962890625
796 0 0 0.032548401504755 78.6387023925781
797 0 0 0.0325484983623028 78.7387008666992
798 0 0 0.0325485989451408 78.8386993408203
799 0 0 0.0325486995279789 78.9386978149414
800 17 24 0.032548800110817 79.0386962890625
801 0 0 0.032548900693655 79.1387023925781
802 0 0 0.0325490012764931 79.2387008666992
803 0 0 0.0325491018593311 79.3386993408203
804 0 0 0.0325491987168789 79.4386978149414
805 0 0 0.0325492992997169 79.5386962890625
806 0 0 0.032549399882555 79.6387023925781
807 0 0 0.0325495004653931 79.7387008666992
808 0 0 0.0325496010482311 79.8386993408203
809 0 0 0.0325497016310692 79.9386978149414
810 0 0 0.0325497984886169 80.0386962890625
811 0 0 0.032549899071455 80.1387023925781
812 0 0 0.0325499996542931 80.2387008666992
813 0 0 0.0325501002371311 80.3386993408203
814 0 0 0.0325502008199692 80.4386978149414
815 0 0 0.0325503014028072 80.5386962890625
816 0 0 0.032550398260355 80.6387023925781
817 0 0 0.0325504988431931 80.7387008666992
818 0 0 0.0325505994260311 80.8386993408203
819 0 0 0.0325507000088692 80.9386978149414
820 0 0 0.0325508005917072 81.0386962890625
821 0 0 0.0325509011745453 81.1387023925781
822 0 0 0.0325509011745453 81.2387008666992
823 0 0 0.0325510017573833 81.3386993408203
824 0 0 0.0325510986149311 81.4386978149414
825 0 0 0.0325511991977692 81.5386962890625
826 0 0 0.0325512997806072 81.6387023925781
827 0 0 0.0325514003634453 81.7387008666992
828 0 0 0.0325515009462833 81.8386993408203
829 0 0 0.0325516015291214 81.9386978149414
830 0 0 0.0325516983866692 82.0386962890625
831 0 0 0.0325517989695072 82.1387023925781
832 0 0 0.0325518995523453 82.2387008666992
833 0 0 0.0325518995523453 82.3386993408203
834 0 0 0.0325520001351833 82.4386978149414
835 0 0 0.0325521007180214 82.5386962890625
836 0 0 0.0325522013008595 82.6387023925781
837 0 0 0.0325522981584072 82.7387008666992
838 0 0 0.0325523987412453 82.8386993408203
839 0 0 0.0325524993240833 82.9386978149414
840 0 0 0.0325525999069214 83.0386962890625
841 0 0 0.0325525999069214 83.1387023925781
842 0 0 0.0325527004897594 83.2387008666992
843 0 0 0.0325528010725975 83.3386993408203
844 0 0 0.0325529016554356 83.4386978149414
845 0 0 0.0325529985129833 83.5386962890625
846 0 0 0.0325530990958214 83.6387023925781
847 0 0 0.0325530990958214 83.7387008666992
848 0 0 0.0325531996786594 83.8386993408203
849 0 0 0.0325533002614975 83.9386978149414
850 18 24 0.0325534008443356 84.0386962890625
851 0 0 0.0325535014271736 84.1387023925781
852 0 0 0.0325535982847214 84.2387008666992
853 0 0 0.0325535982847214 84.3386993408203
854 0 0 0.0325536988675594 84.4386978149414
855 0 0 0.0325537994503975 84.5386962890625
856 0 0 0.0325539000332355 84.6387023925781
857 0 0 0.0325540006160736 84.7387008666992
858 0 0 0.0325541011989117 84.8386993408203
859 0 0 0.0325541011989117 84.9386978149414
860 0 0 0.0325542017817497 85.0386962890625
861 0 0 0.0325542986392975 85.1387023925781
862 0 0 0.0325543992221355 85.2387008666992
863 0 0 0.0325544998049736 85.3386993408203
864 0 0 0.0325544998049736 85.4386978149414
865 0 0 0.0325546003878117 85.5386962890625
866 0 0 0.0325547009706497 85.6387023925781
867 0 0 0.0325548015534878 85.7387008666992
868 0 0 0.0325548015534878 85.8386993408203
869 0 0 0.0325548984110355 85.9386978149414
870 0 0 0.0325549989938736 86.0386962890625
871 0 0 0.0325550995767117 86.1387023925781
872 0 0 0.0325552001595497 86.2387008666992
873 0 0 0.0325552001595497 86.3386993408203
874 0 0 0.0325553007423878 86.4386978149414
875 0 0 0.0325554013252258 86.5386962890625
876 0 0 0.0325554981827736 86.6387023925781
877 0 0 0.0325554981827736 86.7387008666992
878 0 0 0.0325555987656116 86.8386993408203
879 0 0 0.0325556993484497 86.9386978149414
880 0 0 0.0325557999312878 87.0386962890625
881 0 0 0.0325557999312878 87.1387023925781
882 0 0 0.0325559005141258 87.2387008666992
883 0 0 0.0325560010969639 87.3386993408203
884 0 0 0.0325561016798019 87.4386978149414
885 0 0 0.0325561016798019 87.5386962890625
886 0 0 0.0325561985373497 87.6387023925781
887 0 0 0.0325562991201878 87.7387008666992
888 0 0 0.0325563997030258 87.8386993408203
889 0 0 0.0325563997030258 87.9386978149414
890 0 0 0.0325565002858639 88.0386962890625
891 0 0 0.0325566008687019 88.1387023925781
892 0 0 0.0325566008687019 88.2387008666992
893 0 0 0.03255670145154 88.3386993408203
894 0 0 0.0325567983090878 88.4386978149414
895 0 0 0.0325568988919258 88.5386962890625
896 0 0 0.0325568988919258 88.6387023925781
897 0 0 0.0325569994747639 88.7387008666992
898 0 0 0.0325571000576019 88.8386993408203
899 0 0 0.0325571000576019 88.9386978149414
900 19 24 0.03255720064044 89.0386962890625
901 0 0 0.032557301223278 89.1387023925781
902 0 0 0.0325574018061161 89.2387008666992
903 0 0 0.0325574018061161 89.3386993408203
904 0 0 0.0325574986636639 89.4386978149414
905 0 0 0.0325575992465019 89.5386962890625
906 0 0 0.0325575992465019 89.6387023925781
907 0 0 0.03255769982934 89.7387008666992
908 0 0 0.032557800412178 89.8386993408203
909 0 0 0.032557800412178 89.9386978149414
910 0 0 0.0325579009950161 90.0386962890625
911 0 0 0.0325580015778542 90.1387023925781
912 0 0 0.0325580015778542 90.2387008666992
913 0 0 0.0325580984354019 90.3386993408203
914 0 0 0.03255819901824 90.4386978149414
915 0 0 0.03255819901824 90.5386962890625
916 0 0 0.032558299601078 90.6387023925781
917 0 0 0.0325584001839161 90.7387008666992
918 0 0 0.0325584001839161 90.8386993408203
919 0 0 0.0325585007667542 90.9386978149414
920 0 0 0.0325586013495922 91.0386962890625
921 0 0 0.0325586013495922 91.1387023925781
922 0 0 0.03255869820714 91.2387008666992
923 0 0 0.032558798789978 91.3386993408203
924 0 0 0.032558798789978 91.4386978149414
925 0 0 0.0325588993728161 91.5386962890625
926 0 0 0.0325589999556541 91.6387023925781
927 0 0 0.0325589999556541 91.7387008666992
928 0 0 0.0325591005384922 91.8386993408203
929 0 0 0.0325591005384922 91.9386978149414
930 0 0 0.0325592011213303 92.0386962890625
931 0 0 0.0325593017041683 92.1387023925781
932 0 0 0.0325593017041683 92.2387008666992
933 0 0 0.0325593985617161 92.3386993408203
934 0 0 0.0325594991445541 92.4386978149414
935 0 0 0.0325594991445541 92.5386962890625
936 0 0 0.0325595997273922 92.6387023925781
937 0 0 0.0325595997273922 92.7387008666992
938 0 0 0.0325597003102303 92.8386993408203
939 0 0 0.0325598008930683 92.9386978149414
940 0 0 0.0325598008930683 93.0386962890625
941 0 0 0.0325599014759064 93.1387023925781
942 0 0 0.0325599983334541 93.2387008666992
943 0 0 0.0325599983334541 93.3386993408203
944 0 0 0.0325600989162922 93.4386978149414
945 0 0 0.0325600989162922 93.5386962890625
946 0 0 0.0325601994991302 93.6387023925781
947 0 0 0.0325603000819683 93.7387008666992
948 0 0 0.0325603000819683 93.8386993408203
949 0 0 0.0325604006648064 93.9386978149414
950 20 24 0.0325604006648064 94.0386962890625
951 0 0 0.0325605012476444 94.1387023925781
952 0 0 0.0325606018304825 94.2387008666992
953 0 0 0.0325606018304825 94.3386993408203
954 0 0 0.0325606986880302 94.4386978149414
955 0 0 0.0325606986880302 94.5386962890625
956 0 0 0.0325607992708683 94.6387023925781
957 0 0 0.0325607992708683 94.7387008666992
958 0 0 0.0325608998537064 94.8386993408203
959 0 0 0.0325610004365444 94.9386978149414
960 0 0 0.0325610004365444 95.0386962890625
961 0 0 0.0325611010193825 95.1387023925781
962 0 0 0.0325611010193825 95.2387008666992
963 0 0 0.0325612016022205 95.3386993408203
964 0 0 0.0325612016022205 95.4386978149414
965 0 0 0.0325612984597683 95.5386962890625
966 0 0 0.0325613990426064 95.6387023925781
967 0 0 0.0325613990426064 95.7387008666992
968 0 0 0.0325614996254444 95.8386993408203
969 0 0 0.0325614996254444 95.9386978149414
970 0 0 0.0325616002082825 96.0386962890625
971 0 0 0.0325616002082825 96.1387023925781
972 0 0 0.0325617007911205 96.2387008666992
973 0 0 0.0325618013739586 96.3386993408203
974 0 0 0.0325618013739586 96.4386978149414
975 0 0 0.0325618982315063 96.5386962890625
976 0 0 0.0325618982315063 96.6387023925781
977 0 0 0.0325619988143444 96.7387008666992
978 0 0 0.0325619988143444 96.8386993408203
979 0 0 0.0325620993971825 96.9386978149414
980 0 0 0.0325620993971825 97.0386962890625
981 0 0 0.0325621999800205 97.1387023925781
982 0 0 0.0325621999800205 97.2387008666992
983 0 0 0.0325623005628586 97.3386993408203
984 0 0 0.0325623005628586 97.4386978149414
985 0 0 0.0325624011456966 97.5386962890625
986 0 0 0.0325625017285347 97.6387023925781
987 0 0 0.0325625017285347 97.7387008666992
988 0 0 0.0325625985860825 97.8386993408203
989 0 0 0.0325625985860825 97.9386978149414
990 0 0 0.0325626991689205 98.0386962890625
991 0 0 0.0325626991689205 98.1387023925781
992 0 0 0.0325627997517586 98.2387008666992
993 0 0 0.0325627997517586 98.3386993408203
994 0 0 0.0325629003345966 98.4386978149414
995 0 0 0.0325629003345966 98.5386962890625
996 0 0 0.0325630009174347 98.6387023925781
997 0 0 0.0325630009174347 98.7387008666992
998 0 0 0.0325631015002728 98.8386993408203
999 0 0 0.0325631015002728 98.9386978149414
1000 21 29 0.0325631983578205 99.0386962890625
