381 20 29 -0.0502354986965656 -2.22580003738403
380 0 0 -0.0498147010803223 -2.1953399181366
379 0 0 -0.0493861995637417 -2.16495990753174
378 0 0 -0.0489498004317284 -2.1346800327301
377 0 0 -0.0485051982104778 -2.10448002815247
376 0 0 -0.0480522997677326 -2.07438993453979
375 0 0 -0.0475907996296883 -2.04439997673035
374 0 0 -0.047120600938797 -2.01450991630554
373 0 0 -0.0466413982212543 -1.98473000526428
372 0 0 -0.046152900904417 -1.95506000518799
371 0 0 -0.0456549003720284 -1.92551004886627
370 0 0 -0.0451472997665405 -1.89607000350952
369 0 0 -0.0446295998990536 -1.86676001548767
368 0 0 -0.0441018007695675 -1.83757996559143
367 0 0 -0.043563399463892 -1.80852997303009
366 0 0 -0.0430142991244793 -1.77962005138397
365 0 0 -0.0424542017281055 -1.7508499622345
364 0 0 -0.0418828018009663 -1.72221994400024
363 0 0 -0.0412998013198376 -1.69375002384186
362 0 0 -0.0407048985362053 -1.66542994976044
361 0 0 -0.0400978997349739 -1.63727998733521
360 0 0 -0.0394784994423389 -1.60929000377655
359 0 0 -0.0388462990522385 -1.58148002624512
358 0 0 -0.0382011011242867 -1.55384004116058
357 0 0 -0.037542499601841 -1.5263899564743
356 0 0 -0.0368703007698059 -1.49911999702454
355 0 0 -0.0361840985715389 -1.47204995155334
354 0 0 -0.0354836992919445 -1.44518995285034
353 0 0 -0.0347687005996704 -1.41852998733521
352 0 0 -0.0340388007462025 -1.39207994937897
351 0 0 -0.0332937985658646 -1.36584997177124
350 19 24 -0.032533198595047 -1.33984994888306
349 0 0 -0.0317566990852356 -1.31406998634338
348 0 0 -0.0309641994535923 -1.28852999210358
347 0 0 -0.0301552005112171 -1.26323997974396
346 0 0 -0.0293294005095959 -1.23819005489349
345 0 0 -0.0284864995628595 -1.21338999271393
344 0 0 -0.0276261996477842 -1.18885004520416
343 0 0 -0.0267481002956629 -1.16456997394562
342 0 0 -0.0258521009236574 -1.14056003093719
341 0 0 -0.0249375998973846 -1.11680996417999
340 0 0 -0.0240045003592968 -1.09334003925323
339 0 0 -0.0230522993952036 -1.07015001773834
338 0 0 -0.0220807995647192 -1.0472400188446
337 0 0 -0.0210896003991365 -1.02461004257202
336 0 0 -0.0200784001499414 -1.0022599697113
335 0 0 -0.019046800211072 -0.980198979377747
334 0 0 -0.017994400113821 -0.958423972129822
333 0 0 -0.0169208999723196 -0.936936974525452
332 0 0 -0.0158259999006987 -0.915736019611359
331 0 0 -0.0147091997787356 -0.894822001457214
330 0 0 -0.013570100069046 -0.874194025993347
329 0 0 -0.0124083999544382 -0.853848993778229
328 0 0 -0.0112236002460122 -0.833787024021149
327 0 0 -0.0100154001265764 -0.814005017280579
326 0 0 -0.00878348015248775 -0.794501006603241
325 0 0 -0.00752741983160377 -0.775273025035858
324 0 0 -0.00624699983745813 -0.756318986415863
323 0 0 -0.00494201015681028 -0.737636983394623
322 0 0 -0.00361243006773293 -0.719226002693176
321 0 0 -0.00225836993195117 -0.701085984706879
320 0 0 -0.000880254025105387 -0.683220028877258
319 0 0 0.000521141977515072 -0.665632009506226
318 0 0 0.00194450002163649 -0.648330986499786
317 0 0 0.00338778994046152 -0.631330013275146
316 0 0 0.00484796985983849 -0.614648997783661
315 0 0 0.00632068002596498 -0.598317980766296
314 0 0 0.00779986009001732 -0.582377016544342
313 0 0 0.00927724037319422 -0.566883027553558
312 0 0 0.0107420003041625 -0.551907002925873
311 0 0 0.0121804000809789 -0.53753799200058
310 0 0 0.0135762998834252 -0.52388197183609
309 0 0 0.0149112995713949 -0.511053025722504
308 0 0 0.0161668993532658 -0.499163001775742
307 0 0 0.0173259992152452 -0.488305985927582
306 0 0 0.0183754991739988 -0.478545993566513
305 0 0 0.0193071998655796 -0.469913005828857
304 0 0 0.0201181992888451 -0.462395012378693
303 0 0 0.0208104997873306 -0.455953001976013
302 0 0 0.0213897004723549 -0.450525999069214
301 0 0 0.0218636002391577 -0.446040987968445
300 18 24 0.0222411006689072 -0.442422986030579
299 0 0 0.0225315000861883 -0.439599007368088
298 0 0 0.0227435994893312 -0.4375
297 0 0 0.0228860005736351 -0.43606498837471
296 0 0 0.0229662992060184 -0.435238987207413
295 17 22 0.0229918006807566 -0.434971988201141
294 0 0 0.022978600114584 -0.435113996267319
293 0 0 0.0229225996881723 -0.435728996992111
292 0 0 0.0228272993117571 -0.436800986528397
291 0 0 0.0226972997188568 -0.438302993774414
290 0 0 0.0225364994257689 -0.440209001302719
289 0 0 0.0223485995084047 -0.442499995231628
288 0 0 0.0221367999911308 -0.445156008005142
287 0 0 0.0219037998467684 -0.448163002729416
286 0 0 0.0216521993279457 -0.451505988836288
285 0 0 0.0213843006640673 -0.455175012350082
284 0 0 0.021102100610733 -0.45915898680687
283 0 0 0.0208074003458023 -0.463450014591217
282 0 0 0.0205019004642963 -0.468039005994797
281 0 0 0.0201869998127222 -0.472921013832092
280 0 0 0.0198641996830702 -0.47808900475502
279 0 0 0.0195346996188164 -0.483538001775742
278 0 0 0.0191996991634369 -0.489262014627457
277 0 0 0.018860099837184 -0.495258003473282
276 0 0 0.0185170006006956 -0.501519024372101
275 0 0 0.0181712992489338 -0.508042991161346
274 0 0 0.0178238991647959 -0.514823973178864
273 0 0 0.017475500702858 -0.521857976913452
272 0 0 0.0171268004924059 -0.529141008853912
271 0 0 0.0167784001678228 -0.536666989326477
270 0 0 0.0164311993867159 -0.544432997703552
269 0 0 0.0160854998975992 -0.552434027194977
268 0 0 0.0157418996095657 -0.560665011405945
267 0 0 0.0154008995741606 -0.569119989871979
266 0 0 0.0150629002600908 -0.57779598236084
265 0 0 0.0147283002734184 -0.586687028408051
264 0 0 0.0143975997343659 -0.595789015293121
263 0 0 0.014070900157094 -0.605095028877258
262 0 0 0.0137486001476645 -0.614601016044617
261 0 0 0.0134308999404311 -0.624302983283997
260 0 0 0.0131181003525853 -0.634194016456604
259 0 0 0.01281030010432 -0.644271016120911
258 0 0 0.0125078000128269 -0.654528021812439
257 0 0 0.0122106000781059 -0.664960026741028
256 0 0 0.011918899603188 -0.675562977790833
255 0 0 0.0116328001022339 -0.686331987380981
254 0 0 0.0113524002954364 -0.697260975837708
253 0 0 0.011077799834311 -0.708346009254456
252 0 0 0.0108088999986649 -0.719582974910736
251 0 0 0.0105459000915289 -0.730965971946716
250 16 24 0.0102887004613876 -0.742489993572235
249 0 0 0.010037500411272 -0.754150986671448
248 0 0 0.00979223009198904 -0.765942990779877
247 0 0 0.00955286994576454 -0.777860999107361
246 0 0 0.00931944977492094 -0.789900004863739
245 0 0 0.00909199006855488 -0.802052974700928
244 0 0 0.00887047033756971 -0.814315974712372
243 0 0 0.00865488965064287 -0.826681017875671
242 0 0 0.0084452498704195 -0.839142024517059
241 0 0 0.00824155006557703 -0.851692020893097
240 0 0 0.00804376974701881 -0.864323973655701
239 0 0 0.00785190984606743 -0.877029001712799
238 0 0 0.00766596989706159 -0.889798998832703
237 0 0 0.00748594012111425 -0.902624011039734
236 0 0 0.00731182983145118 -0.915495991706848
235 0 0 0.00714363995939493 -0.928400993347168
234 0 0 0.00698135979473591 -0.941329002380371
233 0 0 0.00682500982657075 -0.954267024993896
232 0 0 0.00667459005489945 -0.967199981212616
231 0 0 0.00653012981638312 -0.98011302947998
230 0 0 0.00639163982123137 -0.992986977100372
229 0 0 0.00625914009287953 -1.0058000087738
228 0 0 0.00613267021253705 -1.01854002475739
227 0 0 0.0060122599825263 -1.03118002414703
226 0 0 0.00589796015992761 -1.04367995262146
225 0 0 0.00578980008140206 -1.05603003501892
224 0 0 0.00568785006180406 -1.06817996501923
223 0 0 0.00559217995032668 -1.08010005950928
222 0 0 0.005502849817276 -1.09174001216888
221 0 0 0.00541995977982879 -1.10306000709534
220 0 0 0.00534358993172646 -1.11398994922638
219 0 0 0.00527385994791985 -1.12446999549866
218 0 0 0.00521088019013405 -1.13443005084991
217 0 0 0.00515476986765862 -1.14376997947693
216 0 0 0.00510569009929895 -1.15239000320435
215 0 0 0.005063789896667 -1.16017997264862
214 0 0 0.00502920988947153 -1.16698002815247
213 0 0 0.0050021200440824 -1.17263996601105
212 0 0 0.00498266983777285 -1.1769700050354
211 0 0 0.00497095007449389 -1.17974996566772
210 15 22 0.00496701989322901 -1.18075001239777
209 0 0 0.0049677100032568 -1.18055999279022
208 0 0 0.00497478991746902 -1.17853999137878
207 0 0 0.00498927012085915 -1.17408001422882
206 0 0 0.00501062022522092 -1.1669499874115
205 0 0 0.00503805000334978 -1.15697002410889
204 0 0 0.00507050985470414 -1.14406001567841
203 0 0 0.00510672992095351 -1.12828004360199
202 0 0 0.00514537002891302 -1.10976004600525
201 0 0 0.00518511980772018 -1.08878004550934
200 14 24 0.00522487005218863 -1.06563997268677
199 0 0 0.00526370014995337 -1.04063999652863
198 0 0 0.00530094979330897 -1.01409995555878
197 0 0 0.00533617008477449 -0.986281991004944
196 0 0 0.00536906998604536 -0.957409977912903
195 0 0 0.00539947999641299 -0.927675008773804
194 0 0 0.00542734982445836 -0.89723002910614
193 0 0 0.00545263988897204 -0.866199970245361
192 0 0 0.00547540001571178 -0.834685981273651
191 0 0 0.00549568003043532 -0.802769005298615
190 0 0 0.00551353022456169 -0.770516991615295
189 0 0 0.00552903022617102 -0.737982988357544
188 0 0 0.0055422498844564 -0.705211997032166
187 0 0 0.00555327022448182 -0.672241985797882
186 0 0 0.00556214991956949 -0.639101982116699
185 0 0 0.0055689699947834 -0.605820000171661
184 0 0 0.00557377003133297 -0.572417020797729
183 0 0 0.00557661987841129 -0.538911998271942
182 13 22 0.00557754980400205 -0.505321979522705
181 0 0 0.00557718006893992 -0.483938992023468
180 0 0 0.00557509018108249 -0.45023900270462
179 0 0 0.00557118980214 -0.416489005088806
178 0 0 0.00556551991030574 -0.382696986198425
177 0 0 0.00555810006335378 -0.348874986171722
176 0 0 0.00554894004017115 -0.315030008554459
175 0 0 0.0055380598641932 -0.28117099404335
174 0 0 0.00552546977996826 -0.247305005788803
173 0 0 0.00551118003204465 -0.213439002633095
172 0 0 0.00549517991021276 -0.179580003023148
171 0 0 0.00547746988013387 -0.145735993981361
170 0 0 0.00545804016292095 -0.111911997199059
169 0 0 0.00543688982725143 -0.0781154036521912
168 0 0 0.00541398022323847 -0.044353298842907
167 0 0 0.00538930995389819 -0.0106325000524521
166 0 0 0.00536283990368247 0.0230397004634142
165 0 0 0.00533455004915595 0.0566552989184856
164 0 0 0.00530439987778664 0.0902061983942986
163 0 0 0.00527236983180046 0.123682998120785
162 0 0 0.00523839984089136 0.157076001167297
161 0 0 0.00520244985818863 0.190375000238419
160 0 0 0.00516447983682156 0.223566994071007
159 0 0 0.00512443017214537 0.256637990474701
158 0 0 0.00508225988596678 0.289573013782501
157 0 0 0.00503790006041527 0.322355985641479
156 0 0 0.00499131018295884 0.35496398806572
155 0 0 0.00494241015985608 0.387376010417938
154 0 0 0.0048911701887846 0.419564992189407
153 0 0 0.00483751995489001 0.451499998569489
152 0 0 0.00478143012151122 0.483143001794815
151 0 0 0.00472286017611623 0.51445198059082
150 12 24 0.00466179009526968 0.545378029346466
149 0 0 0.0045982301235199 0.575860023498535
148 0 0 0.00453221006318927 0.605830013751984
147 0 0 0.00446381000801921 0.635203003883362
146 0 0 0.0043931701220572 0.663884997367859
145 0 0 0.00432049017399549 0.69176197052002
144 0 0 0.00424609985202551 0.718702971935272
143 0 0 0.00417040986940265 0.744562983512878
142 0 0 0.00409399019554257 0.769176006317139
141 0 0 0.00401753978803754 0.792367994785309
140 0 0 0.00394196016713977 0.813957989215851
139 0 0 0.0038682499434799 0.833770990371704
138 0 0 0.00379754998721182 0.851652979850769
137 0 0 0.00373104005120695 0.867483973503113
136 0 0 0.00366987008601427 0.881188988685608
135 0 0 0.00361508992500603 0.892749011516571
134 0 0 0.00356760993599892 0.902195990085602
133 0 0 0.00352811999619007 0.909609973430634
132 0 0 0.00349714001640677 0.915108978748322
131 0 0 0.00347497989423573 0.918833017349243
130 0 0 0.00346179003827274 0.920934975147247
129 0 0 0.00345760001800954 0.921572983264923
128 0 0 0.00345768989063799 0.921558976173401
127 0 0 0.00345947011373937 0.921302974224091
126 0 0 0.00346345989964902 0.920741975307465
125 0 0 0.00346965994685888 0.919892013072968
124 0 0 0.00347803998738527 0.918770015239716
123 0 0 0.00348857999779284 0.917393028736115
122 0 0 0.00350124994292855 0.915776014328003
121 0 0 0.00351604004390538 0.913932979106903
120 0 0 0.00353291002102196 0.911877989768982
119 0 0 0.00355185009539127 0.909623026847839
118 0 0 0.00357281998731196 0.907181978225708
117 0 0 0.00359580991789699 0.9045649766922
116 0 0 0.00362080009654164 0.901784002780914
115 0 0 0.00364773999899626 0.898849010467529
114 0 0 0.00367663009092212 0.895769000053406
113 0 0 0.00370745011605322 0.892553985118866
112 0 0 0.00374016002751887 0.889213025569916
111 0 0 0.00377475004643202 0.885752975940704
110 0 0 0.003811189904809 0.882182002067566
109 0 0 0.0038494800683111 0.878507018089294
108 0 0 0.00388959003612399 0.87473601102829
107 0 0 0.00393148977309465 0.870873987674713
106 0 0 0.00397517997771502 0.866927027702332
105 0 0 0.00402064016088843 0.862901985645294
104 0 0 0.00406784005463123 0.858802974224091
103 0 0 0.00411678990349174 0.854636013507843
102 0 0 0.00416745012626052 0.850405991077423
101 0 0 0.00421981979161501 0.84611701965332
100 11 24 0.00427387980744243 0.841772973537445
99 0 0 0.00432961992919445 0.837378025054932
98 0 0 0.00438702991232276 0.832937002182007
97 0 0 0.00444609997794032 0.828453004360199
96 0 0 0.00450681010261178 0.823929011821747
95 0 0 0.00456915004178882 0.819369971752167
94 0 0 0.00463311979547143 0.814777016639709
93 0 0 0.00469869980588555 0.810153007507324
92 0 0 0.00476587982848287 0.805503010749817
91 0 0 0.00483465986326337 0.800827980041504
90 0 0 0.00490503013134003 0.796131014823914
89 0 0 0.0049769701436162 0.791414976119995
88 0 0 0.00505049014464021 0.786680996417999
87 0 0 0.0051255701109767 0.781933009624481
86 0 0 0.00520219979807734 0.777171015739441
85 0 0 0.00528038013726473 0.772399008274078
84 0 0 0.00536009995266795 0.767618000507355
83 0 0 0.00544134993106127 0.762830018997192
82 0 0 0.00552413985133171 0.758036971092224
81 0 0 0.00560843991115689 0.753241002559662
80 0 0 0.00569425988942385 0.748443007469177
79 0 0 0.00578159000724554 0.743643999099731
78 0 0 0.00587042002007365 0.738847017288208
77 0 0 0.00596074014902115 0.734053015708923
76 0 0 0.00605256017297506 0.729263007640839
75 0 0 0.00614586984738708 0.724479019641876
74 0 0 0.00624065008014441 0.719702005386353
73 0 0 0.00630465988069773 0.716521024703979
72 0 0 0.00636932021006942 0.713344991207123
71 0 0 0.0064346301369369 0.710173010826111
70 0 0 0.00650059012696147 0.707005977630615
69 0 0 0.00656720018014312 0.703844010829926
68 0 0 0.00663445005193353 0.700686991214752
67 0 0 0.00670234020799398 0.697535991668701
66 0 0 0.00677087996155024 0.694391012191772
65 0 0 0.00684005999937654 0.691253006458282
64 0 0 0.00690987007692456 0.688121020793915
63 0 0 0.00698031997308135 0.684996008872986
62 0 0 0.00705139990895987 0.681878983974457
61 0 0 0.00712310988456011 0.678768992424011
60 0 0 0.00719544989988208 0.675668001174927
59 0 0 0.00726841995492578 0.672573983669281
58 0 0 0.00734200980514288 0.669489026069641
57 0 0 0.00741621991619468 0.666413009166718
56 0 0 0.00749104004353285 0.663344979286194
55 0 0 0.00756647996604443 0.660287022590637
54 0 0 0.00764252990484238 0.657239019870758
53 0 0 0.0077191898599267 0.654200971126556
52 0 0 0.0077964598312974 0.651171982288361
51 0 0 0.00787432957440615 0.648154020309448
50 10 24 0.0079527897760272 0.645147025585175
49 0 0 0.00803185999393463 0.64215099811554
48 0 0 0.00811151042580605 0.639165997505188
47 0 0 0.00819175038486719 0.63619202375412
46 0 0 0.00827256962656975 0.633229970932007
45 0 0 0.00835397001355886 0.630280017852783
44 0 0 0.00843594036996365 0.627341985702515
43 0 0 0.00851849000900984 0.624417006969452
42 0 0 0.00860160030424595 0.621504008769989
41 0 0 0.00868526007980108 0.618604004383087
40 0 0 0.00876948982477188 0.615716993808746
39 0 0 0.00885425973683596 0.612843990325928
38 0 0 0.00893956981599331 0.60998398065567
37 0 0 0.00902542006224394 0.607137978076935
36 0 0 0.00911180023103952 0.604305982589722
35 0 0 0.00919870007783175 0.601489007472992
34 0 0 0.0092861196026206 0.59868597984314
33 0 0 0.00937405042350292 0.595897972583771
32 0 0 0.00946248043328524 0.593124985694885
31 0 0 0.00955140963196754 0.590367019176483
30 0 0 0.00964082032442093 0.587625026702881
29 0 0 0.00973070971667767 0.584899008274078
28 0 0 0.00982107035815716 0.582188010215759
27 0 0 0.00991189014166594 0.579493999481201
26 0 0 0.010003199800849 0.576816022396088
25 0 0 0.0100948996841908 0.57415497303009
24 0 0 0.0101870000362396 0.571510970592499
23 0 0 0.0102795995771885 0.568884015083313
22 0 0 0.0103725995868444 0.566275000572205
21 0 0 0.010465900413692 0.563682973384857
20 0 0 0.0105597004294395 0.561109006404877
19 0 0 0.0106538003310561 0.558552980422974
18 0 0 0.0107482997700572 0.556015014648438
17 0 0 0.0108431996777654 0.55349600315094
16 0 0 0.0109382998198271 0.550996005535126
15 0 0 0.0110338004305959 0.548515021800995
14 0 0 0.0111295999959111 0.546052992343903
13 0 0 0.011225700378418 0.543609976768494
12 0 0 0.0113220997154713 0.54118800163269
11 0 0 0.0114187998697162 0.538784980773926
10 0 0 0.0115155996754766 0.536401987075806
9 0 0 0.0116127002984285 0.534039974212646
8 0 0 0.011710099875927 0.531699001789093
7 0 0 0.0118076000362635 0.529377996921539
6 0 0 0.0118727004155517 0.527842998504639
5 0 0 0.0119161000475287 0.52682501077652
4 0 0 0.0119450995698571 0.526148021221161
3 0 0 0.0119644002988935 0.525698006153107
2 0 0 0.0119773000478745 0.525399029254913
1 0 0 0.0119944997131824 0.524999976158142
1 0 0 0.0119944997131824 0.524999976158142
2 0 0 0.012011700309813 0.524601995944977
3 0 0 0.012024600058794 0.5243039727211
4 0 0 0.0120438998565078 0.523856997489929
5 0 0 0.0120729003101587 0.523189008235931
6 0 0 0.0121165001764894 0.522190988063812
7 0 0 0.0121819004416466 0.520700991153717
8 0 0 0.0122801000252366 0.518483996391296
9 0 0 0.0123782996088266 0.516290009021759
10 0 0 0.0124765997752547 0.514118015766144
11 0 0 0.0125748999416828 0.511969983577728
12 0 0 0.0126732001081109 0.50984400510788
13 0 0 0.012771500274539 0.50774097442627
14 0 0 0.0128698004409671 0.505661010742188
15 0 0 0.0129680000245571 0.503606021404266
16 0 0 0.0130660999566317 0.501573979854584
17 0 0 0.0131641002371907 0.499565988779068
18 0 0 0.0132619002833962 0.497581988573074
19 0 0 0.0133595997467637 0.495624005794525
20 0 0 0.0134570999071002 0.493689000606537
21 0 0 0.0135543001815677 0.491780012845993
22 0 0 0.0136513002216816 0.489897012710571
23 0 0 0.0137478997930884 0.488038003444672
24 0 0 0.0138443000614643 0.486205995082855
25 0 0 0.0139402998611331 0.484398990869522
26 0 0 0.0140359001234174 0.482618004083633
27 0 0 0.0141310002654791 0.480863988399506
28 0 0 0.0142256999388337 0.479137003421783
29 0 0 0.0143199004232883 0.477436989545822
30 0 0 0.0144135998561978 0.475762993097305
31 0 0 0.0145067004486918 0.474117010831833
32 0 0 0.0145992003381252 0.472499012947083
33 0 0 0.0146909998729825 0.470907986164093
34 0 0 0.0147820999845862 0.469345986843109
35 0 0 0.0148724997416139 0.46781200170517
36 0 0 0.0149621004238725 0.466307014226913
37 0 0 0.0150509001687169 0.464830994606018
38 0 0 0.0151388002559543 0.463384002447128
39 0 0 0.015225799754262 0.461966007947922
40 0 0 0.0153117999434471 0.460577994585037
41 0 0 0.0153967998921871 0.459219992160797
42 0 0 0.015480799600482 0.457893013954163
43 0 0 0.0155635997653008 0.456595987081528
44 0 0 0.0156452003866434 0.455330014228821
45 0 0 0.0157255996018648 0.454095989465714
46 0 0 0.0158047005534172 0.452892988920212
47 0 0 0.0158824007958174 0.451723009347916
48 0 0 0.0159587003290653 0.45058399438858
49 0 0 0.016033599153161 0.449479013681412
50 2 24 0.0161068998277187 0.448406010866165
51 0 0 0.0161784999072552 0.447367995977402
52 0 0 0.0162484999746084 0.446363002061844
53 0 0 0.0163167007267475 0.44539201259613
54 0 0 0.0163831003010273 0.444456994533539
55 0 0 0.0164475999772549 0.443556994199753
56 0 0 0.0165100991725922 0.442692995071411
57 0 0 0.0165704991668463 0.441864997148514
58 0 0 0.0166286993771791 0.441074013710022
59 0 0 0.0166846998035908 0.440320998430252
60 0 0 0.016738299280405 0.439604997634888
61 0 0 0.016789399087429 0.438928991556168
62 0 0 0.0168379992246628 0.438291996717453
63 0 0 0.0168839003890753 0.437694996595383
64 0 0 0.0169271007180214 0.437139004468918
65 0 0 0.0169674009084702 0.436623990535736
66 0 0 0.0170047003775835 0.436152011156082
67 0 0 0.0170387998223305 0.435723006725311
68 0 0 0.0170697998255491 0.435337990522385
69 0 0 0.0170972999185324 0.434998005628586
70 0 0 0.0171213001012802 0.434704005718231
71 0 0 0.0171415992081165 0.434455990791321
72 0 0 0.0171581003814936 0.434257000684738
73 0 0 0.017170699313283 0.434107005596161
74 0 0 0.017179099842906 0.434006989002228
75 0 0 0.0171831995248795 0.433959007263184
76 3 22 0.0171835999935865 0.433954000473022
77 0 0 0.0171812009066343 0.433981001377106
78 0 0 0.0171741992235184 0.434062987565994
79 0 0 0.017162200063467 0.434201002120972
80 0 0 0.017145000398159 0.434397011995316
81 0 0 0.0171224996447563 0.434650987386703
82 0 0 0.0170945003628731 0.434967011213303
83 0 0 0.0170607008039951 0.435344994068146
84 0 0 0.0170208998024464 0.435786992311478
85 0 0 0.0169747993350029 0.436295986175537
86 0 0 0.0169223006814718 0.436872005462646
87 0 0 0.0168629996478558 0.437519013881683
88 0 0 0.016796700656414 0.438239008188248
89 0 0 0.0167231000959873 0.439031988382339
90 0 0 0.0166418999433517 0.439902991056442
91 0 0 0.0165529008954763 0.440852999687195
92 0 0 0.0164557993412018 0.441884011030197
93 0 0 0.0163502991199493 0.442999988794327
94 0 0 0.0162359997630119 0.44420200586319
95 0 0 0.0161127001047134 0.445493996143341
96 0 0 0.0159799996763468 0.446877986192703
97 0 0 0.015837799757719 0.448356986045837
98 0 0 0.0156855992972851 0.449934005737305
99 0 0 0.015523100271821 0.451611012220383
100 4 24 0.0153502002358437 0.45339098572731
101 0 0 0.0151664996519685 0.455276995897293
102 0 0 0.014971699565649 0.457271993160248
103 0 0 0.0147657003253698 0.459378004074097
104 0 0 0.0145480995997787 0.461598008871078
105 0 0 0.0143189001828432 0.463934004306793
106 0 0 0.0140778003260493 0.466389000415802
107 0 0 0.013824800029397 0.468964010477066
108 0 0 0.0135596999898553 0.471659988164902
109 0 0 0.0132825998589396 0.474480003118515
110 0 0 0.0129933999851346 0.477423012256622
111 0 0 0.0126922000199556 0.480491995811462
112 0 0 0.0123792001977563 0.483684986829758
113 0 0 0.0120545001700521 0.487002998590469
114 0 0 0.0117183998227119 0.490444988012314
115 0 0 0.0113711003214121 0.494010001420975
116 0 0 0.0110130999237299 0.497696995735168
117 0 0 0.0106447003781796 0.501501977443695
118 0 0 0.010266499593854 0.505424022674561
119 0 0 0.00987877976149321 0.509460985660553
120 0 0 0.00948224030435085 0.513607978820801
121 0 0 0.00907738972455263 0.517862975597382
122 0 0 0.00866483990103006 0.522221028804779
123 0 0 0.00824515987187624 0.52667897939682
124 0 0 0.00781898014247417 0.5312340259552
125 0 0 0.00738690979778767 0.535880029201508
126 0 0 0.00694952998310328 0.540615022182465
127 0 0 0.00650744000449777 0.545432984828949
128 0 0 0.0060612098313868 0.550332009792328
129 0 0 0.00561138987541199 0.555306971073151
130 0 0 0.00515851005911827 0.560353994369507
131 0 0 0.00470305979251862 0.565470993518829
132 0 0 0.00424550985917449 0.570653021335602
133 0 0 0.00378630007617176 0.575897991657257
134 0 0 0.00332585000433028 0.581202983856201
135 0 0 0.00286453007720411 0.586564004421234
136 0 0 0.00240270001813769 0.59197998046875
137 0 0 0.00194066995754838 0.597447991371155
138 0 0 0.00147876003757119 0.602964997291565
139 0 0 0.00101720995735377 0.60853099822998
140 0 0 0.000556293001864105 0.614143013954163
141 0 0 9.62189005804248E-05 0.619799017906189
142 0 0 -0.000362805993063375 0.625496983528137
143 0 0 -0.000820600020233542 0.631237983703613
144 0 0 -0.001276999944821 0.637018978595734
145 0 0 -0.00173184997402132 0.642838001251221
146 0 0 -0.0021850299090147 0.648697018623352
147 0 0 -0.00263642007485032 0.654591977596283
148 0 0 -0.00308591010980308 0.660524010658264
149 0 0 -0.00353340990841389 0.666491985321045
150 5 24 -0.00397882983088493 0.672496020793915
151 0 0 -0.0044221100397408 0.678533017635345
152 0 0 -0.00486318022012711 0.68460601568222
153 0 0 -0.0053019798360765 0.690711975097656
154 0 0 -0.00573846977204084 0.696851015090942
155 0 0 -0.0061726002022624 0.70302402973175
156 0 0 -0.00660433992743492 0.709228992462158
157 0 0 -0.00703364983201027 0.715467989444733
158 0 0 -0.00746050989255309 0.72173798084259
159 0 0 -0.00788490008562803 0.728040993213654
160 0 0 -0.00830680970102549 0.734376013278961
161 0 0 -0.0087262000888586 0.740742981433868
162 0 0 -0.00914307963103056 0.747142016887665
163 0 0 -0.00955743994563818 0.753573000431061
164 0 0 -0.00996926985681057 0.76003497838974
165 0 0 -0.0103786000981927 0.766529977321625
166 0 0 -0.0107853002846241 0.773055970668793
167 0 0 -0.0111894998699427 0.779613018035889
168 0 0 -0.011591199785471 0.786203026771545
169 0 0 -0.011990400031209 0.792823970317841
170 0 0 -0.0123870000243187 0.799476027488708
171 0 0 -0.0127811003476381 0.806160986423492
172 0 0 -0.0131727000698447 0.812876999378204
173 0 0 -0.013561800122261 0.819625020027161
174 0 0 -0.013948299922049 0.826404988765717
175 0 0 -0.0143323997035623 0.8332160115242
176 0 0 -0.0147139998152852 0.840058982372284
177 0 0 -0.0150931002572179 0.846934020519257
178 0 0 -0.0154697997495532 0.853841006755829
179 0 0 -0.0158440005034208 0.860778987407684
180 0 0 -0.0162157993763685 0.867749989032745
181 0 0 -0.0165851004421711 0.87475198507309
182 0 0 -0.0169520005583763 0.881785988807678
183 0 0 -0.0173164997249842 0.888852000236511
184 0 0 -0.0176787003874779 0.895950019359589
185 0 0 -0.0180383995175362 0.903079986572266
186 0 0 -0.0183956995606422 0.910241007804871
187 0 0 -0.018750699236989 0.917434990406036
188 0 0 -0.0191034004092216 0.92466002702713
189 0 0 -0.0194537006318569 0.931917011737823
190 0 0 -0.0198017004877329 0.939206004142761
191 0 0 -0.0201473999768496 0.946527004241943
192 0 0 -0.020490700379014 0.953878998756409
193 0 0 -0.0208317991346121 0.96126401424408
194 0 0 -0.021170599386096 0.968679010868073
195 0 0 -0.0215071998536587 0.976127028465271
196 0 0 -0.0218414999544621 0.983605980873108
197 0 0 -0.0221736002713442 0.991115987300873
198 0 0 -0.022503400221467 0.998658001422882
199 0 0 -0.0228310991078615 1.00622999668121
200 6 24 -0.0231564994901419 1.01383996009827
201 0 0 -0.023479800671339 1.02146995067596
202 0 0 -0.0238009002059698 1.02913999557495
203 0 0 -0.0241197999566793 1.03683996200562
204 0 0 -0.0244364999234676 1.04455995559692
205 0 0 -0.0247511994093657 1.05232000350952
206 0 0 -0.0250636991113424 1.0601099729538
207 0 0 -0.025374099612236 1.06792998313904
208 0 0 -0.0256823003292084 1.07578003406525
209 0 0 -0.0259885005652905 1.08367002010345
210 0 0 -0.0262927003204823 1.09158003330231
211 0 0 -0.0265947002917528 1.09951996803284
212 0 0 -0.0268946997821331 1.10748994350433
213 0 0 -0.0271927006542683 1.1154899597168
214 0 0 -0.0274886004626751 1.12352001667023
215 0 0 -0.0277826003730297 1.13157999515533
216 0 0 -0.028074499219656 1.13967001438141
217 0 0 -0.0283643994480371 1.14778995513916
218 0 0 -0.028652299195528 1.15594005584717
219 0 0 -0.0289383009076118 1.16411995887756
220 0 0 -0.0292223002761602 1.17232000827789
221 0 0 -0.0295043997466564 1.1805499792099
222 0 0 -0.0297845005989075 1.1888200044632
223 0 0 -0.0300626996904612 1.19711005687714
224 0 0 -0.0303390994668007 1.20543003082275
225 0 0 -0.0306135006248951 1.21377003192902
226 0 0 -0.0308860000222921 1.22213995456696
227 0 0 -0.031156599521637 1.23055005073547
228 0 0 -0.0314254015684128 1.23897004127502
229 0 0 -0.0316924005746841 1.24742996692657
230 0 0 -0.0319574996829033 1.25591003894806
231 0 0 -0.0322207994759083 1.26442003250122
232 0 0 -0.0324821993708611 1.27295005321503
233 0 0 -0.0327419005334377 1.28150999546051
234 0 0 -0.0329997986555099 1.29009997844696
235 0 0 -0.0332559011876583 1.29870998859406
236 0 0 -0.0335102006793022 1.30735003948212
237 0 0 -0.03376280143857 1.31602001190186
238 0 0 -0.0340135991573334 1.32469999790192
239 0 0 -0.0342626981437206 1.33342003822327
240 0 0 -0.0345100983977318 1.34215998649597
241 0 0 -0.0347557999193668 1.35091996192932
242 0 0 -0.0349996984004974 1.35970997810364
243 0 0 -0.03524199873209 1.3685200214386
244 0 0 -0.0354827009141445 1.37734997272491
245 0 0 -0.0357216000556946 1.3862099647522
246 0 0 -0.0359590016305447 1.39508998394012
247 0 0 -0.0361946001648903 1.40400004386902
248 0 0 -0.0364287011325359 1.41293001174927
249 0 0 -0.0366610996425152 1.42188000679016
250 7 24 -0.0368920005857944 1.4308500289917
251 0 0 -0.0371211990714073 1.43984997272491
252 0 0 -0.0373488999903202 1.44886994361877
253 0 0 -0.0375749990344048 1.45790994167328
254 0 0 -0.0377996005117893 1.46696996688843
255 0 0 -0.0380226001143456 1.47605001926422
256 0 0 -0.0382440984249115 1.48515999317169
257 0 0 -0.0384640991687775 1.49427998065948
258 0 0 -0.0386825017631054 1.50343000888824
259 0 0 -0.0388994999229908 1.51259994506836
260 0 0 -0.0391150005161762 1.52178001403809
261 0 0 -0.0393289998173714 1.53099000453949
262 0 0 -0.0395415015518665 1.54022002220154
263 0 0 -0.0397525988519192 1.54946994781494
264 0 0 -0.0399621985852718 1.55873000621796
265 0 0 -0.0401704013347626 1.56801998615265
266 0 0 -0.0403771996498108 1.57732999324799
267 0 0 -0.0405826009809971 1.58665001392365
268 0 0 -0.0407866016030312 1.59598994255066
269 0 0 -0.040989201515913 1.60536003112793
270 0 0 -0.0412905998528004 1.61942994594574
271 0 0 -0.0415888987481594 1.63355004787445
272 0 0 -0.0418841987848282 1.64770996570587
273 0 0 -0.0421764999628067 1.66191005706787
274 0 0 -0.0424657985568047 1.67613995075226
275 0 0 -0.0427522994577885 1.69042003154755
276 0 0 -0.043035801500082 1.70473003387451
277 0 0 -0.0433165989816189 1.71907997131348
278 0 0 -0.0435944981873035 1.73345994949341
279 0 0 -0.0438697002828121 1.74787998199463
280 0 0 -0.0441421009600163 1.76233994960785
281 0 0 -0.0444119013845921 1.77682995796204
282 0 0 -0.0446789003908634 1.79135000705719
283 0 0 -0.0449433997273445 1.80590999126434
284 0 0 -0.0452051982283592 1.82050001621246
285 0 0 -0.045464500784874 1.83511996269226
286 0 0 -0.0457211993634701 1.84976994991302
287 0 0 -0.045975498855114 1.86445999145508
288 0 0 -0.0462272986769676 1.87916994094849
289 0 0 -0.046476598829031 1.89391994476318
290 0 0 -0.0467234998941422 1.90868997573853
291 0 0 -0.0469680987298489 1.92349994182587
292 0 0 -0.0472102984786034 1.93833005428314
293 0 0 -0.0474501997232437 1.95318996906281
294 0 0 -0.0476877987384796 1.96808004379272
295 0 0 -0.0479230992496014 1.982990026474
296 0 0 -0.048156201839447 1.99793994426727
297 0 0 -0.048387099057436 2.01290988922119
298 0 0 -0.0486158989369869 2.02789998054504
299 0 0 -0.0488425008952618 2.04292011260986
300 8 24 -0.0490670017898083 2.05796003341675
301 0 0 -0.0492893010377884 2.0730299949646
302 0 0 -0.0495097003877163 2.08812999725342
303 0 0 -0.0497279986739159 2.10324001312256
304 0 0 -0.0499443002045155 2.11838006973267
305 9 29 -0.0501586012542248 2.13353991508484
