1000 42 29 0.0100908000022173 29.5842990875244
999 0 0 0.0100908000022173 29.5550994873047
998 0 0 0.0100908000022173 29.525899887085
997 0 0 0.0100908000022173 29.4967002868652
996 0 0 0.0100908000022173 29.4675006866455
995 0 0 0.0100908000022173 29.4382991790771
994 0 0 0.0100908000022173 29.4090995788574
993 0 0 0.0100908000022173 29.3798007965088
992 0 0 0.0100908000022173 29.3505992889404
991 0 0 0.0100908000022173 29.3213996887207
990 0 0 0.0100908000022173 29.292200088501
989 0 0 0.0100908000022173 29.2630004882813
988 0 0 0.0100908000022173 29.2338008880615
987 0 0 0.0100908996537328 29.2045993804932
986 0 0 0.0100908996537328 29.1753997802734
985 0 0 0.0100908996537328 29.1462001800537
984 0 0 0.0100908996537328 29.117000579834
983 0 0 0.0100908996537328 29.0877990722656
982 0 0 0.0100908996537328 29.058500289917
981 0 0 0.0100908996537328 29.0293006896973
980 0 0 0.0100908996537328 29.0000991821289
979 0 0 0.0100908996537328 28.9708995819092
978 0 0 0.0100908996537328 28.9416999816895
977 0 0 0.0100908996537328 28.9125003814697
976 0 0 0.0100908996537328 28.88330078125
975 0 0 0.0100908996537328 28.8540992736816
974 0 0 0.0100908996537328 28.8248996734619
973 0 0 0.0100908996537328 28.7957000732422
972 0 0 0.0100908996537328 28.7665004730225
971 0 0 0.0100908996537328 28.7371997833252
970 0 0 0.0100908996537328 28.7080001831055
969 0 0 0.0100908996537328 28.6788005828857
968 0 0 0.0100908996537328 28.6495990753174
967 0 0 0.0100910002365708 28.6203994750977
966 0 0 0.0100910002365708 28.5911998748779
965 0 0 0.0100910002365708 28.5620002746582
964 0 0 0.0100910002365708 28.5328006744385
963 0 0 0.0100910002365708 28.5035991668701
962 0 0 0.0100910002365708 28.4743995666504
961 0 0 0.0100910002365708 28.4451007843018
960 0 0 0.0100910002365708 28.4158992767334
959 0 0 0.0100910002365708 28.3866996765137
958 0 0 0.0100910002365708 28.3575000762939
957 0 0 0.0100910002365708 28.3283004760742
956 0 0 0.0100910002365708 28.2991008758545
955 0 0 0.0100910002365708 28.2698993682861
954 0 0 0.0100910002365708 28.2406997680664
953 0 0 0.0100910002365708 28.2115001678467
952 0 0 0.0100910002365708 28.182300567627
951 0 0 0.0100910002365708 28.1530990600586
950 41 24 0.0100910002365708 28.12380027771
949 0 0 0.0100910002365708 28.0946006774902
948 0 0 0.0100910998880863 28.0653991699219
947 0 0 0.0100910998880863 28.0361995697021
946 0 0 0.0100910998880863 28.0069999694824
945 0 0 0.0100910998880863 27.9778003692627
944 0 0 0.0100910998880863 27.948600769043
943 0 0 0.0100910998880863 27.9193992614746
942 0 0 0.0100910998880863 27.8901996612549
941 0 0 0.0100910998880863 27.8610000610352
940 0 0 0.0100910998880863 27.8318004608154
939 0 0 0.0100910998880863 27.8024997711182
938 0 0 0.0100910998880863 27.7733001708984
937 0 0 0.0100910998880863 27.7441005706787
936 0 0 0.0100910998880863 27.7148990631104
935 0 0 0.0100910998880863 27.6856994628906
934 0 0 0.0100910998880863 27.6564998626709
933 0 0 0.0100910998880863 27.6273002624512
932 0 0 0.0100910998880863 27.5981006622314
931 0 0 0.0100911995396018 27.5688991546631
930 0 0 0.0100911995396018 27.5396995544434
929 0 0 0.0100911995396018 27.5104999542236
928 0 0 0.0100911995396018 27.4811992645264
927 0 0 0.0100911995396018 27.4519996643066
926 0 0 0.0100911995396018 27.4228000640869
925 0 0 0.0100911995396018 27.3936004638672
924 0 0 0.0100911995396018 27.3644008636475
923 0 0 0.0100911995396018 27.3351993560791
922 0 0 0.0100911995396018 27.3059997558594
921 0 0 0.0100911995396018 27.2768001556396
920 0 0 0.0100911995396018 27.2476005554199
919 0 0 0.0100911995396018 27.2183990478516
918 0 0 0.0100911995396018 27.1891994476318
917 0 0 0.0100911995396018 27.1599006652832
916 0 0 0.0100911995396018 27.1306991577148
915 0 0 0.0100911995396018 27.1014995574951
914 0 0 0.0100913001224399 27.0722999572754
913 0 0 0.0100913001224399 27.0431003570557
912 0 0 0.0100913001224399 27.0139007568359
911 0 0 0.0100913001224399 26.9846992492676
910 0 0 0.0100913001224399 26.9554996490479
909 0 0 0.0100913001224399 26.9263000488281
908 0 0 0.0100913001224399 26.8971004486084
907 0 0 0.0100913001224399 26.8677997589111
906 0 0 0.0100913001224399 26.8386001586914
905 0 0 0.0100913001224399 26.8094005584717
904 0 0 0.0100913001224399 26.7801990509033
903 0 0 0.0100913001224399 26.7509994506836
902 0 0 0.0100913001224399 26.7217998504639
901 0 0 0.0100913001224399 26.6926002502441
900 40 24 0.0100913001224399 26.6634006500244
899 0 0 0.0100913001224399 26.6341991424561
898 0 0 0.0100913997739553 26.6049995422363
897 0 0 0.0100913997739553 26.5757999420166
896 0 0 0.0100913997739553 26.5464992523193
895 0 0 0.0100913997739553 26.5172996520996
894 0 0 0.0100913997739553 26.4881000518799
893 0 0 0.0100913997739553 26.4589004516602
892 0 0 0.0100913997739553 26.4297008514404
891 0 0 0.0100913997739553 26.4004993438721
890 0 0 0.0100913997739553 26.3712997436523
889 0 0 0.0100913997739553 26.3421001434326
888 0 0 0.0100913997739553 26.3129005432129
887 0 0 0.0100913997739553 26.2837009429932
886 0 0 0.0100913997739553 26.2544994354248
885 0 0 0.0100913997739553 26.2252006530762
884 0 0 0.0100913997739553 26.1959991455078
883 0 0 0.0100915003567934 26.1667995452881
882 0 0 0.0100915003567934 26.1375999450684
881 0 0 0.0100915003567934 26.1084003448486
880 0 0 0.0100915003567934 26.0792007446289
879 0 0 0.0100915003567934 26.0499992370605
878 0 0 0.0100915003567934 26.0207996368408
877 0 0 0.0100915003567934 25.9916000366211
876 0 0 0.0100915003567934 25.9624004364014
875 0 0 0.0100915003567934 25.9332008361816
874 0 0 0.0100915003567934 25.9039001464844
873 0 0 0.0100915003567934 25.8747005462646
872 0 0 0.0100915003567934 25.8455009460449
871 0 0 0.0100915003567934 25.8162994384766
870 0 0 0.0100915003567934 25.7870998382568
869 0 0 0.0100916000083089 25.7579002380371
868 0 0 0.0100916000083089 25.7287006378174
867 0 0 0.0100916000083089 25.699499130249
866 0 0 0.0100916000083089 25.6702995300293
865 0 0 0.0100916000083089 25.6410999298096
864 0 0 0.0100916000083089 25.6119003295898
863 0 0 0.0100916000083089 25.5825996398926
862 0 0 0.0100916000083089 25.5534000396729
861 0 0 0.0100916000083089 25.5242004394531
860 0 0 0.0100916000083089 25.4950008392334
859 0 0 0.0100916000083089 25.465799331665
858 0 0 0.0100916000083089 25.4365997314453
857 0 0 0.0100916000083089 25.4074001312256
856 0 0 0.0100916000083089 25.3782005310059
855 0 0 0.0100916996598244 25.3490009307861
854 0 0 0.0100916996598244 25.3197994232178
853 0 0 0.0100916996598244 25.290599822998
852 0 0 0.0100916996598244 25.2612991333008
851 0 0 0.0100916996598244 25.2320995330811
850 39 24 0.0100916996598244 25.2028999328613
849 0 0 0.0100916996598244 25.1737003326416
848 0 0 0.0100916996598244 25.1445007324219
847 0 0 0.0100916996598244 25.1152992248535
846 0 0 0.0100916996598244 25.0860996246338
845 0 0 0.0100916996598244 25.0569000244141
844 0 0 0.0100916996598244 25.0277004241943
843 0 0 0.0100916996598244 24.9985008239746
842 0 0 0.0100918002426624 24.9692993164063
841 0 0 0.0100918002426624 24.9400005340576
840 0 0 0.0100918002426624 24.9108009338379
839 0 0 0.0100918002426624 24.8815994262695
838 0 0 0.0100918002426624 24.8523998260498
837 0 0 0.0100918002426624 24.8232002258301
836 0 0 0.0100918002426624 24.7940006256104
835 0 0 0.0100918002426624 24.764799118042
834 0 0 0.0100918002426624 24.7355995178223
833 0 0 0.0100918002426624 24.7063999176025
832 0 0 0.0100918002426624 24.6772003173828
831 0 0 0.0100918002426624 24.6480007171631
830 0 0 0.0100918998941779 24.6187000274658
829 0 0 0.0100918998941779 24.5895004272461
828 0 0 0.0100918998941779 24.5603008270264
827 0 0 0.0100918998941779 24.531099319458
826 0 0 0.0100918998941779 24.5018997192383
825 0 0 0.0100918998941779 24.4727001190186
824 0 0 0.0100918998941779 24.4435005187988
823 0 0 0.0100918998941779 24.4143009185791
822 0 0 0.0100918998941779 24.3850994110107
821 0 0 0.0100918998941779 24.355899810791
820 0 0 0.0100918998941779 24.3267002105713
819 0 0 0.0100918998941779 24.297399520874
818 0 0 0.0100919995456934 24.2681999206543
817 0 0 0.0100919995456934 24.2390003204346
816 0 0 0.0100919995456934 24.2098007202148
815 0 0 0.0100919995456934 24.1805992126465
814 0 0 0.0100919995456934 24.1513996124268
813 0 0 0.0100919995456934 24.122200012207
812 0 0 0.0100919995456934 24.0930004119873
811 0 0 0.0100919995456934 24.0638008117676
810 0 0 0.0100919995456934 24.0345993041992
809 0 0 0.0100919995456934 24.0053997039795
808 0 0 0.0100919995456934 23.9761009216309
807 0 0 0.0100919995456934 23.9468994140625
806 0 0 0.0100921001285315 23.9176998138428
805 0 0 0.0100921001285315 23.888500213623
804 0 0 0.0100921001285315 23.8593006134033
803 0 0 0.0100921001285315 23.830099105835
802 0 0 0.0100921001285315 23.8008995056152
801 0 0 0.0100921001285315 23.7716999053955
800 38 24 0.0100921001285315 23.7425003051758
799 0 0 0.0100921001285315 23.7133007049561
798 0 0 0.0100921001285315 23.6840991973877
797 0 0 0.0100921001285315 23.6548004150391
796 0 0 0.0100921001285315 23.6256008148193
795 0 0 0.0100921997800469 23.596399307251
794 0 0 0.0100921997800469 23.5671997070313
793 0 0 0.0100921997800469 23.5380001068115
792 0 0 0.0100921997800469 23.5088005065918
791 0 0 0.0100921997800469 23.4796009063721
790 0 0 0.0100921997800469 23.4503993988037
789 0 0 0.0100921997800469 23.421199798584
788 0 0 0.0100921997800469 23.3920001983643
787 0 0 0.0100921997800469 23.3628005981445
786 0 0 0.0100921997800469 23.3334999084473
785 0 0 0.010092300362885 23.3043003082275
784 0 0 0.010092300362885 23.2751007080078
783 0 0 0.010092300362885 23.2458992004395
782 0 0 0.010092300362885 23.2166996002197
781 0 0 0.010092300362885 23.1875
780 0 0 0.010092300362885 23.1583003997803
779 0 0 0.010092300362885 23.1291007995605
778 0 0 0.010092300362885 23.0998992919922
777 0 0 0.010092300362885 23.0706996917725
776 0 0 0.010092300362885 23.0415000915527
775 0 0 0.0100924000144005 23.0121994018555
774 0 0 0.0100924000144005 22.9829998016357
773 0 0 0.0100924000144005 22.953800201416
772 0 0 0.0100924000144005 22.9246006011963
771 0 0 0.0100924000144005 22.8953990936279
770 0 0 0.0100924000144005 22.8661994934082
769 0 0 0.0100924000144005 22.8369998931885
768 0 0 0.0100924000144005 22.8078002929688
767 0 0 0.0100924000144005 22.778600692749
766 0 0 0.0100924000144005 22.7493991851807
765 0 0 0.010092499665916 22.7201995849609
764 0 0 0.010092499665916 22.6909999847412
763 0 0 0.010092499665916 22.6616992950439
762 0 0 0.010092499665916 22.6324996948242
761 0 0 0.010092499665916 22.6033000946045
760 0 0 0.010092499665916 22.5741004943848
759 0 0 0.010092499665916 22.544900894165
758 0 0 0.010092499665916 22.5156993865967
757 0 0 0.010092499665916 22.486499786377
756 0 0 0.010092499665916 22.4573001861572
755 0 0 0.010092600248754 22.4281005859375
754 0 0 0.010092600248754 22.3988990783691
753 0 0 0.010092600248754 22.3696994781494
752 0 0 0.010092600248754 22.3404006958008
751 0 0 0.010092600248754 22.3111991882324
750 37 24 0.010092600248754 22.2819995880127
749 0 0 0.010092600248754 22.252799987793
748 0 0 0.010092600248754 22.2236003875732
747 0 0 0.010092600248754 22.1944007873535
746 0 0 0.0100926999002695 22.1651992797852
745 0 0 0.0100926999002695 22.1359996795654
744 0 0 0.0100926999002695 22.1068000793457
743 0 0 0.0100926999002695 22.077600479126
742 0 0 0.0100926999002695 22.0484008789063
741 0 0 0.0100926999002695 22.019100189209
740 0 0 0.0100926999002695 21.9899005889893
739 0 0 0.0100926999002695 21.9606990814209
738 0 0 0.010092799551785 21.9314994812012
737 0 0 0.010092799551785 21.9022998809814
736 0 0 0.010092799551785 21.8731002807617
735 0 0 0.010092799551785 21.843900680542
734 0 0 0.010092799551785 21.8146991729736
733 0 0 0.010092799551785 21.7854995727539
732 0 0 0.010092799551785 21.7562999725342
731 0 0 0.010092799551785 21.7271003723145
730 0 0 0.010092799551785 21.6977996826172
729 0 0 0.0100929001346231 21.6686000823975
728 0 0 0.0100929001346231 21.6394004821777
727 0 0 0.0100929001346231 21.610200881958
726 0 0 0.0100929001346231 21.5809993743896
725 0 0 0.0100929001346231 21.5517997741699
724 0 0 0.0100929001346231 21.5226001739502
723 0 0 0.0100929001346231 21.4934005737305
722 0 0 0.0100929001346231 21.4641990661621
721 0 0 0.0100929997861385 21.4349994659424
720 0 0 0.0100929997861385 21.4057998657227
719 0 0 0.0100929997861385 21.3766002655029
718 0 0 0.0100929997861385 21.3472995758057
717 0 0 0.0100929997861385 21.3180999755859
716 0 0 0.0100929997861385 21.2889003753662
715 0 0 0.0100929997861385 21.2597007751465
714 0 0 0.0100929997861385 21.2304992675781
713 0 0 0.0100931003689766 21.2012996673584
712 0 0 0.0100931003689766 21.1721000671387
711 0 0 0.0100931003689766 21.1429004669189
710 0 0 0.0100931003689766 21.1137008666992
709 0 0 0.0100931003689766 21.0844993591309
708 0 0 0.0100931003689766 21.0552997589111
707 0 0 0.0100931003689766 21.0259990692139
706 0 0 0.0100931003689766 20.9967994689941
705 0 0 0.0100932000204921 20.9675998687744
704 0 0 0.0100932000204921 20.9384002685547
703 0 0 0.0100932000204921 20.909200668335
702 0 0 0.0100932000204921 20.8799991607666
701 0 0 0.0100932000204921 20.8507995605469
700 36 24 0.0100932000204921 20.8215999603271
699 0 0 0.0100932000204921 20.7924003601074
698 0 0 0.0100932996720076 20.7632007598877
697 0 0 0.0100932996720076 20.7339992523193
696 0 0 0.0100932996720076 20.7047996520996
695 0 0 0.0100932996720076 20.675500869751
694 0 0 0.0100932996720076 20.6462993621826
693 0 0 0.0100932996720076 20.6170997619629
692 0 0 0.0100932996720076 20.5879001617432
691 0 0 0.0100934002548456 20.5587005615234
690 0 0 0.0100934002548456 20.5294990539551
689 0 0 0.0100934002548456 20.5002994537354
688 0 0 0.0100934002548456 20.4710998535156
687 0 0 0.0100934002548456 20.4419002532959
686 0 0 0.0100934002548456 20.4127006530762
685 0 0 0.0100934002548456 20.3834991455078
684 0 0 0.0100934999063611 20.3542003631592
683 0 0 0.0100934999063611 20.3250007629395
682 0 0 0.0100934999063611 20.2957992553711
681 0 0 0.0100934999063611 20.2665996551514
680 0 0 0.0100934999063611 20.2374000549316
679 0 0 0.0100934999063611 20.2082004547119
678 0 0 0.0100934999063611 20.1790008544922
677 0 0 0.0100935995578766 20.1497993469238
676 0 0 0.0100935995578766 20.1205997467041
675 0 0 0.0100935995578766 20.0914001464844
674 0 0 0.0100935995578766 20.0622005462646
673 0 0 0.0100935995578766 20.0330009460449
672 0 0 0.0100935995578766 20.0037002563477
671 0 0 0.0100935995578766 19.9745006561279
670 0 0 0.0100937001407146 19.9452991485596
669 0 0 0.0100937001407146 19.9160995483398
668 0 0 0.0100937001407146 19.8868999481201
667 0 0 0.0100937001407146 19.8577003479004
666 0 0 0.0100937001407146 19.8285007476807
665 0 0 0.0100937001407146 19.7992992401123
664 0 0 0.0100937997922301 19.7700996398926
663 0 0 0.0100937997922301 19.7409000396729
662 0 0 0.0100937997922301 19.7117004394531
661 0 0 0.0100937997922301 19.6825008392334
660 0 0 0.0100937997922301 19.6532001495361
659 0 0 0.0100937997922301 19.6240005493164
658 0 0 0.0100939003750682 19.5948009490967
657 0 0 0.0100939003750682 19.5655994415283
656 0 0 0.0100939003750682 19.5363998413086
655 0 0 0.0100939003750682 19.5072002410889
654 0 0 0.0100939003750682 19.4780006408691
653 0 0 0.0100939003750682 19.4487991333008
652 0 0 0.0100940000265837 19.4195995330811
651 0 0 0.0100940000265837 19.3903999328613
650 35 24 0.0100940000265837 19.3612003326416
649 0 0 0.0100940000265837 19.3318996429443
648 0 0 0.0100940000265837 19.3027000427246
647 0 0 0.0100940000265837 19.2735004425049
646 0 0 0.0100940996780992 19.2443008422852
645 0 0 0.0100940996780992 19.2150993347168
644 0 0 0.0100940996780992 19.1858997344971
643 0 0 0.0100940996780992 19.1567001342773
642 0 0 0.0100940996780992 19.1275005340576
641 0 0 0.0100940996780992 19.0983009338379
640 0 0 0.0100942002609372 19.0690994262695
639 0 0 0.0100942002609372 19.0398998260498
638 0 0 0.0100942002609372 19.0107002258301
637 0 0 0.0100942002609372 18.9813995361328
636 0 0 0.0100942002609372 18.9521999359131
635 0 0 0.0100942002609372 18.9230003356934
634 0 0 0.0100942999124527 18.8938007354736
633 0 0 0.0100942999124527 18.8645992279053
632 0 0 0.0100942999124527 18.8353996276855
631 0 0 0.0100942999124527 18.8062000274658
630 0 0 0.0100942999124527 18.7770004272461
629 0 0 0.0100943995639682 18.7478008270264
628 0 0 0.0100943995639682 18.718599319458
627 0 0 0.0100943995639682 18.6893997192383
626 0 0 0.0100943995639682 18.6602001190186
625 0 0 0.0100943995639682 18.6308994293213
624 0 0 0.0100943995639682 18.6016998291016
623 0 0 0.0100945001468062 18.5725002288818
622 0 0 0.0100945001468062 18.5433006286621
621 0 0 0.0100945001468062 18.5140991210938
620 0 0 0.0100945001468062 18.484899520874
619 0 0 0.0100945001468062 18.4556999206543
618 0 0 0.0100945997983217 18.4265003204346
617 0 0 0.0100945997983217 18.3973007202148
616 0 0 0.0100945997983217 18.3680992126465
615 0 0 0.0100945997983217 18.3388996124268
614 0 0 0.0100945997983217 18.309700012207
613 0 0 0.0100947003811598 18.2803993225098
612 0 0 0.0100947003811598 18.25119972229
611 0 0 0.0100947003811598 18.2220001220703
610 0 0 0.0100947003811598 18.1928005218506
609 0 0 0.0100947003811598 18.1636009216309
608 0 0 0.0100948000326753 18.1343994140625
607 0 0 0.0100948000326753 18.1051998138428
606 0 0 0.0100948000326753 18.076000213623
605 0 0 0.0100948000326753 18.0468006134033
604 0 0 0.0100948000326753 18.017599105835
603 0 0 0.0100948996841908 17.9883995056152
602 0 0 0.0100948996841908 17.9591999053955
601 0 0 0.0100948996841908 17.9298992156982
600 34 24 0.0100948996841908 17.9006996154785
599 0 0 0.0100950002670288 17.8715000152588
598 0 0 0.0100950002670288 17.8423004150391
597 0 0 0.0100950002670288 17.8131008148193
596 0 0 0.0100950002670288 17.783899307251
595 0 0 0.0100950002670288 17.7546997070313
594 0 0 0.0100950999185443 17.7255001068115
593 0 0 0.0100950999185443 17.6963005065918
592 0 0 0.0100950999185443 17.6671009063721
591 0 0 0.0100950999185443 17.6378993988037
590 0 0 0.0100951995700598 17.608699798584
589 0 0 0.0100951995700598 17.5793991088867
588 0 0 0.0100951995700598 17.550199508667
587 0 0 0.0100951995700598 17.5209999084473
586 0 0 0.0100951995700598 17.4918003082275
585 0 0 0.0100953001528978 17.4626007080078
584 0 0 0.0100953001528978 17.4333992004395
583 0 0 0.0100953001528978 17.4041996002197
582 0 0 0.0100953001528978 17.375
581 0 0 0.0100953998044133 17.3458003997803
580 0 0 0.0100953998044133 17.3166007995605
579 0 0 0.0100953998044133 17.2873992919922
578 0 0 0.0100953998044133 17.2581996917725
577 0 0 0.0100955003872514 17.2290000915527
576 0 0 0.0100955003872514 17.1996994018555
575 0 0 0.0100955003872514 17.1704998016357
574 0 0 0.0100955003872514 17.141300201416
573 0 0 0.0100955003872514 17.1121006011963
572 0 0 0.0100956000387669 17.0828990936279
571 0 0 0.0100956000387669 17.0536994934082
570 0 0 0.0100956000387669 17.0244998931885
569 0 0 0.0100956000387669 16.9953002929688
568 0 0 0.0100956996902823 16.966100692749
567 0 0 0.0100956996902823 16.9368991851807
566 0 0 0.0100956996902823 16.9076995849609
565 0 0 0.0100956996902823 16.8784999847412
564 0 0 0.0100958002731204 16.8491992950439
563 0 0 0.0100958002731204 16.8199996948242
562 0 0 0.0100958002731204 16.7908000946045
561 0 0 0.0100958999246359 16.7616004943848
560 0 0 0.0100958999246359 16.732400894165
559 0 0 0.0100958999246359 16.7031993865967
558 0 0 0.0100958999246359 16.673999786377
557 0 0 0.0100959995761514 16.6448001861572
556 0 0 0.0100959995761514 16.6156005859375
555 0 0 0.0100959995761514 16.5863990783691
554 0 0 0.0100959995761514 16.5571994781494
553 0 0 0.0100961001589894 16.5279998779297
552 0 0 0.0100961001589894 16.49880027771
551 0 0 0.0100961001589894 16.4694995880127
550 33 24 0.0100961001589894 16.440299987793
549 0 0 0.0100961998105049 16.4111003875732
548 0 0 0.0100961998105049 16.3819007873535
547 0 0 0.0100961998105049 16.3526992797852
546 0 0 0.010096300393343 16.3234996795654
545 0 0 0.010096300393343 16.2943000793457
544 0 0 0.010096300393343 16.265100479126
543 0 0 0.010096300393343 16.2359008789063
542 0 0 0.0100964000448585 16.2066993713379
541 0 0 0.0100964000448585 16.1774997711182
540 0 0 0.0100964000448585 16.1483001708984
539 0 0 0.0100964996963739 16.1189994812012
538 0 0 0.0100964996963739 16.0897998809814
537 0 0 0.0100964996963739 16.0606002807617
536 0 0 0.0100964996963739 16.031400680542
535 0 0 0.010096600279212 16.0021991729736
534 0 0 0.010096600279212 15.9729995727539
533 0 0 0.010096600279212 15.9437999725342
532 0 0 0.0100966999307275 15.9146003723145
531 0 0 0.0100966999307275 15.8853998184204
530 0 0 0.0100966999307275 15.8562002182007
529 0 0 0.010096799582243 15.8269996643066
528 0 0 0.010096799582243 15.7978000640869
527 0 0 0.010096799582243 15.7686004638672
526 0 0 0.010096799582243 15.7392997741699
525 0 0 0.010096900165081 15.7101001739502
524 0 0 0.010096900165081 15.6808996200562
523 0 0 0.010096900165081 15.6517000198364
522 0 0 0.0100969998165965 15.6225004196167
521 0 0 0.0100969998165965 15.5932998657227
520 0 0 0.0100969998165965 15.5641002655029
519 0 0 0.0100971003994346 15.5348997116089
518 0 0 0.0100971003994346 15.5057001113892
517 0 0 0.0100971003994346 15.4764995574951
516 0 0 0.0100972000509501 15.4472999572754
515 0 0 0.0100972000509501 15.4181003570557
514 0 0 0.0100972000509501 15.3888998031616
513 0 0 0.0100972997024655 15.3596000671387
512 0 0 0.0100972997024655 15.3304004669189
511 0 0 0.0100972997024655 15.3011999130249
510 0 0 0.0100974002853036 15.2720003128052
509 0 0 0.0100974002853036 15.2427997589111
508 0 0 0.0100974002853036 15.2136001586914
507 0 0 0.0100974999368191 15.1843996047974
506 0 0 0.0100974999368191 15.1552000045776
505 0 0 0.0100974999368191 15.1260004043579
504 0 0 0.0100975995883346 15.0967998504639
503 0 0 0.0100975995883346 15.0676002502441
502 0 0 0.0100977001711726 15.0383996963501
501 0 0 0.0100977001711726 15.0092000961304
500 32 24 0.0100977001711726 14.9799995422363
499 0 0 0.0100977998226881 14.9506998062134
498 0 0 0.0100977998226881 14.9215002059937
497 0 0 0.0100977998226881 14.8922996520996
496 0 0 0.0100979004055262 14.8631000518799
495 0 0 0.0100979004055262 14.8339004516602
494 0 0 0.0100979004055262 14.8046998977661
493 0 0 0.0100980000570416 14.7755002975464
492 0 0 0.0100980000570416 14.7462997436523
491 0 0 0.0100980997085571 14.7171001434326
490 0 0 0.0100980997085571 14.6878995895386
489 0 0 0.0100980997085571 14.6586999893188
488 0 0 0.0100982002913952 14.6295003890991
487 0 0 0.0100982002913952 14.6002998352051
486 0 0 0.0100982999429107 14.5710000991821
485 0 0 0.0100982999429107 14.5417995452881
484 0 0 0.0100982999429107 14.5125999450684
483 0 0 0.0100983995944262 14.4834003448486
482 0 0 0.0100983995944262 14.4541997909546
481 0 0 0.0100985001772642 14.4250001907349
480 0 0 0.0100985001772642 14.3957996368408
479 0 0 0.0100985001772642 14.3666000366211
478 0 0 0.0100985998287797 14.3374004364014
477 0 0 0.0100985998287797 14.3081998825073
476 0 0 0.0100987004116178 14.2790002822876
475 0 0 0.0100987004116178 14.2497997283936
474 0 0 0.0100987004116178 14.2206001281738
473 0 0 0.0100988000631332 14.1913995742798
472 0 0 0.0100988000631332 14.1620998382568
471 0 0 0.0100988997146487 14.1329002380371
470 0 0 0.0100988997146487 14.1036996841431
469 0 0 0.0100990002974868 14.0745000839233
468 0 0 0.0100990002974868 14.0452995300293
467 0 0 0.0100990999490023 14.0160999298096
466 0 0 0.0100990999490023 13.9869003295898
465 0 0 0.0100990999490023 13.9576997756958
464 0 0 0.0100991996005177 13.9285001754761
463 0 0 0.0100991996005177 13.899299621582
462 0 0 0.0100993001833558 13.8701000213623
461 0 0 0.0100993001833558 13.8409004211426
460 0 0 0.0100993998348713 13.8116998672485
459 0 0 0.0100993998348713 13.7825002670288
458 0 0 0.0100995004177094 13.7531995773315
457 0 0 0.0100995004177094 13.7239999771118
456 0 0 0.0100996000692248 13.6948003768921
455 0 0 0.0100996000692248 13.665599822998
454 0 0 0.0100996997207403 13.6364002227783
453 0 0 0.0100996997207403 13.6071996688843
452 0 0 0.0100998003035784 13.5780000686646
451 0 0 0.0100998003035784 13.5488004684448
450 31 24 0.0100998003035784 13.5195999145508
449 0 0 0.0100998999550939 13.4904003143311
448 0 0 0.0100998999550939 13.461199760437
447 0 0 0.0100999996066093 13.4320001602173
446 0 0 0.0100999996066093 13.4027996063232
445 0 0 0.0101001001894474 13.3736000061035
444 0 0 0.0101001998409629 13.3444004058838
443 0 0 0.0101001998409629 13.3150997161865
442 0 0 0.0101003004238009 13.2859001159668
441 0 0 0.0101003004238009 13.2566995620728
440 0 0 0.0101004000753164 13.227499961853
439 0 0 0.0101004000753164 13.1983003616333
438 0 0 0.0101004997268319 13.1690998077393
437 0 0 0.0101004997268319 13.1399002075195
436 0 0 0.01010060030967 13.1106996536255
435 0 0 0.01010060030967 13.0815000534058
434 0 0 0.0101006999611855 13.052300453186
433 0 0 0.0101006999611855 13.023099899292
432 0 0 0.0101007996127009 12.9939002990723
431 0 0 0.0101007996127009 12.9646997451782
430 0 0 0.010100900195539 12.9355001449585
429 0 0 0.0101009998470545 12.9062004089355
428 0 0 0.0101009998470545 12.8769998550415
427 0 0 0.0101011004298925 12.8478002548218
426 0 0 0.0101011004298925 12.8185997009277
425 0 0 0.010101200081408 12.789400100708
424 0 0 0.0101012997329235 12.760199546814
423 0 0 0.0101012997329235 12.7309999465942
422 0 0 0.0101014003157616 12.7018003463745
421 0 0 0.0101014003157616 12.6725997924805
420 0 0 0.0101014999672771 12.6434001922607
419 0 0 0.0101015996187925 12.6141996383667
418 0 0 0.0101015996187925 12.585000038147
417 0 0 0.0101017002016306 12.5558004379272
416 0 0 0.0101017002016306 12.5265998840332
415 0 0 0.0101017998531461 12.4974002838135
414 0 0 0.0101019004359841 12.4681997299194
413 0 0 0.0101019004359841 12.4388999938965
412 0 0 0.0101020000874996 12.4097003936768
411 0 0 0.0101020997390151 12.3804998397827
410 0 0 0.0101020997390151 12.351300239563
409 0 0 0.0101022003218532 12.3220996856689
408 0 0 0.0101022003218532 12.2929000854492
407 0 0 0.0101022999733686 12.2636995315552
406 0 0 0.0101023996248841 12.2344999313354
405 0 0 0.0101023996248841 12.2053003311157
404 0 0 0.0101025002077222 12.1760997772217
403 0 0 0.0101025998592377 12.146900177002
402 0 0 0.0101025998592377 12.1176996231079
401 0 0 0.0101027004420757 12.0885000228882
400 30 24 0.0101028000935912 12.0593004226685
399 0 0 0.0101028997451067 12.0300998687744
398 0 0 0.0101028997451067 12.0009002685547
397 0 0 0.0101030003279448 11.9715995788574
396 0 0 0.0101030999794602 11.9423999786377
395 0 0 0.0101030999794602 11.913200378418
394 0 0 0.0101031996309757 11.8839998245239
393 0 0 0.0101033002138138 11.8548002243042
392 0 0 0.0101033998653293 11.8255996704102
391 0 0 0.0101033998653293 11.7964000701904
390 0 0 0.0101035004481673 11.7672004699707
389 0 0 0.0101036000996828 11.7379999160767
388 0 0 0.0101036997511983 11.7088003158569
387 0 0 0.0101036997511983 11.6795997619629
386 0 0 0.0101038003340364 11.6504001617432
385 0 0 0.0101038999855518 11.6211996078491
384 0 0 0.0101039996370673 11.5920000076294
383 0 0 0.0101039996370673 11.5628004074097
382 0 0 0.0101041002199054 11.5335998535156
381 0 0 0.0101041998714209 11.5044002532959
380 0 0 0.0101043004542589 11.4750995635986
379 0 0 0.0101044001057744 11.4458999633789
378 0 0 0.0101044001057744 11.4167003631592
377 0 0 0.0101044997572899 11.3874998092651
376 0 0 0.0101046003401279 11.3583002090454
375 0 0 0.0101046999916434 11.3290996551514
374 0 0 0.0101047996431589 11.2999000549316
373 0 0 0.010104900225997 11.2707004547119
372 0 0 0.0101049998775125 11.2414999008179
371 0 0 0.0101049998775125 11.2123003005981
370 0 0 0.0101051004603505 11.1830997467041
369 0 0 0.010105200111866 11.1539001464844
368 0 0 0.0101052997633815 11.1246995925903
367 0 0 0.0101054003462195 11.0954999923706
366 0 0 0.010105499997735 11.0663003921509
365 0 0 0.0101055996492505 11.0370998382568
364 0 0 0.0101057002320886 11.0079002380371
363 0 0 0.010105799883604 10.9786996841431
362 0 0 0.010105799883604 10.9495000839233
361 0 0 0.0101058995351195 10.9202003479004
360 0 0 0.0101060001179576 10.8909997940063
359 0 0 0.0101060997694731 10.8618001937866
358 0 0 0.0101062003523111 10.8325996398926
357 0 0 0.0101063000038266 10.8034000396729
356 0 0 0.0101063996553421 10.7742004394531
355 0 0 0.0101065002381802 10.7449998855591
354 0 0 0.0101065998896956 10.7158002853394
353 0 0 0.0101066995412111 10.6865997314453
352 0 0 0.0101068001240492 10.6574001312256
351 0 0 0.0101068997755647 10.6281995773315
350 29 24 0.0101070003584027 10.5989999771118
349 0 0 0.0101071000099182 10.5698003768921
348 0 0 0.0101071996614337 10.540599822998
347 0 0 0.0101073002442718 10.5114002227783
346 0 0 0.0101073998957872 10.4821996688843
345 0 0 0.0101074995473027 10.4530000686646
344 0 0 0.0101076001301408 10.4238004684448
343 0 0 0.0101078003644943 10.3945999145508
342 0 0 0.0101079000160098 10.3654003143311
341 0 0 0.0101079996675253 10.3360996246338
340 0 0 0.0101081002503633 10.3069000244141
339 0 0 0.0101081999018788 10.2777004241943
338 0 0 0.0101082995533943 10.2484998703003
337 0 0 0.0101084001362324 10.2193002700806
336 0 0 0.0101084997877479 10.1900997161865
335 0 0 0.0101087000221014 10.1609001159668
334 0 0 0.0101087996736169 10.1316995620728
333 0 0 0.0101089002564549 10.102499961853
332 0 0 0.0101089999079704 10.0733003616333
331 0 0 0.0101090995594859 10.0440998077393
330 0 0 0.010109200142324 10.0149002075195
329 0 0 0.0101094003766775 9.98569011688232
328 0 0 0.010109500028193 9.95648956298828
327 0 0 0.0101095996797085 9.92728042602539
326 0 0 0.0101097002625465 9.89807987213135
325 0 0 0.0101098995655775 9.86888027191162
324 0 0 0.0101100001484156 9.83967018127441
323 0 0 0.010110099799931 9.81046962738037
322 0 0 0.0101103000342846 9.78125953674316
321 0 0 0.0101103996858001 9.75205993652344
320 0 0 0.0101105002686381 9.72286033630371
319 0 0 0.0101106995716691 9.6936502456665
318 0 0 0.0101108001545072 9.66444969177246
317 0 0 0.0101108998060226 9.63523960113525
316 0 0 0.0101111000403762 9.60604000091553
315 0 0 0.0101111996918917 9.5768404006958
314 0 0 0.0101113002747297 9.54763031005859
313 0 0 0.0101114995777607 9.51842975616455
312 0 0 0.0101116001605988 9.48923015594482
311 0 0 0.0101118003949523 9.46002006530762
310 0 0 0.0101119000464678 9.43082046508789
309 0 0 0.0101121002808213 9.40161037445068
308 0 0 0.0101121999323368 9.37240982055664
307 0 0 0.0101122995838523 9.34321022033691
306 0 0 0.0101124998182058 9.31400012969971
305 0 0 0.0101127000525594 9.28479957580566
304 0 0 0.0101127997040749 9.25559997558594
303 0 0 0.0101129999384284 9.22638988494873
302 0 0 0.0101130995899439 9.197190284729
301 0 0 0.0101132998242974 9.16798973083496
300 28 24 0.0101134004071355 9.13877964019775
299 0 0 0.0101135997101665 9.10958003997803
298 0 0 0.01011379994452 9.0803804397583
297 0 0 0.0101138995960355 9.05117988586426
296 0 0 0.010114099830389 9.02196979522705
295 0 0 0.0101142004132271 8.99277019500732
294 0 0 0.010114399716258 8.96356964111328
293 0 0 0.0101145999506116 8.93435955047607
292 0 0 0.0101148001849651 8.90515995025635
291 0 0 0.0101148998364806 8.87596035003662
290 0 0 0.0101151000708342 8.84675979614258
289 0 0 0.0101153003051877 8.81754970550537
288 0 0 0.0101154996082187 8.78835010528564
287 0 0 0.0101156001910567 8.7591495513916
286 0 0 0.0101158004254103 8.72994041442871
285 0 0 0.0101159997284412 8.70073986053467
284 0 0 0.0101161999627948 8.67154026031494
283 0 0 0.0101164001971483 8.6423397064209
282 0 0 0.0101166004315019 8.61314010620117
281 0 0 0.0101167997345328 8.58393001556396
280 0 0 0.0101169999688864 8.55473041534424
279 0 0 0.0101172002032399 8.5255298614502
278 0 0 0.0101172998547554 8.49633026123047
277 0 0 0.0101175000891089 8.46712017059326
276 0 0 0.010117799974978 8.43791961669922
275 0 0 0.0101180002093315 8.40872001647949
274 0 0 0.0101182004436851 8.37952041625977
273 0 0 0.010118399746716 8.35031986236572
272 0 0 0.0101185999810696 8.321120262146
271 0 0 0.0101188002154231 8.29191017150879
270 0 0 0.0101190004497766 8.26270961761475
269 0 0 0.0101191997528076 8.23351001739502
268 0 0 0.0101193999871612 8.20431041717529
267 0 0 0.0101196998730302 8.17510986328125
266 0 0 0.0101199001073837 8.14591026306152
265 0 0 0.0101201003417373 8.11670017242432
264 0 0 0.0101202996447682 8.08749961853027
263 0 0 0.0101206004619598 8.05830001831055
262 0 0 0.0101207997649908 8.02910041809082
261 0 0 0.0101209999993443 7.99989986419678
260 0 0 0.0101212998852134 7.97069978713989
259 0 0 0.0101215001195669 7.94150018692017
258 0 0 0.0101218000054359 7.91230010986328
257 0 0 0.0101220002397895 7.8831000328064
256 0 0 0.0101223001256585 7.85389995574951
255 0 0 0.0101225003600121 7.82469987869263
254 0 0 0.0101228002458811 7.79548978805542
253 0 0 0.010122999548912 7.76629018783569
252 0 0 0.0101233003661036 7.73709011077881
251 0 0 0.0101236002519727 7.70789003372192
250 27 24 0.0101237995550036 7.67868995666504
249 0 0 0.0101241003721952 7.64948987960815
248 0 0 0.0101244002580643 7.62028980255127
247 0 0 0.0101245995610952 7.59109020233154
246 0 0 0.0101249003782868 7.56189012527466
245 0 0 0.0101252002641559 7.53269004821777
244 0 0 0.0101255001500249 7.50348997116089
243 0 0 0.0101258000358939 7.474289894104
242 0 0 0.0101260999217629 7.44508981704712
241 0 0 0.010126399807632 7.41589021682739
240 0 0 0.010126699693501 7.38669013977051
239 0 0 0.01012699957937 7.35749006271362
238 0 0 0.0101273003965616 7.32829999923706
237 0 0 0.0101276002824306 7.29909992218018
236 0 0 0.0101279001682997 7.26989984512329
235 0 0 0.0101282000541687 7.24069976806641
234 0 0 0.0101284999400377 7.21150016784668
233 0 0 0.0101289004087448 7.18230009078979
232 0 0 0.0101292002946138 7.15310001373291
231 0 0 0.0101295001804829 7.12389993667603
230 0 0 0.0101298997178674 7.09469985961914
229 0 0 0.0101301996037364 7.06550979614258
228 0 0 0.0101306000724435 7.03631019592285
227 0 0 0.0101308999583125 7.00711011886597
226 0 0 0.0101313004270196 6.97791004180908
225 0 0 0.0101316003128886 6.9487099647522
224 0 0 0.0101319998502731 6.91950988769531
223 0 0 0.0101324003189802 6.89031982421875
222 0 0 0.0101327002048492 6.86112022399902
221 0 0 0.0101330997422338 6.83192014694214
220 0 0 0.0101335002109408 6.80272006988525
219 0 0 0.0101338997483253 6.77353000640869
218 0 0 0.0101343002170324 6.74432992935181
217 0 0 0.0101346997544169 6.71512985229492
216 0 0 0.010135100223124 6.68592977523804
215 0 0 0.0101354997605085 6.65674018859863
214 0 0 0.0101359002292156 6.62754011154175
213 0 0 0.0101362997666001 6.59834003448486
212 0 0 0.0101367998868227 6.5691499710083
211 0 0 0.0101372003555298 6.53994989395142
210 0 0 0.0101375998929143 6.51074981689453
209 0 0 0.0101381000131369 6.48156023025513
208 0 0 0.0101384995505214 6.45236015319824
207 0 0 0.0101389996707439 6.42316007614136
206 0 0 0.010139400139451 6.39397001266479
205 0 0 0.0101399002596736 6.36476993560791
204 0 0 0.0101404003798962 6.33557987213135
203 0 0 0.0101408995687962 6.30637979507446
202 0 0 0.0101413000375032 6.27719020843506
201 0 0 0.0101418001577258 6.24799013137817
200 26 24 0.0101423002779484 6.21880006790161
199 0 0 0.0101428003981709 6.18959999084473
198 0 0 0.010143400169909 6.16040992736816
197 0 0 0.0101439002901316 6.13120985031128
196 0 0 0.0101444004103541 6.10201978683472
195 0 0 0.0101448995992541 6.07282018661499
194 0 0 0.0101455003023148 6.04363012313843
193 0 0 0.0101460004225373 6.01443004608154
192 0 0 0.0101466001942754 5.98523998260498
191 0 0 0.0101471999660134 5.95604991912842
190 0 0 0.0101477997377515 5.92684984207153
189 0 0 0.0101482998579741 5.89765977859497
188 0 0 0.0101488996297121 5.86847019195557
187 0 0 0.0101495003327727 5.83927011489868
186 0 0 0.0101501997560263 5.81008005142212
185 0 0 0.0101508004590869 5.78088998794556
184 0 0 0.0101514002308249 5.75168991088867
183 0 0 0.0101520996540785 5.72249984741211
182 0 0 0.0101527003571391 5.69330978393555
181 0 0 0.0101533997803926 5.66412019729614
180 0 0 0.0101539995521307 5.63493013381958
179 0 0 0.0101546999067068 5.6057300567627
178 0 0 0.0101554002612829 5.57653999328613
177 0 0 0.0101560996845365 5.54734992980957
176 0 0 0.0101568000391126 5.51815986633301
175 0 0 0.0101576000452042 5.48896980285645
174 0 0 0.0101583003997803 5.45978021621704
173 0 0 0.0101589998230338 5.43059015274048
172 0 0 0.0101597998291254 5.40140008926392
171 0 0 0.010160599835217 5.37221002578735
170 0 0 0.0101613998413086 5.34301996231079
169 0 0 0.0101621998474002 5.31382989883423
168 0 0 0.0101629998534918 5.28463983535767
167 0 0 0.0101637998595834 5.2554497718811
166 0 0 0.010164599865675 5.2262601852417
165 0 0 0.0101655004546046 5.19707012176514
164 0 0 0.0101664001122117 5.16788005828857
163 0 0 0.0101672997698188 5.13870000839233
162 0 0 0.0101682003587484 5.10950994491577
161 0 0 0.0101691000163555 5.08031988143921
160 0 0 0.0101699996739626 5.05112981796265
159 0 0 0.0101709002628922 5.02194976806641
158 0 0 0.0101718995720148 4.992760181427
157 0 0 0.0101728998124599 4.96357011795044
156 0 0 0.0101739000529051 4.9343900680542
155 0 0 0.0101749002933502 4.90520000457764
154 0 0 0.0101758996024728 4.8760199546814
153 0 0 0.010177000425756 4.84682989120483
152 0 0 0.0101781003177166 4.81763982772827
151 0 0 0.0101790996268392 4.78845977783203
150 25 24 0.0101803001016378 4.75928020477295
149 0 0 0.0101813999935985 4.73009014129639
148 0 0 0.0101824998855591 4.70091009140015
147 0 0 0.0101837003603578 4.67172002792358
146 0 0 0.0101848999038339 4.64253997802734
145 0 0 0.0101861003786325 4.6133599281311
144 0 0 0.0101873995736241 4.58417987823486
143 0 0 0.0101886000484228 4.5549898147583
142 0 0 0.010189900174737 4.52580976486206
141 0 0 0.0101912003010511 4.49663019180298
140 0 0 0.0101926000788808 4.46745014190674
139 0 0 0.010193900205195 4.4382700920105
138 0 0 0.0101952999830246 4.40909004211426
137 0 0 0.0101966997608542 4.37990999221802
136 0 0 0.0101982001215219 4.35072994232178
135 0 0 0.0101996995508671 4.32154989242554
134 0 0 0.0102011999115348 4.2923698425293
133 0 0 0.0102027002722025 4.26319980621338
132 0 0 0.0102043002843857 4.2340202331543
131 0 0 0.0102059002965689 4.20484018325806
130 0 0 0.0102075003087521 4.17566013336182
129 0 0 0.0102091999724507 4.1464900970459
128 0 0 0.0102108996361494 4.11731004714966
127 0 0 0.0102126002311707 4.08814001083374
126 0 0 0.0102143995463848 4.0589599609375
125 0 0 0.0102161997929215 4.02978992462158
124 0 0 0.0102180996909738 4.00061988830566
123 0 0 0.010219999589026 3.971440076828
122 0 0 0.0102219004184008 3.94227004051208
121 0 0 0.0102238999679685 3.91310000419617
120 0 0 0.0102259004488587 3.88392996788025
119 0 0 0.0102279996499419 3.85475993156433
118 0 0 0.0102300997823477 3.82558989524841
117 0 0 0.0102322995662689 3.79642009735107
116 0 0 0.0102345002815127 3.76725006103516
115 0 0 0.0102367997169495 3.73808002471924
114 0 0 0.0102391000837088 3.70890998840332
113 0 0 0.0102415001019835 3.67974996566772
112 0 0 0.0102439001202583 3.65057992935181
111 0 0 0.0102463997900486 3.62141990661621
110 0 0 0.0102490000426769 3.59225010871887
109 0 0 0.0102516002953053 3.56309008598328
108 0 0 0.0102543001994491 3.53392004966736
107 0 0 0.0102570001035929 3.50476002693176
106 0 0 0.0102597996592522 3.47560000419617
105 0 0 0.0102626997977495 3.44643998146057
104 0 0 0.0102656995877624 3.41727995872498
103 0 0 0.0102687003090978 3.38811993598938
102 0 0 0.0102717997506261 3.35896992683411
101 0 0 0.0102749997749925 3.32980990409851
100 24 24 0.0102783003821969 3.30064988136292
99 0 0 0.0102816000580788 3.27150011062622
98 0 0 0.0102850999683142 3.24234008789063
97 0 0 0.0102885998785496 3.21319007873535
96 0 0 0.0102923000231385 3.18404006958008
95 0 0 0.0102960001677275 3.1548900604248
94 0 0 0.0102998996153474 3.12574005126953
93 0 0 0.0103037999942899 3.09659004211426
92 0 0 0.0103078996762633 3.06745004653931
91 0 0 0.0103120999410748 3.03830003738403
90 0 0 0.0103163998574018 3.00916004180908
89 0 0 0.0103208003565669 2.98001003265381
88 0 0 0.0103252995759249 2.95087003707886
87 0 0 0.010329999960959 2.92173004150391
86 0 0 0.0103347999975085 2.89259004592896
85 0 0 0.0103398002684116 2.86346006393433
84 0 0 0.0103449001908302 2.83432006835938
83 0 0 0.0103502003476024 2.80519008636475
82 0 0 0.0103556998074055 2.77605009078979
81 0 0 0.0103612998500466 2.74692010879517
80 0 0 0.0103671001270413 2.71779990196228
79 0 0 0.010373099707067 2.68866991996765
78 0 0 0.0103793004527688 2.65953993797302
77 0 0 0.0103855999186635 2.63041996955872
76 0 0 0.0103922002017498 2.60130000114441
75 0 0 0.0103989997878671 2.5721800327301
74 0 0 0.0104061001911759 2.5430600643158
73 0 0 0.0104133002460003 2.51395010948181
72 0 0 0.0104208998382092 2.48483991622925
71 0 0 0.0104286996647716 2.45572996139526
70 0 0 0.0104366997256875 2.42662000656128
69 0 0 0.0104451002553105 2.39752006530762
68 0 0 0.0104537000879645 2.36841988563538
67 0 0 0.0104627003893256 2.33931994438171
66 0 0 0.0104719996452332 2.31022000312805
65 0 0 0.0104817003011703 2.28113007545471
64 0 0 0.010491699911654 2.25203990936279
63 0 0 0.0105020999908447 2.22294998168945
62 0 0 0.01051289960742 2.19387006759644
61 0 0 0.0105242002755404 2.16478991508484
60 0 0 0.0105358995497227 2.13572001457214
59 0 0 0.0105480002239347 2.10664010047913
58 0 0 0.0105606997385621 2.07757997512817
57 0 0 0.0105739003047347 2.04851007461548
56 0 0 0.0105876000598073 2.01945996284485
55 0 0 0.0106018995866179 1.99039995670319
54 0 0 0.0106169003993273 1.96134996414185
53 0 0 0.0106324004009366 1.93230998516083
52 0 0 0.0106487004086375 1.90327000617981
51 0 0 0.010665699839592 1.87424004077911
50 23 24 0.0106835002079606 1.84520995616913
49 0 0 0.0107022002339363 1.81619000434875
48 0 0 0.0107217002660036 1.78717005252838
47 0 0 0.010742099955678 1.75815999507904
46 0 0 0.0107634998857975 1.72915995121002
45 0 0 0.0107859997078776 1.70017004013062
44 0 0 0.010809600353241 1.67118000984192
43 0 0 0.0108343996107578 1.64219999313354
42 0 0 0.0108543001115322 1.61993002891541
41 0 0 0.0108751002699137 1.59765994548798
40 0 0 0.0108965998515487 1.57538998126984
39 0 0 0.0109190996736288 1.55314004421234
38 0 0 0.0109425000846386 1.53087997436523
37 0 0 0.0109668998047709 1.50864005088806
36 0 0 0.0109922997653484 1.4864000082016
35 0 0 0.0110187996178865 1.46415996551514
34 0 0 0.0110464002937078 1.44193994998932
33 0 0 0.0110753001645207 1.41972005367279
32 0 0 0.0111055001616478 1.39751005172729
31 0 0 0.0111370999366045 1.3753000497818
30 0 0 0.0111701004207134 1.35310995578766
29 0 0 0.011204699985683 1.33091998100281
28 0 0 0.0112408995628357 1.30874001979828
27 0 0 0.0112789003178477 1.28656995296478
26 0 0 0.0113187003880739 1.26442003250122
25 0 0 0.0113463001325727 1.24965000152588
24 0 0 0.0113749001175165 1.23488998413086
23 0 0 0.0114043997600675 1.22012996673584
22 0 0 0.0114348996430635 1.20537996292114
21 0 0 0.0114663997665048 1.19062995910645
20 0 0 0.0114991003647447 1.17587995529175
19 0 0 0.0115328002721071 1.1611499786377
18 0 0 0.0115678003057837 1.14640998840332
17 0 0 0.0116039998829365 1.13169002532959
16 0 0 0.0116414995864034 1.11696994304657
15 0 0 0.0116803999990225 1.10224997997284
14 0 0 0.0117207001894712 1.08754003047943
13 0 0 0.0117624998092651 1.07283997535706
12 0 0 0.0118057997897267 1.05814003944397
11 0 0 0.0118508003652096 1.04346001148224
10 0 0 0.0118974996730685 1.02876996994019
9 0 0 0.0119297001510859 1.01899003982544
8 0 0 0.0119516002014279 1.01247000694275
7 0 0 0.0119663998484612 1.00811994075775
6 0 0 0.0119762998074293 1.00522005558014
5 0 0 0.0119829997420311 1.00329005718231
4 0 0 0.0119874998927116 1.00199997425079
3 0 0 0.0119904996827245 1.00113999843597
2 0 0 0.0119925001636147 1.00057005882263
1 0 0 0.0119944997131824 1
1 0 0 0.0119944997131824 1
2 0 0 0.0119965001940727 0.999427974224091
3 0 0 0.0119984997436404 0.998856008052826
4 0 0 0.0120015004649758 0.997996985912323
5 0 0 0.0120059996843338 0.996710002422333
6 0 0 0.0120128998532891 0.994778990745544
7 0 0 0.0120232002809644 0.991882979869843
8 0 0 0.0120387999340892 0.987538993358612
9 0 0 0.0120625998824835 0.981024026870728
10 0 0 0.0120991002768278 0.971255004405975
11 0 0 0.0121555998921394 0.95660799741745
12 0 0 0.0122145004570484 0.941968977451324
13 0 0 0.0122758001089096 0.927338004112244
14 0 0 0.0123396003618836 0.912714004516602
15 0 0 0.0124060995876789 0.898099005222321
16 0 0 0.0124754998832941 0.883493006229401
17 0 0 0.0125478999689221 0.868894994258881
18 0 0 0.0126234004274011 0.854305028915405
19 0 0 0.0127023002132773 0.839725017547607
20 0 0 0.012784699909389 0.825152993202209
21 0 0 0.0128707997500896 0.810590982437134
22 0 0 0.0129608996212482 0.796037018299103
23 0 0 0.0130551001057029 0.781493008136749
24 0 0 0.013153700158 0.766957998275757
25 0 0 0.0132569996640086 0.752430975437164
26 0 0 0.0133651997894049 0.737914025783539
27 0 0 0.0134786004200578 0.72340601682663
28 0 0 0.0135976001620293 0.70890599489212
29 0 0 0.0137224998325109 0.694414019584656
30 0 0 0.0138536002486944 0.679930984973907
31 0 0 0.0139913996681571 0.665453970432281
32 0 0 0.0141361998394132 0.6509850025177
33 0 0 0.0142884002998471 0.636521995067596
34 0 0 0.0144485998898745 0.622063994407654
35 0 0 0.0146172996610403 0.607609987258911
36 0 0 0.0147949000820518 0.593159019947052
37 0 0 0.0149820996448398 0.578709006309509
38 0 0 0.0151794003322721 0.564260005950928
39 0 0 0.0153876002877951 0.549807012081146
40 0 0 0.0156073002144694 0.535350024700165
41 0 0 0.0158392004668713 0.5208860039711
42 0 0 0.016084099188447 0.506411015987396
43 0 0 0.0163429006934166 0.491923987865448
44 0 0 0.0166164003312588 0.4774189889431
45 0 0 0.0169056002050638 0.46289399266243
46 0 0 0.0172112993896008 0.448343992233276
47 0 0 0.0175344999879599 0.433768004179001
48 0 0 0.0178760997951031 0.419162005186081
49 0 0 0.0182371996343136 0.404523998498917
50 2 24 0.0186184998601675 0.389854997396469
51 0 0 0.0190209001302719 0.375156998634338
52 0 0 0.0194450002163649 0.360433995723724
53 0 0 0.0198911000043154 0.345696002244949
54 0 0 0.0203593000769615 0.330953001976013
55 0 0 0.0208496004343033 0.316220998764038
56 0 0 0.0213613007217646 0.301517009735107
57 0 0 0.0218934994190931 0.286861002445221
58 0 0 0.0224450994282961 0.272271007299423
59 0 0 0.0230144001543522 0.257764011621475
60 0 0 0.023599699139595 0.243353992700577
61 0 0 0.0241989009082317 0.229047998785973
62 0 0 0.0248099006712437 0.214851006865501
63 0 0 0.0254301000386477 0.200762003660202
64 0 0 0.0260569006204605 0.186774000525475
65 0 0 0.0266869999468327 0.172878995537758
66 0 0 0.0273168999701738 0.159064993262291
67 0 0 0.0279422998428345 0.145318001508713
68 0 0 0.0285583008080721 0.13162399828434
69 0 0 0.0291591994464397 0.117968000471592
70 0 0 0.029738400131464 0.104335002601147
71 0 0 0.0302884001284838 0.0907087996602058
72 0 0 0.0308007001876831 0.0770761966705322
73 0 0 0.0312664993107319 0.0634239017963409
74 0 0 0.0316760987043381 0.0497413016855717
75 0 0 0.0320199988782406 0.0360216982662678
76 0 0 0.0322890989482403 0.0222641006112099
77 0 0 0.0324754007160664 0.00847402960062027
78 0 0 0.0325733982026577 -0.00533625017851591
79 3 22 0.0325883999466896 -0.0132216000929475
80 0 0 0.0325426012277603 -0.0270288996398449
81 0 0 0.0324070006608963 -0.0408120006322861
82 0 0 0.0321865007281303 -0.0545585006475449
83 0 0 0.0318881012499332 -0.0682625025510788
84 0 0 0.0315202996134758 -0.0819251984357834
85 0 0 0.0310923997312784 -0.0955533012747765
86 0 0 0.030613599345088 -0.109158001840115
87 0 0 0.0300928000360727 -0.122754000127316
88 0 0 0.0295384004712105 -0.136356994509697
89 0 0 0.0289577003568411 -0.149984002113342
90 0 0 0.0283575002104044 -0.163653999567032
91 0 0 0.0277436003088951 -0.177384003996849
92 0 0 0.0271208994090557 -0.191192999482155
93 0 0 0.026493800804019 -0.205099001526833
94 0 0 0.025865999981761 -0.219116002321243
95 0 0 0.0252407994121313 -0.233259007334709
96 0 0 0.0246211998164654 -0.24753500521183
97 0 0 0.0240100994706154 -0.261945009231567
98 0 0 0.0234101992100477 -0.276486992835999
99 0 0 0.0228238999843597 -0.291146993637085
100 4 24 0.0222536996006966 -0.305905014276505
101 0 0 0.0217020008713007 -0.320737987756729
102 0 0 0.021170400083065 -0.335615009069443
103 0 0 0.020660700276494 -0.350508987903595
104 0 0 0.0201737005263567 -0.365393996238708
105 0 0 0.0197100006043911 -0.380248010158539
106 0 0 0.0192696005105972 -0.395056992769241
107 0 0 0.018852099776268 -0.409812986850739
108 0 0 0.0184569004923105 -0.42451000213623
109 0 0 0.0180830992758274 -0.439150989055634
110 0 0 0.0177298001945019 -0.453738003969193
111 0 0 0.0173959005624056 -0.468277990818024
112 0 0 0.0170802995562553 -0.482775986194611
113 0 0 0.0167820006608963 -0.497238993644714
114 0 0 0.016499899327755 -0.511672973632813
115 0 0 0.0162330996245146 -0.526085019111633
116 0 0 0.0159807000309229 -0.540480971336365
117 0 0 0.0157417003065348 -0.554862976074219
118 0 0 0.0155154000967741 -0.569238007068634
119 0 0 0.0153010003268719 -0.583608984947205
120 0 0 0.0150977000594139 -0.597977995872498
121 0 0 0.0149050001055002 -0.612348973751068
122 0 0 0.0147221004590392 -0.626722991466522
123 0 0 0.0145484004169703 -0.641102015972137
124 0 0 0.0143835004419088 -0.655488014221191
125 0 0 0.0142267998307943 -0.669880986213684
126 0 0 0.0140778003260493 -0.684283971786499
127 0 0 0.0139360995963216 -0.698695003986359
128 0 0 0.0138012003153563 -0.713117003440857
129 0 0 0.0136727001518011 -0.727550029754639
130 0 0 0.0135503001511097 -0.741993010044098
131 0 0 0.013433700427413 -0.756447017192841
132 0 0 0.0133223999291658 -0.770911991596222
133 0 0 0.0132162999361753 -0.785387992858887
134 0 0 0.0131149003282189 -0.799875974655151
135 0 0 0.013018099591136 -0.814374029636383
136 0 0 0.0129255997017026 -0.82888400554657
137 0 0 0.0128372004255652 -0.843403995037079
138 0 0 0.0127526000142097 -0.857935011386871
139 0 0 0.0126716000959277 -0.872476994991302
140 0 0 0.0125941000878811 -0.887030005455017
141 0 0 0.0125198997557163 -0.901592016220093
142 0 0 0.012448700144887 -0.916164994239807
143 0 0 0.0123805003240705 -0.930746972560883
144 0 0 0.0123150004073977 -0.945339024066925
145 0 0 0.0122522003948689 -0.959940016269684
146 0 0 0.0121919000521302 -0.974550008773804
147 0 0 0.0121339000761509 -0.989169001579285
148 0 0 0.0120783001184464 -1.00380003452301
149 0 0 0.0120246997103095 -1.01842999458313
150 5 24 0.0119733000174165 -1.03307998180389
151 0 0 0.0119236996397376 -1.04772996902466
152 0 0 0.011876099742949 -1.06238996982574
153 0 0 0.0118300998583436 -1.07705998420715
154 0 0 0.0117859002202749 -1.09172999858856
155 0 0 0.0117432996630669 -1.10642004013062
156 0 0 0.0117022003978491 -1.12109994888306
157 0 0 0.0116625996306539 -1.13580000400543
158 0 0 0.0116242999210954 -1.15050005912781
159 0 0 0.0115873999893665 -1.16521000862122
160 0 0 0.0115518001839519 -1.17992997169495
161 0 0 0.0115173999220133 -1.19465005397797
162 0 0 0.0114842001348734 -1.2093700170517
163 0 0 0.0114519996568561 -1.22411000728607
164 0 0 0.0114209996536374 -1.23884999752045
165 0 0 0.0113909002393484 -1.25358998775482
166 0 0 0.0113476999104023 -1.27570998668671
167 0 0 0.0113065000623465 -1.29785001277924
168 0 0 0.0112672997638583 -1.32000005245209
169 0 0 0.0112298997119069 -1.34214997291565
170 0 0 0.0111940996721387 -1.36432003974915
171 0 0 0.0111600998789072 -1.38650000095367
172 0 0 0.0111274998635054 -1.4086799621582
173 0 0 0.0110962996259332 -1.43087005615234
174 0 0 0.0110665997490287 -1.45308005809784
175 0 0 0.0110379997640848 -1.47528994083405
176 0 0 0.0110106999054551 -1.49749994277954
177 0 0 0.0109845995903015 -1.51972997188568
178 0 0 0.0109595004469156 -1.54196000099182
179 0 0 0.0109353996813297 -1.56420004367828
180 0 0 0.0109123000875115 -1.58643996715546
181 0 0 0.0108901001513004 -1.60869002342224
182 0 0 0.0108687998726964 -1.63094997406006
183 0 0 0.0108423000201583 -1.65990996360779
184 0 0 0.0108171002939343 -1.68886995315552
185 0 0 0.010793199762702 -1.71784996986389
186 0 0 0.0107704000547528 -1.74682998657227
187 0 0 0.0107485996559262 -1.77582001686096
188 0 0 0.0107279000803828 -1.80481994152069
189 0 0 0.0107081001624465 -1.83381998538971
190 0 0 0.0106891999021173 -1.86283004283905
191 0 0 0.0106712002307177 -1.89184999465942
192 0 0 0.0106538999825716 -1.92087996006012
193 0 0 0.0106373997405171 -1.9499100446701
194 0 0 0.0106215998530388 -1.9789400100708
195 0 0 0.0106065003201365 -2.00798010826111
196 0 0 0.0105919996276498 -2.03702998161316
197 0 0 0.0105780996382236 -2.06608009338379
198 0 0 0.0105646997690201 -2.09513998031616
199 0 0 0.0105518996715546 -2.12420010566711
200 6 24 0.0105395996943116 -2.15325999259949
201 0 0 0.0105277001857758 -2.18232989311218
202 0 0 0.0105164004489779 -2.21141004562378
203 0 0 0.0105053996667266 -2.24047994613647
204 0 0 0.0104948999360204 -2.26956009864807
205 0 0 0.0104847997426987 -2.29865002632141
206 0 0 0.0104750003665686 -2.32772994041443
207 0 0 0.0104655995965004 -2.35682010650635
208 0 0 0.0104564996436238 -2.38592004776001
209 0 0 0.0104476995766163 -2.41501998901367
210 0 0 0.0104392999783158 -2.44411993026733
211 0 0 0.0104310996830463 -2.47322010993958
212 0 0 0.0104232998564839 -2.50232005119324
213 0 0 0.0104157002642751 -2.53143000602722
214 0 0 0.0104082999750972 -2.56053996086121
215 0 0 0.0104011995717883 -2.58964991569519
216 0 0 0.0103943003341556 -2.6187698841095
217 0 0 0.0103877000510693 -2.64789009094238
218 0 0 0.010381200350821 -2.67701005935669
219 0 0 0.0103749996051192 -2.706130027771
220 0 0 0.0103689003735781 -2.7352499961853
221 0 0 0.0103631000965834 -2.76437997817993
222 0 0 0.0103574004024267 -2.79349994659424
223 0 0 0.010351900011301 -2.82262992858887
224 0 0 0.0103465998545289 -2.8517599105835
225 0 0 0.0103414002805948 -2.88089990615845
226 0 0 0.0103364000096917 -2.91002988815308
227 0 0 0.0103315003216267 -2.93916988372803
228 0 0 0.0103267999365926 -2.96830010414124
229 0 0 0.0103222001343966 -2.99744009971619
230 0 0 0.010317699983716 -3.02658009529114
231 0 0 0.010313400067389 -3.05573010444641
232 0 0 0.0103091998025775 -3.08487010002136
233 0 0 0.010305100120604 -3.11401009559631
234 0 0 0.0103011000901461 -3.14316010475159
235 0 0 0.0102971997112036 -3.17231011390686
236 0 0 0.0102933999150991 -3.20145010948181
237 0 0 0.0102898003533483 -3.23060011863708
238 0 0 0.0102861998602748 -3.25974988937378
239 0 0 0.0102826999500394 -3.28890991210938
240 0 0 0.0102792996913195 -3.31805992126465
241 0 0 0.0102760000154376 -3.34720993041992
242 0 0 0.0102727999910712 -3.37636995315552
243 0 0 0.0102695999667048 -3.40551996231079
244 0 0 0.010266600176692 -3.43467998504639
245 0 0 0.0102636003866792 -3.46384000778198
246 0 0 0.0102607002481818 -3.49300003051758
247 0 0 0.0102578997612 -3.52216005325317
248 0 0 0.0102551002055407 -3.55132007598877
249 0 0 0.0102524003013968 -3.58048009872437
250 7 24 0.0102498000487685 -3.60963988304138
251 0 0 0.0102471997961402 -3.63879990577698
252 0 0 0.0102447001263499 -3.6679699420929
253 0 0 0.0102422004565597 -3.69712996482849
254 0 0 0.0102398004382849 -3.72630000114441
255 0 0 0.0102375000715256 -3.75546002388
256 0 0 0.0102351997047663 -3.78463006019592
257 0 0 0.010232999920845 -3.81380009651184
258 0 0 0.0102308001369238 -3.84296989440918
259 0 0 0.010228700004518 -3.87212991714478
260 0 0 0.0102265998721123 -3.90129995346069
261 0 0 0.0102244997397065 -3.93046998977661
262 0 0 0.0102225001901388 -3.95964002609253
263 0 0 0.0102206002920866 -3.98882007598877
264 0 0 0.0102187003940344 -4.01799011230469
265 0 0 0.0102167995646596 -4.04716014862061
266 0 0 0.0102150002494454 -4.07633018493652
267 0 0 0.0102132000029087 -4.10551023483276
268 0 0 0.010211399756372 -4.13467979431152
269 0 0 0.0102097000926733 -4.16385984420776
270 0 0 0.0102080004289746 -4.19302988052368
271 0 0 0.0102064004167914 -4.22220993041992
272 0 0 0.0102048004046082 -4.25137996673584
273 0 0 0.0102032003924251 -4.28056001663208
274 0 0 0.0102016003802419 -4.30974006652832
275 0 0 0.0102001000195742 -4.33891010284424
276 0 0 0.0101985996589065 -4.36809015274048
277 0 0 0.0101971998810768 -4.39727020263672
278 0 0 0.0101958001032472 -4.4264497756958
279 0 0 0.0101944003254175 -4.45562982559204
280 0 0 0.0101929996162653 -4.48480987548828
281 0 0 0.0101915998384356 -4.51398992538452
282 0 0 0.0101902997121215 -4.54316997528076
283 0 0 0.0101889995858073 -4.572350025177
284 0 0 0.0101877003908157 -4.60153007507324
285 0 0 0.0101864999160171 -4.63071012496948
286 0 0 0.010185300372541 -4.65989017486572
287 0 0 0.0101840998977423 -4.68908023834229
288 0 0 0.0101829003542662 -4.71825981140137
289 0 0 0.0101816998794675 -4.74743986129761
290 0 0 0.0101805999875069 -4.77662992477417
291 0 0 0.0101795000955462 -4.80580997467041
292 0 0 0.0101784002035856 -4.83499002456665
293 0 0 0.010177300311625 -4.86418008804321
294 0 0 0.0101763000711799 -4.89336013793945
295 0 0 0.0101752001792192 -4.92255020141602
296 0 0 0.0101741999387741 -4.9517297744751
297 0 0 0.010173199698329 -4.98091983795166
298 0 0 0.0101722003892064 -5.01010990142822
299 0 0 0.0101712001487613 -5.03928995132446
300 8 24 0.0101702995598316 -5.06848001480103
301 0 0 0.0101693999022245 -5.09767007827759
302 0 0 0.0101683996617794 -5.12685012817383
303 0 0 0.0101675000041723 -5.15604019165039
304 0 0 0.0101666003465652 -5.18522977828979
305 0 0 0.0101658003404737 -5.21440982818604
306 0 0 0.010164899751544 -5.2435998916626
307 0 0 0.0101640997454524 -5.27278995513916
308 0 0 0.0101632000878453 -5.30198001861572
309 0 0 0.0101624000817537 -5.33117008209229
310 0 0 0.0101616000756621 -5.36036014556885
311 0 0 0.0101608000695705 -5.38955020904541
312 0 0 0.0101600000634789 -5.41873979568481
313 0 0 0.0101592997089028 -5.44792985916138
314 0 0 0.0101584997028112 -5.47711992263794
315 0 0 0.0101578002795577 -5.5063099861145
316 0 0 0.0101570999249816 -5.53550004959106
317 0 0 0.01015629991889 -5.56469011306763
318 0 0 0.0101555995643139 -5.59388017654419
319 0 0 0.0101549001410604 -5.62306976318359
320 0 0 0.0101541997864842 -5.65225982666016
321 0 0 0.0101536000147462 -5.68144989013672
322 0 0 0.0101528996601701 -5.71063995361328
323 0 0 0.010152299888432 -5.73984003067017
324 0 0 0.0101516004651785 -5.76903009414673
325 0 0 0.0101509997621179 -5.79822015762329
326 0 0 0.0101503003388643 -5.82741022109985
327 0 0 0.0101496996358037 -5.85660982131958
328 0 0 0.0101490998640656 -5.88579988479614
329 0 0 0.0101485000923276 -5.91498994827271
330 0 0 0.0101479003205895 -5.94418001174927
331 0 0 0.010147400200367 -5.97338008880615
332 0 0 0.0101468004286289 -6.00257015228271
333 0 0 0.0101461997255683 -6.03176021575928
334 0 0 0.0101456996053457 -6.060959815979
335 0 0 0.0101450998336077 -6.09014987945557
336 0 0 0.0101445997133851 -6.11934995651245
337 0 0 0.0101439999416471 -6.14854001998901
338 0 0 0.0101434998214245 -6.1777400970459
339 0 0 0.0101429997012019 -6.20693016052246
340 0 0 0.0101424995809793 -6.23612022399902
341 0 0 0.0101420003920794 -6.26531982421875
342 0 0 0.0101415002718568 -6.29450988769531
343 0 0 0.0101410001516342 -6.3237099647522
344 0 0 0.0101405000314116 -6.35290002822876
345 0 0 0.0101399999111891 -6.38210010528564
346 0 0 0.0101396003738046 -6.41130018234253
347 0 0 0.010139100253582 -6.44048976898193
348 0 0 0.0101386997848749 -6.46968984603882
349 0 0 0.0101381996646523 -6.49887990951538
350 9 24 0.0101378001272678 -6.52807998657227
351 0 0 0.0101373000070453 -6.55728006362915
352 0 0 0.0101368995383382 -6.58647012710571
353 0 0 0.0101365000009537 -6.6156702041626
354 0 0 0.0101359998807311 -6.64486980438232
355 0 0 0.0101356003433466 -6.67405986785889
356 0 0 0.0101351998746395 -6.70325994491577
357 0 0 0.010134800337255 -6.73246002197266
358 0 0 0.0101343998685479 -6.76165008544922
359 0 0 0.0101340003311634 -6.7908501625061
360 0 0 0.0101335998624563 -6.82004976272583
361 0 0 0.0101332003250718 -6.84923982620239
362 0 0 0.0101329004392028 -6.87843990325928
363 0 0 0.0101324999704957 -6.90763998031616
364 0 0 0.0101321004331112 -6.93684005737305
365 0 0 0.0101316999644041 -6.96604013442993
366 0 0 0.0101314000785351 -6.99523019790649
367 0 0 0.010130999609828 -7.02442979812622
368 0 0 0.010130699723959 -7.05362987518311
369 0 0 0.0101303001865745 -7.08282995223999
370 0 0 0.0101300003007054 -7.11203002929688
371 0 0 0.0101295998319983 -7.14122009277344
372 0 0 0.0101292999461293 -7.17042016983032
373 0 0 0.0101290000602603 -7.19961977005005
374 0 0 0.0101285995915532 -7.22881984710693
375 0 0 0.0101282997056842 -7.25801992416382
376 0 0 0.0101279998198152 -7.2872200012207
377 0 0 0.0101276999339461 -7.31642007827759
378 0 0 0.0101274000480771 -7.34562015533447
379 0 0 0.0101271001622081 -7.37481021881104
380 0 0 0.0101268002763391 -7.40400981903076
381 0 0 0.01012650039047 -7.43320989608765
382 0 0 0.0101261995732784 -7.46240997314453
383 0 0 0.0101258996874094 -7.49161005020142
384 0 0 0.0101255998015404 -7.5208101272583
385 0 0 0.0101252999156713 -7.55001020431519
386 0 0 0.0101250000298023 -7.57920980453491
387 0 0 0.0101247001439333 -7.6084098815918
388 0 0 0.0101244999095798 -7.63760995864868
389 0 0 0.0101242000237107 -7.66681003570557
390 0 0 0.0101239001378417 -7.69601011276245
391 0 0 0.0101236002519727 -7.72521018981934
392 0 0 0.0101234000176191 -7.75440979003906
393 0 0 0.0101231001317501 -7.78360986709595
394 0 0 0.0101228998973966 -7.81280994415283
395 0 0 0.0101226000115275 -7.84201002120972
396 0 0 0.0101223001256585 -7.8712100982666
397 0 0 0.010122099891305 -7.90041017532349
398 0 0 0.0101218000054359 -7.92960977554321
399 0 0 0.0101215997710824 -7.95881986618042
400 10 24 0.0101213995367289 -7.9880199432373
401 0 0 0.0101210996508598 -8.01721954345703
402 0 0 0.0101209003478289 -8.04642009735107
403 0 0 0.0101206004619598 -8.0756196975708
404 0 0 0.0101204002276063 -8.10482025146484
405 0 0 0.0101201999932528 -8.13401985168457
406 0 0 0.0101199997588992 -8.16322040557861
407 0 0 0.0101196998730302 -8.19242000579834
408 0 0 0.0101194996386766 -8.22161960601807
409 0 0 0.0101193003356457 -8.25082969665527
410 0 0 0.0101191001012921 -8.28003025054932
411 0 0 0.0101188998669386 -8.30922985076904
412 0 0 0.0101185999810696 -8.33843040466309
413 0 0 0.010118399746716 -8.36763000488281
414 0 0 0.0101182004436851 -8.39682960510254
415 0 0 0.0101180002093315 -8.42603969573975
416 0 0 0.010117799974978 -8.45524024963379
417 0 0 0.0101175997406244 -8.48443984985352
418 0 0 0.0101174004375935 -8.51364040374756
419 0 0 0.0101172002032399 -8.54284000396729
420 0 0 0.0101169999688864 -8.57205009460449
421 0 0 0.0101167997345328 -8.60124969482422
422 0 0 0.0101166004315019 -8.63045024871826
423 0 0 0.0101164001971483 -8.65964984893799
424 0 0 0.0101162996143103 -8.68885040283203
425 0 0 0.0101161003112793 -8.71805953979492
426 0 0 0.0101159000769258 -8.74726009368896
427 0 0 0.0101156998425722 -8.77645969390869
428 0 0 0.0101154996082187 -8.80566024780273
429 0 0 0.0101153003051877 -8.83487033843994
430 0 0 0.0101151997223496 -8.86406993865967
431 0 0 0.0101150004193187 -8.89326953887939
432 0 0 0.0101148001849651 -8.92247009277344
433 0 0 0.0101145999506116 -8.95168018341064
434 0 0 0.0101145002990961 -8.98087978363037
435 0 0 0.0101143000647426 -9.01008033752441
436 0 0 0.010114099830389 -9.03927993774414
437 0 0 0.0101140001788735 -9.06849002838135
438 0 0 0.01011379994452 -9.09768962860107
439 0 0 0.0101135997101665 -9.12689018249512
440 0 0 0.010113500058651 -9.15610027313232
441 0 0 0.0101132998242974 -9.18529987335205
442 0 0 0.0101132001727819 -9.21450042724609
443 0 0 0.0101129999384284 -9.24370956420898
444 0 0 0.0101129002869129 -9.27291011810303
445 0 0 0.0101127000525594 -9.30210971832275
446 0 0 0.0101124998182058 -9.33131980895996
447 0 0 0.0101124001666903 -9.360520362854
448 0 0 0.0101121999323368 -9.38971996307373
449 0 0 0.0101121002808213 -9.41893005371094
450 11 24 0.0101119996979833 -9.44812965393066
451 0 0 0.0101118003949523 -9.47733020782471
452 0 0 0.0101116998121142 -9.50654029846191
453 0 0 0.0101114995777607 -9.53573989868164
454 0 0 0.0101113999262452 -9.56494045257568
455 0 0 0.0101111996918917 -9.59414958953857
456 0 0 0.0101111000403762 -9.62335014343262
457 0 0 0.0101110003888607 -9.65254974365234
458 0 0 0.0101108001545072 -9.68175983428955
459 0 0 0.0101106995716691 -9.71096038818359
460 0 0 0.0101105999201536 -9.74016952514648
461 0 0 0.0101103996858001 -9.76937007904053
462 0 0 0.0101103000342846 -9.79856967926025
463 0 0 0.0101102003827691 -9.82777976989746
464 0 0 0.0101100001484156 -9.8569803237915
465 0 0 0.0101098995655775 -9.88619041442871
466 0 0 0.010109799914062 -9.91539001464844
467 0 0 0.0101097002625465 -9.94458961486816
468 0 0 0.010109500028193 -9.97379970550537
469 0 0 0.0101094003766775 -10.0030002593994
470 0 0 0.0101092997938395 -10.0321998596191
471 0 0 0.010109200142324 -10.0614004135132
472 0 0 0.0101089999079704 -10.0906000137329
473 0 0 0.0101089002564549 -10.1197996139526
474 0 0 0.0101087996736169 -10.1490001678467
475 0 0 0.0101087000221014 -10.1781997680664
476 0 0 0.0101086003705859 -10.2074003219604
477 0 0 0.0101084997877479 -10.2365999221802
478 0 0 0.0101082995533943 -10.2658004760742
479 0 0 0.0101081999018788 -10.2950000762939
480 0 0 0.0101081002503633 -10.3242998123169
481 0 0 0.0101079996675253 -10.3535003662109
482 0 0 0.0101079000160098 -10.3826999664307
483 0 0 0.0101078003644943 -10.4118995666504
484 0 0 0.0101076997816563 -10.4411001205444
485 0 0 0.0101076001301408 -10.4702997207642
486 0 0 0.0101074995473027 -10.4995002746582
487 0 0 0.0101073998957872 -10.5286998748779
488 0 0 0.0101073002442718 -10.557900428772
489 0 0 0.0101071996614337 -10.5871000289917
490 0 0 0.0101071000099182 -10.6162996292114
491 0 0 0.0101068997755647 -10.6455001831055
492 0 0 0.0101068001240492 -10.6746997833252
493 0 0 0.0101066995412111 -10.7039003372192
494 0 0 0.0101065998896956 -10.733099937439
495 0 0 0.0101065002381802 -10.7622995376587
496 0 0 0.0101063996553421 -10.7915000915527
497 0 0 0.0101063996553421 -10.8206996917725
498 0 0 0.0101063000038266 -10.8499002456665
499 0 0 0.0101062003523111 -10.8790998458862
500 12 24 0.0101060997694731 -10.9083003997803
501 0 0 0.0101060001179576 -10.9376001358032
502 0 0 0.0101058995351195 -10.9667997360229
503 0 0 0.010105799883604 -10.996000289917
504 0 0 0.0101057002320886 -11.0251998901367
505 0 0 0.0101055996492505 -11.0544004440308
506 0 0 0.010105499997735 -11.0836000442505
507 0 0 0.0101054003462195 -11.1127996444702
508 0 0 0.0101052997633815 -11.1420001983643
509 0 0 0.010105200111866 -11.171199798584
510 0 0 0.010105200111866 -11.200400352478
511 0 0 0.0101051004603505 -11.2295999526978
512 0 0 0.0101049998775125 -11.2587995529175
513 0 0 0.010104900225997 -11.2880001068115
514 0 0 0.0101047996431589 -11.3171997070313
515 0 0 0.0101046999916434 -11.3464002609253
516 0 0 0.0101046003401279 -11.375599861145
517 0 0 0.0101046003401279 -11.4048004150391
518 0 0 0.0101044997572899 -11.4340000152588
519 0 0 0.0101044001057744 -11.4631996154785
520 0 0 0.0101043004542589 -11.4925003051758
521 0 0 0.0101041998714209 -11.5216999053955
522 0 0 0.0101041998714209 -11.5509004592896
523 0 0 0.0101041002199054 -11.5801000595093
524 0 0 0.0101039996370673 -11.609299659729
525 0 0 0.0101038999855518 -11.638500213623
526 0 0 0.0101038003340364 -11.6676998138428
527 0 0 0.0101038003340364 -11.6969003677368
528 0 0 0.0101036997511983 -11.7260999679565
529 0 0 0.0101036000996828 -11.7552995681763
530 0 0 0.0101035004481673 -11.7845001220703
531 0 0 0.0101035004481673 -11.81369972229
532 0 0 0.0101033998653293 -11.8429002761841
533 0 0 0.0101033002138138 -11.8720998764038
534 0 0 0.0101031996309757 -11.9013004302979
535 0 0 0.0101031996309757 -11.9305000305176
536 0 0 0.0101030999794602 -11.9596996307373
537 0 0 0.0101030003279448 -11.9890003204346
538 0 0 0.0101028997451067 -12.0181999206543
539 0 0 0.0101028997451067 -12.0474004745483
540 0 0 0.0101028000935912 -12.0766000747681
541 0 0 0.0101027004420757 -12.1057996749878
542 0 0 0.0101027004420757 -12.1350002288818
543 0 0 0.0101025998592377 -12.1641998291016
544 0 0 0.0101025002077222 -12.1934003829956
545 0 0 0.0101025002077222 -12.2225999832153
546 0 0 0.0101023996248841 -12.2517995834351
547 0 0 0.0101022999733686 -12.2810001373291
548 0 0 0.0101022999733686 -12.3101997375488
549 0 0 0.0101022003218532 -12.3394002914429
550 13 24 0.0101020997390151 -12.3685998916626
551 0 0 0.0101020997390151 -12.3978004455566
552 0 0 0.0101020000874996 -12.4270000457764
553 0 0 0.0101019004359841 -12.4562997817993
554 0 0 0.0101019004359841 -12.4855003356934
555 0 0 0.0101017998531461 -12.5146999359131
556 0 0 0.0101017998531461 -12.5438995361328
557 0 0 0.0101017002016306 -12.5731000900269
558 0 0 0.0101015996187925 -12.6022996902466
559 0 0 0.0101015996187925 -12.6315002441406
560 0 0 0.0101014999672771 -12.6606998443604
561 0 0 0.0101014003157616 -12.6899003982544
562 0 0 0.0101014003157616 -12.7190999984741
563 0 0 0.0101012997329235 -12.7482995986938
564 0 0 0.0101012997329235 -12.7775001525879
565 0 0 0.010101200081408 -12.8066997528076
566 0 0 0.010101200081408 -12.8359003067017
567 0 0 0.0101011004298925 -12.8650999069214
568 0 0 0.0101009998470545 -12.8943004608154
569 0 0 0.0101009998470545 -12.9236001968384
570 0 0 0.010100900195539 -12.9527997970581
571 0 0 0.010100900195539 -12.9820003509521
572 0 0 0.0101007996127009 -13.0111999511719
573 0 0 0.0101007996127009 -13.0403995513916
574 0 0 0.0101006999611855 -13.0696001052856
575 0 0 0.01010060030967 -13.0987997055054
576 0 0 0.01010060030967 -13.1280002593994
577 0 0 0.0101004997268319 -13.1571998596191
578 0 0 0.0101004997268319 -13.1864004135132
579 0 0 0.0101004000753164 -13.2156000137329
580 0 0 0.0101004000753164 -13.2447996139526
581 0 0 0.0101003004238009 -13.2740001678467
582 0 0 0.0101003004238009 -13.3031997680664
583 0 0 0.0101001998409629 -13.3324003219604
584 0 0 0.0101001998409629 -13.3617000579834
585 0 0 0.0101001001894474 -13.3908996582031
586 0 0 0.0101001001894474 -13.4201002120972
587 0 0 0.0100999996066093 -13.4492998123169
588 0 0 0.0100999996066093 -13.4785003662109
589 0 0 0.0100998999550939 -13.5076999664307
590 0 0 0.0100998999550939 -13.5368995666504
591 0 0 0.0100998003035784 -13.5661001205444
592 0 0 0.0100998003035784 -13.5952997207642
593 0 0 0.0100996997207403 -13.6245002746582
594 0 0 0.0100996997207403 -13.6536998748779
595 0 0 0.0100996000692248 -13.682900428772
596 0 0 0.0100996000692248 -13.7121000289917
597 0 0 0.0100995004177094 -13.7412996292114
598 0 0 0.0100995004177094 -13.7706003189087
599 0 0 0.0100993998348713 -13.7997999191284
600 14 24 0.0100993998348713 -13.8290004730225
601 0 0 0.0100993001833558 -13.8582000732422
602 0 0 0.0100993001833558 -13.8873996734619
603 0 0 0.0100991996005177 -13.916600227356
604 0 0 0.0100991996005177 -13.9457998275757
605 0 0 0.0100991996005177 -13.9750003814697
606 0 0 0.0100990999490023 -14.0041999816895
607 0 0 0.0100990999490023 -14.0333995819092
608 0 0 0.0100990002974868 -14.0626001358032
609 0 0 0.0100990002974868 -14.0917997360229
610 0 0 0.0100988997146487 -14.121000289917
611 0 0 0.0100988997146487 -14.1501998901367
612 0 0 0.0100988000631332 -14.1794004440308
613 0 0 0.0100988000631332 -14.2087001800537
614 0 0 0.0100988000631332 -14.2378997802734
615 0 0 0.0100987004116178 -14.2671003341675
616 0 0 0.0100987004116178 -14.2962999343872
617 0 0 0.0100985998287797 -14.3254995346069
618 0 0 0.0100985998287797 -14.354700088501
619 0 0 0.0100985998287797 -14.3838996887207
620 0 0 0.0100985001772642 -14.4131002426147
621 0 0 0.0100985001772642 -14.4422998428345
622 0 0 0.0100983995944262 -14.4715003967285
623 0 0 0.0100983995944262 -14.5006999969482
624 0 0 0.0100982999429107 -14.529899597168
625 0 0 0.0100982999429107 -14.559100151062
626 0 0 0.0100982999429107 -14.588399887085
627 0 0 0.0100982002913952 -14.617600440979
628 0 0 0.0100982002913952 -14.6468000411987
629 0 0 0.0100982002913952 -14.6759996414185
630 0 0 0.0100980997085571 -14.7052001953125
631 0 0 0.0100980997085571 -14.7343997955322
632 0 0 0.0100980000570416 -14.7636003494263
633 0 0 0.0100980000570416 -14.792799949646
634 0 0 0.0100980000570416 -14.8219995498657
635 0 0 0.0100979004055262 -14.8512001037598
636 0 0 0.0100979004055262 -14.8803997039795
637 0 0 0.0100977998226881 -14.9096002578735
638 0 0 0.0100977998226881 -14.9387998580933
639 0 0 0.0100977998226881 -14.9680004119873
640 0 0 0.0100977001711726 -14.9973001480103
641 0 0 0.0100977001711726 -15.02649974823
642 0 0 0.0100977001711726 -15.055700302124
643 0 0 0.0100975995883346 -15.0848999023438
644 0 0 0.0100975995883346 -15.1141004562378
645 0 0 0.0100975995883346 -15.1433000564575
646 0 0 0.0100974999368191 -15.1724996566772
647 0 0 0.0100974999368191 -15.2017002105713
648 0 0 0.0100974999368191 -15.230899810791
649 0 0 0.0100974002853036 -15.2601003646851
650 15 24 0.0100974002853036 -15.2892999649048
651 0 0 0.0100974002853036 -15.3184995651245
652 0 0 0.0100972997024655 -15.3477001190186
653 0 0 0.0100972997024655 -15.3769998550415
654 0 0 0.0100972000509501 -15.4062004089355
655 0 0 0.0100972000509501 -15.4354000091553
656 0 0 0.0100972000509501 -15.464599609375
657 0 0 0.0100971003994346 -15.493800163269
658 0 0 0.0100971003994346 -15.5229997634888
659 0 0 0.0100971003994346 -15.5522003173828
660 0 0 0.0100971003994346 -15.5813999176025
661 0 0 0.0100969998165965 -15.6106004714966
662 0 0 0.0100969998165965 -15.6398000717163
663 0 0 0.0100969998165965 -15.668999671936
664 0 0 0.010096900165081 -15.6982002258301
665 0 0 0.010096900165081 -15.7273998260498
666 0 0 0.010096900165081 -15.7566995620728
667 0 0 0.010096799582243 -15.7859001159668
668 0 0 0.010096799582243 -15.8150997161865
669 0 0 0.010096799582243 -15.8443002700806
670 0 0 0.0100966999307275 -15.8734998703003
671 0 0 0.0100966999307275 -15.9027004241943
672 0 0 0.0100966999307275 -15.9319000244141
673 0 0 0.010096600279212 -15.9610996246338
674 0 0 0.010096600279212 -15.9903001785278
675 0 0 0.010096600279212 -16.0195007324219
676 0 0 0.010096600279212 -16.0487003326416
677 0 0 0.0100964996963739 -16.0778999328613
678 0 0 0.0100964996963739 -16.1070995330811
679 0 0 0.0100964996963739 -16.1364002227783
680 0 0 0.0100964000448585 -16.165599822998
681 0 0 0.0100964000448585 -16.1947994232178
682 0 0 0.0100964000448585 -16.2240009307861
683 0 0 0.010096300393343 -16.2532005310059
684 0 0 0.010096300393343 -16.2824001312256
685 0 0 0.010096300393343 -16.3115997314453
686 0 0 0.010096300393343 -16.340799331665
687 0 0 0.0100961998105049 -16.3700008392334
688 0 0 0.0100961998105049 -16.3992004394531
689 0 0 0.0100961998105049 -16.4284000396729
690 0 0 0.0100961998105049 -16.4575996398926
691 0 0 0.0100961001589894 -16.4867992401123
692 0 0 0.0100961001589894 -16.5160999298096
693 0 0 0.0100961001589894 -16.5452995300293
694 0 0 0.0100959995761514 -16.574499130249
695 0 0 0.0100959995761514 -16.6037006378174
696 0 0 0.0100959995761514 -16.6329002380371
697 0 0 0.0100959995761514 -16.6620998382568
698 0 0 0.0100958999246359 -16.6912994384766
699 0 0 0.0100958999246359 -16.7205009460449
700 16 24 0.0100958999246359 -16.7497005462646
701 0 0 0.0100958999246359 -16.7789001464844
702 0 0 0.0100958002731204 -16.8080997467041
703 0 0 0.0100958002731204 -16.8372993469238
704 0 0 0.0100958002731204 -16.8665008544922
705 0 0 0.0100958002731204 -16.8957996368408
706 0 0 0.0100956996902823 -16.9249992370605
707 0 0 0.0100956996902823 -16.9542007446289
708 0 0 0.0100956996902823 -16.9834003448486
709 0 0 0.0100956996902823 -17.0125999450684
710 0 0 0.0100956000387669 -17.0417995452881
711 0 0 0.0100956000387669 -17.0709991455078
712 0 0 0.0100956000387669 -17.1002006530762
713 0 0 0.0100956000387669 -17.1294002532959
714 0 0 0.0100955003872514 -17.1585998535156
715 0 0 0.0100955003872514 -17.1877994537354
716 0 0 0.0100955003872514 -17.2169990539551
717 0 0 0.0100955003872514 -17.2462997436523
718 0 0 0.0100953998044133 -17.2754993438721
719 0 0 0.0100953998044133 -17.3047008514404
720 0 0 0.0100953998044133 -17.3339004516602
721 0 0 0.0100953998044133 -17.3631000518799
722 0 0 0.0100953001528978 -17.3922996520996
723 0 0 0.0100953001528978 -17.4214992523193
724 0 0 0.0100953001528978 -17.4507007598877
725 0 0 0.0100953001528978 -17.4799003601074
726 0 0 0.0100951995700598 -17.5090999603271
727 0 0 0.0100951995700598 -17.5382995605469
728 0 0 0.0100951995700598 -17.5674991607666
729 0 0 0.0100951995700598 -17.5967998504639
730 0 0 0.0100951995700598 -17.6259994506836
731 0 0 0.0100950999185443 -17.6551990509033
732 0 0 0.0100950999185443 -17.6844005584717
733 0 0 0.0100950999185443 -17.7136001586914
734 0 0 0.0100950999185443 -17.7427997589111
735 0 0 0.0100950002670288 -17.7719993591309
736 0 0 0.0100950002670288 -17.8012008666992
737 0 0 0.0100950002670288 -17.8304004669189
738 0 0 0.0100950002670288 -17.8596000671387
739 0 0 0.0100950002670288 -17.8887996673584
740 0 0 0.0100948996841908 -17.9179992675781
741 0 0 0.0100948996841908 -17.9472007751465
742 0 0 0.0100948996841908 -17.9764995574951
743 0 0 0.0100948996841908 -18.0056991577148
744 0 0 0.0100948996841908 -18.0349006652832
745 0 0 0.0100948000326753 -18.0641002655029
746 0 0 0.0100948000326753 -18.0932998657227
747 0 0 0.0100948000326753 -18.1224994659424
748 0 0 0.0100948000326753 -18.1516990661621
749 0 0 0.0100948000326753 -18.1809005737305
750 17 24 0.0100947003811598 -18.2101001739502
751 0 0 0.0100947003811598 -18.2392997741699
752 0 0 0.0100947003811598 -18.2684993743896
753 0 0 0.0100947003811598 -18.297700881958
754 0 0 0.0100945997983217 -18.3269996643066
755 0 0 0.0100945997983217 -18.3561992645264
756 0 0 0.0100945997983217 -18.3854007720947
757 0 0 0.0100945997983217 -18.4146003723145
758 0 0 0.0100945997983217 -18.4437999725342
759 0 0 0.0100945997983217 -18.4729995727539
760 0 0 0.0100945001468062 -18.5021991729736
761 0 0 0.0100945001468062 -18.531400680542
762 0 0 0.0100945001468062 -18.5606002807617
763 0 0 0.0100945001468062 -18.5897998809814
764 0 0 0.0100945001468062 -18.6189994812012
765 0 0 0.0100943995639682 -18.6481990814209
766 0 0 0.0100943995639682 -18.6774997711182
767 0 0 0.0100943995639682 -18.7066993713379
768 0 0 0.0100943995639682 -18.7359008789063
769 0 0 0.0100943995639682 -18.765100479126
770 0 0 0.0100942999124527 -18.7943000793457
771 0 0 0.0100942999124527 -18.8234996795654
772 0 0 0.0100942999124527 -18.8526992797852
773 0 0 0.0100942999124527 -18.8819007873535
774 0 0 0.0100942999124527 -18.9111003875732
775 0 0 0.0100942999124527 -18.940299987793
776 0 0 0.0100942002609372 -18.9694995880127
777 0 0 0.0100942002609372 -18.9986991882324
778 0 0 0.0100942002609372 -19.0279998779297
779 0 0 0.0100942002609372 -19.0571994781494
780 0 0 0.0100942002609372 -19.0863990783691
781 0 0 0.0100940996780992 -19.1156005859375
782 0 0 0.0100940996780992 -19.1448001861572
783 0 0 0.0100940996780992 -19.173999786377
784 0 0 0.0100940996780992 -19.2031993865967
785 0 0 0.0100940996780992 -19.232400894165
786 0 0 0.0100940996780992 -19.2616004943848
787 0 0 0.0100940000265837 -19.2908000946045
788 0 0 0.0100940000265837 -19.3199996948242
789 0 0 0.0100940000265837 -19.3491992950439
790 0 0 0.0100940000265837 -19.3784999847412
791 0 0 0.0100940000265837 -19.4076995849609
792 0 0 0.0100940000265837 -19.4368991851807
793 0 0 0.0100939003750682 -19.466100692749
794 0 0 0.0100939003750682 -19.4953002929688
795 0 0 0.0100939003750682 -19.5244998931885
796 0 0 0.0100939003750682 -19.5536994934082
797 0 0 0.0100939003750682 -19.5828990936279
798 0 0 0.0100939003750682 -19.6121006011963
799 0 0 0.0100937997922301 -19.641300201416
800 18 24 0.0100937997922301 -19.6704998016357
801 0 0 0.0100937997922301 -19.699800491333
802 0 0 0.0100937997922301 -19.7290000915527
803 0 0 0.0100937997922301 -19.7581996917725
804 0 0 0.0100937997922301 -19.7873992919922
805 0 0 0.0100937001407146 -19.8166007995605
806 0 0 0.0100937001407146 -19.8458003997803
807 0 0 0.0100937001407146 -19.875
808 0 0 0.0100937001407146 -19.9041996002197
809 0 0 0.0100937001407146 -19.9333992004395
810 0 0 0.0100937001407146 -19.9626007080078
811 0 0 0.0100937001407146 -19.9918003082275
812 0 0 0.0100935995578766 -20.0209999084473
813 0 0 0.0100935995578766 -20.0503005981445
814 0 0 0.0100935995578766 -20.0795001983643
815 0 0 0.0100935995578766 -20.108699798584
816 0 0 0.0100935995578766 -20.1378993988037
817 0 0 0.0100935995578766 -20.1671009063721
818 0 0 0.0100934999063611 -20.1963005065918
819 0 0 0.0100934999063611 -20.2255001068115
820 0 0 0.0100934999063611 -20.2546997070313
821 0 0 0.0100934999063611 -20.283899307251
822 0 0 0.0100934999063611 -20.3131008148193
823 0 0 0.0100934999063611 -20.3423004150391
824 0 0 0.0100934999063611 -20.3715000152588
825 0 0 0.0100934002548456 -20.4008007049561
826 0 0 0.0100934002548456 -20.4300003051758
827 0 0 0.0100934002548456 -20.4591999053955
828 0 0 0.0100934002548456 -20.4883995056152
829 0 0 0.0100934002548456 -20.517599105835
830 0 0 0.0100934002548456 -20.5468006134033
831 0 0 0.0100934002548456 -20.576000213623
832 0 0 0.0100932996720076 -20.6051998138428
833 0 0 0.0100932996720076 -20.6343994140625
834 0 0 0.0100932996720076 -20.6636009216309
835 0 0 0.0100932996720076 -20.6928005218506
836 0 0 0.0100932996720076 -20.7220993041992
837 0 0 0.0100932996720076 -20.7513008117676
838 0 0 0.0100932996720076 -20.7805004119873
839 0 0 0.0100932000204921 -20.809700012207
840 0 0 0.0100932000204921 -20.8388996124268
841 0 0 0.0100932000204921 -20.8680992126465
842 0 0 0.0100932000204921 -20.8973007202148
843 0 0 0.0100932000204921 -20.9265003204346
844 0 0 0.0100932000204921 -20.9556999206543
845 0 0 0.0100932000204921 -20.984899520874
846 0 0 0.0100932000204921 -21.0140991210938
847 0 0 0.0100931003689766 -21.0433006286621
848 0 0 0.0100931003689766 -21.0725994110107
849 0 0 0.0100931003689766 -21.1018009185791
850 19 24 0.0100931003689766 -21.1310005187988
851 0 0 0.0100931003689766 -21.1602001190186
852 0 0 0.0100931003689766 -21.1893997192383
853 0 0 0.0100931003689766 -21.218599319458
854 0 0 0.0100929997861385 -21.2478008270264
855 0 0 0.0100929997861385 -21.2770004272461
856 0 0 0.0100929997861385 -21.3062000274658
857 0 0 0.0100929997861385 -21.3353996276855
858 0 0 0.0100929997861385 -21.3645992279053
859 0 0 0.0100929997861385 -21.3938999176025
860 0 0 0.0100929997861385 -21.4230995178223
861 0 0 0.0100929997861385 -21.452299118042
862 0 0 0.0100929001346231 -21.4815006256104
863 0 0 0.0100929001346231 -21.5107002258301
864 0 0 0.0100929001346231 -21.5398998260498
865 0 0 0.0100929001346231 -21.5690994262695
866 0 0 0.0100929001346231 -21.5983009338379
867 0 0 0.0100929001346231 -21.6275005340576
868 0 0 0.0100929001346231 -21.6567001342773
869 0 0 0.0100929001346231 -21.6858997344971
870 0 0 0.010092799551785 -21.7152004241943
871 0 0 0.010092799551785 -21.7444000244141
872 0 0 0.010092799551785 -21.7735996246338
873 0 0 0.010092799551785 -21.8027992248535
874 0 0 0.010092799551785 -21.8320007324219
875 0 0 0.010092799551785 -21.8612003326416
876 0 0 0.010092799551785 -21.8903999328613
877 0 0 0.010092799551785 -21.9195995330811
878 0 0 0.010092799551785 -21.9487991333008
879 0 0 0.0100926999002695 -21.9780006408691
880 0 0 0.0100926999002695 -22.0072002410889
881 0 0 0.0100926999002695 -22.0363998413086
882 0 0 0.0100926999002695 -22.0657005310059
883 0 0 0.0100926999002695 -22.0949001312256
884 0 0 0.0100926999002695 -22.1240997314453
885 0 0 0.0100926999002695 -22.153299331665
886 0 0 0.0100926999002695 -22.1825008392334
887 0 0 0.0100926999002695 -22.2117004394531
888 0 0 0.010092600248754 -22.2409000396729
889 0 0 0.010092600248754 -22.2700996398926
890 0 0 0.010092600248754 -22.2992992401123
891 0 0 0.010092600248754 -22.3285007476807
892 0 0 0.010092600248754 -22.3577003479004
893 0 0 0.010092600248754 -22.386999130249
894 0 0 0.010092600248754 -22.4162006378174
895 0 0 0.010092600248754 -22.4454002380371
896 0 0 0.010092600248754 -22.4745998382568
897 0 0 0.010092499665916 -22.5037994384766
898 0 0 0.010092499665916 -22.5330009460449
899 0 0 0.010092499665916 -22.5622005462646
900 20 24 0.010092499665916 -22.5914001464844
901 0 0 0.010092499665916 -22.6205997467041
902 0 0 0.010092499665916 -22.6497993469238
903 0 0 0.010092499665916 -22.6790008544922
904 0 0 0.010092499665916 -22.7082996368408
905 0 0 0.010092499665916 -22.7374992370605
906 0 0 0.0100924000144005 -22.7667007446289
907 0 0 0.0100924000144005 -22.7959003448486
908 0 0 0.0100924000144005 -22.8250999450684
909 0 0 0.0100924000144005 -22.8542995452881
910 0 0 0.0100924000144005 -22.8834991455078
911 0 0 0.0100924000144005 -22.9127006530762
912 0 0 0.0100924000144005 -22.9419002532959
913 0 0 0.0100924000144005 -22.9710998535156
914 0 0 0.0100924000144005 -23.0002994537354
915 0 0 0.0100924000144005 -23.0294990539551
916 0 0 0.010092300362885 -23.0587997436523
917 0 0 0.010092300362885 -23.0879993438721
918 0 0 0.010092300362885 -23.1172008514404
919 0 0 0.010092300362885 -23.1464004516602
920 0 0 0.010092300362885 -23.1756000518799
921 0 0 0.010092300362885 -23.2047996520996
922 0 0 0.010092300362885 -23.2339992523193
923 0 0 0.010092300362885 -23.2632007598877
924 0 0 0.010092300362885 -23.2924003601074
925 0 0 0.010092300362885 -23.3215999603271
926 0 0 0.0100921997800469 -23.3507995605469
927 0 0 0.0100921997800469 -23.3801002502441
928 0 0 0.0100921997800469 -23.4092998504639
929 0 0 0.0100921997800469 -23.4384994506836
930 0 0 0.0100921997800469 -23.4676990509033
931 0 0 0.0100921997800469 -23.4969005584717
932 0 0 0.0100921997800469 -23.5261001586914
933 0 0 0.0100921997800469 -23.5552997589111
934 0 0 0.0100921997800469 -23.5844993591309
935 0 0 0.0100921997800469 -23.6137008666992
936 0 0 0.0100921997800469 -23.6429004669189
937 0 0 0.0100921001285315 -23.6721000671387
938 0 0 0.0100921001285315 -23.7014007568359
939 0 0 0.0100921001285315 -23.7306003570557
940 0 0 0.0100921001285315 -23.7597999572754
941 0 0 0.0100921001285315 -23.7889995574951
942 0 0 0.0100921001285315 -23.8181991577148
943 0 0 0.0100921001285315 -23.8474006652832
944 0 0 0.0100921001285315 -23.8766002655029
945 0 0 0.0100921001285315 -23.9057998657227
946 0 0 0.0100921001285315 -23.9349994659424
947 0 0 0.0100921001285315 -23.9641990661621
948 0 0 0.0100919995456934 -23.9934005737305
949 0 0 0.0100919995456934 -24.0226993560791
950 21 24 0.0100919995456934 -24.0519008636475
951 0 0 0.0100919995456934 -24.0811004638672
952 0 0 0.0100919995456934 -24.1103000640869
953 0 0 0.0100919995456934 -24.1394996643066
954 0 0 0.0100919995456934 -24.1686992645264
955 0 0 0.0100919995456934 -24.1979007720947
956 0 0 0.0100919995456934 -24.2271003723145
957 0 0 0.0100919995456934 -24.2562999725342
958 0 0 0.0100919995456934 -24.2854995727539
959 0 0 0.0100918998941779 -24.3146991729736
960 0 0 0.0100918998941779 -24.3439998626709
961 0 0 0.0100918998941779 -24.3731994628906
962 0 0 0.0100918998941779 -24.4023990631104
963 0 0 0.0100918998941779 -24.4316005706787
964 0 0 0.0100918998941779 -24.4608001708984
965 0 0 0.0100918998941779 -24.4899997711182
966 0 0 0.0100918998941779 -24.5191993713379
967 0 0 0.0100918998941779 -24.5484008789063
968 0 0 0.0100918998941779 -24.577600479126
969 0 0 0.0100918998941779 -24.6068000793457
970 0 0 0.0100918998941779 -24.6359996795654
971 0 0 0.0100918002426624 -24.6653003692627
972 0 0 0.0100918002426624 -24.6944999694824
973 0 0 0.0100918002426624 -24.7236995697021
974 0 0 0.0100918002426624 -24.7528991699219
975 0 0 0.0100918002426624 -24.7821006774902
976 0 0 0.0100918002426624 -24.81130027771
977 0 0 0.0100918002426624 -24.8404998779297
978 0 0 0.0100918002426624 -24.8696994781494
979 0 0 0.0100918002426624 -24.8988990783691
980 0 0 0.0100918002426624 -24.9281005859375
981 0 0 0.0100918002426624 -24.9573001861572
982 0 0 0.0100918002426624 -24.9866008758545
983 0 0 0.0100918002426624 -25.0158004760742
984 0 0 0.0100916996598244 -25.0450000762939
985 0 0 0.0100916996598244 -25.0741996765137
986 0 0 0.0100916996598244 -25.1033992767334
987 0 0 0.0100916996598244 -25.1326007843018
988 0 0 0.0100916996598244 -25.1618003845215
989 0 0 0.0100916996598244 -25.1909999847412
990 0 0 0.0100916996598244 -25.2201995849609
991 0 0 0.0100916996598244 -25.2493991851807
992 0 0 0.0100916996598244 -25.278600692749
993 0 0 0.0100916996598244 -25.3078994750977
994 0 0 0.0100916996598244 -25.3370990753174
995 0 0 0.0100916996598244 -25.3663005828857
996 0 0 0.0100916996598244 -25.3955001831055
997 0 0 0.0100916000083089 -25.4246997833252
998 0 0 0.0100916000083089 -25.4538993835449
999 0 0 0.0100916000083089 -25.4831008911133
1000 22 29 0.0100916000083089 -25.512300491333
