749 25 29 -0.0502789989113808 -0.00268397992476821
748 0 0 -0.0496045984327793 -0.00284200999885798
747 0 0 -0.0489432998001575 -0.00300264009274542
746 0 0 -0.0482948012650013 -0.0031657200306654
745 0 0 -0.0476589985191822 -0.00333111011423171
744 0 0 -0.0470357984304428 -0.00349869998171926
743 0 0 -0.0464248992502689 -0.00366834993474185
742 0 0 -0.0458262003958225 -0.0038399500772357
741 0 0 -0.0452394001185894 -0.0040133697912097
740 0 0 -0.0446644015610218 -0.00418851990252733
739 0 0 -0.0441009998321533 -0.00436527980491519
738 0 0 -0.0435489006340504 -0.00454354984685779
737 0 0 -0.0430078990757465 -0.0047232499346137
736 0 0 -0.0424778014421463 -0.00490429019555449
735 0 0 -0.041958399116993 -0.0050865700468421
734 0 0 -0.0414494015276432 -0.00527002010494471
733 0 0 -0.0409507006406784 -0.00545457005500793
732 0 0 -0.0404619984328747 -0.00564013980329037
731 0 0 -0.0399830006062984 -0.00582667998969555
730 0 0 -0.0395135991275311 -0.00601411983370781
729 0 0 -0.039053600281477 -0.00620240997523069
728 0 0 -0.038602601736784 -0.00639150012284517
727 0 0 -0.0381604991853237 -0.00658133020624518
726 0 0 -0.0377270989120007 -0.00677188020199537
725 0 0 -0.0373020991683006 -0.00696311006322503
724 0 0 -0.0368852987885475 -0.00715498020872474
723 0 0 -0.0364765003323555 -0.00734745990484953
722 0 0 -0.0360753983259201 -0.00754053983837366
721 0 0 -0.0356817990541458 -0.00773419020697474
720 0 0 -0.0352955982089043 -0.00792840030044317
719 0 0 -0.0349165014922619 -0.00812316965311766
718 0 0 -0.0345441997051239 -0.00831846985965967
717 0 0 -0.0341787002980709 -0.00851432979106903
716 0 0 -0.0338196009397507 -0.00871071964502335
715 0 0 -0.0334667004644871 -0.00890767015516758
714 0 0 -0.0331198982894421 -0.0091051897034049
713 0 0 -0.0327790006995201 -0.00930328015238047
712 0 0 -0.0324436984956264 -0.00950197037309408
711 0 0 -0.0321138016879559 -0.00970127992331982
710 0 0 -0.0317891985177994 -0.00990123022347689
709 0 0 -0.0314696989953518 -0.0101019004359841
708 0 0 -0.0311549995094538 -0.0103032002225518
707 0 0 -0.0308449994772673 -0.0105053000152111
706 0 0 -0.0305396001785994 -0.010708199813962
705 0 0 -0.0302383992820978 -0.0109118996188045
704 0 0 -0.0299414005130529 -0.0111165000125766
703 0 0 -0.0296483002603054 -0.0113220997154713
702 0 0 -0.0293589998036623 -0.0115286000072956
701 0 0 -0.0290732998400927 -0.0117362001910806
700 24 24 -0.0287910997867584 -0.0119449002668262
699 0 0 -0.0285122003406286 -0.0121547998860478
698 0 0 -0.0282364003360271 -0.0123659996315837
697 0 0 -0.027963500469923 -0.0125783998519182
696 0 0 -0.0276935007423162 -0.0127923004329205
695 0 0 -0.0274260994046926 -0.0130077004432678
694 0 0 -0.0271611995995045 -0.0132245998829603
693 0 0 -0.0268986001610756 -0.0134431999176741
692 0 0 -0.026638200506568 -0.0136636001989245
691 0 0 -0.0263799000531435 -0.0138857997953892
690 0 0 -0.0261234994977713 -0.0141099002212286
689 0 0 -0.0258689001202583 -0.0143360001966357
688 0 0 -0.0256159007549286 -0.0145643996074796
687 0 0 -0.025364400818944 -0.0147949000820518
686 0 0 -0.0251142997294664 -0.0150277996435761
685 0 0 -0.0248654000461102 -0.0152631998062134
684 0 0 -0.02461769990623 -0.0155012002214789
683 0 0 -0.0243708994239569 -0.0157418996095657
682 0 0 -0.024125000461936 -0.0159853994846344
681 0 0 -0.0238797999918461 -0.0162319000810385
680 0 0 -0.0236352998763323 -0.0164813995361328
679 0 0 -0.0233913008123636 -0.0167341995984316
678 0 0 -0.0231475997716188 -0.0169904008507729
677 0 0 -0.0229042991995811 -0.0172499995678663
676 0 0 -0.0226610992103815 -0.0175132993608713
675 0 0 -0.0224179998040199 -0.0177804008126259
674 0 0 -0.0221749003976583 -0.0180514007806778
673 0 0 -0.0219315998256207 -0.0183265004307032
672 0 0 -0.021688099950552 -0.01860580034554
671 0 0 -0.0214443001896143 -0.0188896004110575
670 0 0 -0.0211999993771315 -0.0191779006272554
669 0 0 -0.0209551993757486 -0.0194709002971649
668 0 0 -0.0207097008824348 -0.019768800586462
667 0 0 -0.0204635001718998 -0.0200718007981777
666 0 0 -0.0202165991067886 -0.0203799996525049
665 0 0 -0.0199686996638775 -0.020693700760603
664 0 0 -0.0197199005633593 -0.0210129003971815
663 0 0 -0.0194700006395578 -0.0213379003107548
662 0 0 -0.0192188993096352 -0.0216688998043537
661 0 0 -0.0189667008817196 -0.0220059994608164
660 0 0 -0.0187130998820066 -0.0223494004458189
659 0 0 -0.0184582006186247 -0.0226994007825851
658 0 0 -0.0182019006460905 -0.023056099191308
657 0 0 -0.0179440006613731 -0.0234197005629539
656 0 0 -0.0176845993846655 -0.0237904991954565
655 0 0 -0.0174235999584198 -0.0241685006767511
654 0 0 -0.0171608999371529 -0.0245539993047714
653 0 0 -0.0168964006006718 -0.0249473005533218
652 0 0 -0.0166301000863314 -0.0253484006971121
651 0 0 -0.0163620002567768 -0.0257577002048492
650 23 24 -0.01609200052917 -0.0261752996593714
649 0 0 -0.015820100903511 -0.0266014002263546
648 0 0 -0.0155461998656392 -0.0270361993461847
647 0 0 -0.0152703998610377 -0.027479900047183
646 0 0 -0.014992400072515 -0.0279328003525734
645 0 0 -0.0147125003859401 -0.0283949002623558
644 0 0 -0.0144303999841213 -0.0288666002452374
643 0 0 -0.0141462003812194 -0.029347900301218
642 0 0 -0.0138600002974272 -0.0298391003161669
641 0 0 -0.0135716004297137 -0.0303403995931149
640 0 0 -0.0132811004295945 -0.0308519005775452
639 0 0 -0.012988599948585 -0.0313737988471985
638 0 0 -0.0126938996836543 -0.0319062992930412
637 0 0 -0.0123971002176404 -0.0324494987726212
636 0 0 -0.0120983999222517 -0.0330035984516144
635 0 0 -0.0117974998429418 -0.0335685983300209
634 0 0 -0.0114948004484177 -0.034144900739193
633 0 0 -0.0111899999901652 -0.0347323007881641
632 0 0 -0.0108834998682141 -0.0353311002254486
631 0 0 -0.0105750998482108 -0.0359413996338844
630 0 0 -0.0102648995816708 -0.0365631990134716
629 0 0 -0.00995313003659248 -0.0371964983642101
628 0 0 -0.0096397902816534 -0.0378413982689381
627 0 0 -0.00932497996836901 -0.0384979993104935
626 0 0 -0.00900883041322231 -0.0391661003232002
625 0 0 -0.0086914598941803 -0.0398457981646061
624 0 0 -0.00837299972772598 -0.0405369997024536
623 0 0 -0.00805359985679388 -0.0412397012114525
622 0 0 -0.00773342978209257 -0.0419536009430885
621 0 0 -0.00741265993565321 -0.0426786988973618
620 0 0 -0.0070914700627327 -0.0434148013591766
619 0 0 -0.00677005993202329 -0.0441614985466003
618 0 0 -0.0064486600458622 -0.0449187010526657
617 0 0 -0.00612749997526407 -0.0456859990954399
616 0 0 -0.00580682000145316 -0.0464630983769894
615 0 0 -0.0054868902079761 -0.047249399125576
614 0 0 -0.00516799977049232 -0.0480444990098476
613 0 0 -0.00485044019296765 -0.0488479994237423
612 0 0 -0.00453452998772264 -0.0496589988470078
611 0 0 -0.00422061001881957 -0.0504769012331963
610 0 0 -0.00390903977677226 -0.0513010993599892
609 0 0 -0.00360019993968308 -0.052130501717329
608 0 0 -0.00329449004493654 -0.052964199334383
607 0 0 -0.00299232010729611 -0.0538011007010937
606 0 0 -0.00269412994384766 -0.0546401999890804
605 0 0 -0.00240038009360433 -0.0554802007973194
604 0 0 -0.00211155996657908 -0.0563195012509823
603 0 0 -0.00182816002052277 -0.0571568012237549
602 0 0 -0.00155069003812969 -0.0579903982579708
601 0 0 -0.00127968995366246 -0.0588186010718346
600 22 24 -0.00101570994593203 -0.0596393011510372
599 0 0 -0.000759303977247328 -0.0604506991803646
598 0 0 -0.000511047022882849 -0.0612503997981548
597 0 0 -0.0002715110022109 -0.0620362982153893
596 0 0 -4.12713998230174E-05 -0.0628056973218918
595 0 0 0.000179099006345496 -0.0635562017560005
594 0 0 0.000389040011214092 -0.0642850026488304
593 0 0 0.000588005990721285 -0.0649894028902054
592 0 0 0.000775478023570031 -0.0656664967536926
591 0 0 0.000950968009419739 -0.0663132965564728
590 0 0 0.00111403001938015 -0.0669267997145653
589 0 0 0.00126427004579455 -0.0675041005015373
588 0 0 0.00140135001856834 -0.0680423006415367
587 0 0 0.00152499997057021 -0.0685383975505829
586 0 0 0.00163503002841026 -0.0689897984266281
585 0 0 0.00173133995849639 -0.0693939030170441
584 0 0 0.0018139099702239 -0.0697482973337173
583 0 0 0.00188283005263656 -0.0700512006878853
582 0 0 0.00193828996270895 -0.0703006982803345
581 0 0 0.00198058993555605 -0.0704955011606216
580 0 0 0.00201012007892132 -0.0706349015235901
579 0 0 0.00202738004736602 -0.0707183033227921
578 21 22 0.00203299010172486 -0.0707459971308708
577 0 0 0.00203277007676661 -0.0707449018955231
576 0 0 0.00202528992667794 -0.0707065984606743
575 0 0 0.00200778990983963 -0.0706147029995918
574 0 0 0.00198113010264933 -0.0704713016748428
573 0 0 0.00194620003458112 -0.0702786967158318
572 0 0 0.00190396001562476 -0.0700398981571198
571 0 0 0.00185537000652403 -0.0697581022977829
570 0 0 0.00180136004928499 -0.0694369971752167
569 0 0 0.00174286996480078 -0.0690805017948151
568 0 0 0.00168078998103738 -0.0686926990747452
567 0 0 0.00161595002282411 -0.0682777017354965
566 0 0 0.00154911994468421 -0.067839503288269
565 0 0 0.00148098997306079 -0.0673820003867149
564 0 0 0.0014121700078249 -0.0669089034199715
563 0 0 0.0013431899715215 -0.0664236024022102
562 0 0 0.00127450004220009 -0.0659293010830879
561 0 0 0.00120647996664047 -0.065428800880909
560 0 0 0.00113941996823996 -0.0649245008826256
559 0 0 0.00107359001412988 -0.0644185021519661
558 0 0 0.00100914994254708 -0.0639128983020782
557 0 0 0.000946255982853472 -0.0634090006351471
556 0 0 0.000885002024006099 -0.0629082024097443
555 0 0 0.000825453025754541 -0.0624115988612175
554 0 0 0.000767646008171141 -0.0619199015200138
553 0 0 0.000711591972503811 -0.0614340007305145
552 0 0 0.00065728701883927 -0.0609541982412338
551 0 0 0.000604712986387312 -0.0604810006916523
550 20 24 0.000553837977349758 -0.0600146986544132
549 0 0 0.000504622992593795 -0.0595554001629353
548 0 0 0.000457024987554178 -0.0591032989323139
547 0 0 0.000410995009588078 -0.0586583018302917
546 0 0 0.000366480002412573 -0.0582204014062881
545 0 0 0.000323427986586466 -0.0577896013855934
544 0 0 0.000281785003608093 -0.0573658011853695
543 0 0 0.000241499001276679 -0.0569489002227783
542 0 0 0.000202516006538644 -0.0565388016402721
541 0 0 0.000164785000379197 -0.0561350993812084
540 0 0 0.000128257001051679 -0.0557379014790058
539 0 0 9.28825975279324E-05 -0.0553469993174076
538 0 0 5.8616900787456E-05 -0.0549620017409325
537 0 0 2.54155002039624E-05 -0.0545829981565475
536 0 0 -6.76370018481975E-06 -0.0542096011340618
535 0 0 -3.79603006877005E-05 -0.0538417994976044
534 0 0 -6.82118989061564E-05 -0.0534792989492416
533 0 0 -9.75539005594328E-05 -0.0531219989061356
532 0 0 -0.000126019993331283 -0.0527697987854481
531 0 0 -0.000153639994096011 -0.0524224005639553
530 0 0 -0.000180443996214308 -0.0520796999335289
529 0 0 -0.000206458993488923 -0.0517417006194592
528 0 0 -0.000231708996579982 -0.0514082014560699
527 0 0 -0.000256216997513548 -0.0510790012776852
526 0 0 -0.000280003994703293 -0.0507542006671429
525 0 0 -0.000303089007502422 -0.0504335984587669
524 0 0 -0.00032548900344409 -0.0501171983778477
523 0 0 -0.000347216991940513 -0.049804899841547
522 0 0 -0.000368287990568206 -0.0494966991245747
521 0 0 -0.000388710992410779 -0.049192700535059
520 0 0 -0.00040849600918591 -0.0488927997648716
519 0 0 -0.000427647988544777 -0.0485971011221409
518 0 0 -0.000446173013187945 -0.0483057983219624
517 0 0 -0.000464070995803922 -0.0480188988149166
516 0 0 -0.000481344002764672 -0.0477366000413895
515 0 0 -0.000497988017741591 -0.0474592000246048
514 0 0 -0.000513999024406075 -0.0471868999302387
513 0 0 -0.000529368000570685 -0.0469200015068054
512 0 0 -0.000544084992725402 -0.0466590002179146
511 0 0 -0.000558137020561844 -0.0464042015373707
510 0 0 -0.000571506971027702 -0.0461562983691692
509 0 0 -0.00058417598484084 -0.0459159016609192
508 0 0 -0.000596121011767536 -0.0456838011741638
507 0 0 -0.000607315974775702 -0.0454608015716076
506 0 0 -0.000617732002865523 -0.0452480018138885
505 0 0 -0.000627335975877941 -0.0450466014444828
504 0 0 -0.000636094016954303 -0.0448578000068665
503 0 0 -0.000643967010546476 -0.0446832999587059
502 0 0 -0.000650916015729308 -0.0445246994495392
501 0 0 -0.000656899996101856 -0.0443838983774185
500 19 24 -0.000661875994410366 -0.0442630983889103
499 0 0 -0.00066580600105226 -0.0441645011305809
498 0 0 -0.000668650027364492 -0.0440906994044781
497 0 0 -0.000670375011395663 -0.0440444014966488
496 18 22 -0.000670950976200402 -0.0440284013748169
495 0 0 -0.000670881010591984 -0.0440304987132549
494 0 0 -0.000669883971568197 -0.0440598987042904
493 0 0 -0.000667701999191195 -0.0441267006099224
492 0 0 -0.000664336024783552 -0.044234000146389
491 0 0 -0.000659795012325048 -0.0443851985037327
490 0 0 -0.000654097995720804 -0.0445832014083862
489 0 0 -0.000647271983325481 -0.0448314994573593
488 0 0 -0.000639353995211422 -0.0451331995427608
487 0 0 -0.000630384020041674 -0.0454919002950191
486 0 0 -0.000620405015069991 -0.0459110997617245
485 0 0 -0.000609465001616627 -0.0463946014642715
484 0 0 -0.000597608974203467 -0.0469467006623745
483 0 0 -0.000584886001888663 -0.0475719012320042
482 0 0 -0.00057133799418807 -0.048275500535965
481 0 0 -0.000557008024770766 -0.0490633994340897
480 0 0 -0.000541936024092138 -0.0499421991407871
479 0 0 -0.000526160991284996 -0.0509197004139423
478 0 0 -0.000509716977830976 -0.052004799246788
477 0 0 -0.000492640014272183 -0.0532077997922897
476 0 0 -0.000474967993795872 -0.0545403994619846
475 0 0 -0.000456742011010647 -0.0560161992907524
474 0 0 -0.000438009999925271 -0.0576504990458488
473 0 0 -0.000418835988966748 -0.0594604015350342
472 0 0 -0.000399310985812917 -0.0614641010761261
471 0 0 -0.000379562989110127 -0.0636793002486229
470 0 0 -0.000359794008545578 -0.0661194026470184
469 0 0 -0.000340313999913633 -0.0687848031520844
468 0 0 -0.000321598985465243 -0.0716468021273613
467 0 0 -0.000304326007608324 -0.0746231004595757
466 0 0 -0.000289282994344831 -0.0775626003742218
465 0 0 -0.000277051993180066 -0.0802790969610214
464 0 0 -0.000267691008048132 -0.0826357007026672
463 0 0 -0.000260780012467876 -0.084594301879406
462 0 0 -0.000255732011282817 -0.0861897021532059
461 0 0 -0.000252027995884418 -0.0874840021133423
460 0 0 -0.000249275006353855 -0.0885384008288383
459 0 0 -0.000247199001023546 -0.0894042029976845
458 0 0 -0.000245608011027798 -0.0901217013597488
457 0 0 -0.000244371010921896 -0.0907218009233475
456 0 0 -0.000243396003497764 -0.0912284031510353
455 0 0 -0.000242617999901995 -0.0916595011949539
454 0 0 -0.0002419899974484 -0.0920294001698494
453 0 0 -0.000241478002863005 -0.092349000275135
452 0 0 -0.000241057001403533 -0.0926269963383675
451 0 0 -0.00024070699873846 -0.0928701981902122
450 17 24 -0.000240415000007488 -0.0930842012166977
449 0 0 -0.000240168999880552 -0.0932734981179237
448 0 0 -0.000239960005274042 -0.0934417024254799
447 0 0 -0.000239782995777205 -0.0935918986797333
446 0 0 -0.000239629996940494 -0.0937265008687973
445 0 0 -0.000239499000599608 -0.0938476026058197
444 0 0 -0.000239385000895709 -0.0939569994807243
443 0 0 -0.00023928600421641 -0.0940560027956963
442 0 0 -0.000239200002397411 -0.0941461026668549
441 0 0 -0.000239123997744173 -0.094228096306324
440 0 0 -0.000239058004808612 -0.0943031013011932
439 0 0 -0.000238998996792361 -0.0943718031048775
438 0 0 -0.000238948006881401 -0.0944349020719528
437 0 0 -0.000238901993725449 -0.0944930016994476
436 0 0 -0.000238861000980251 -0.0945466011762619
435 0 0 -0.000238823995459825 -0.0945961028337479
434 0 0 -0.000238791995798238 -0.0946419015526772
433 0 0 -0.000238762993831187 -0.0946844965219498
432 0 0 -0.000238736000028439 -0.0947239995002747
431 0 0 -0.000238712993450463 -0.0947607979178429
430 0 0 -0.000238691995036788 -0.0947951003909111
429 0 0 -0.000238673004787415 -0.0948271006345749
428 0 0 -0.000238655004068278 -0.0948569998145103
427 0 0 -0.000238640001043677 -0.0948849990963936
426 0 0 -0.000238626002101228 -0.0949112996459007
425 0 0 -0.000238613007240929 -0.0949359014630318
424 0 0 -0.000238601001910865 -0.0949589982628822
423 0 0 -0.000238591004745103 -0.0949807018041611
422 0 0 -0.000238580993027426 -0.0950011014938354
421 0 0 -0.000238573004025966 -0.0950203984975815
420 0 0 -0.00023856500047259 -0.095038503408432
419 0 0 -0.000238558001001365 -0.0950556024909019
418 0 0 -0.000238551001530141 -0.0950717031955719
417 0 0 -0.000238545006141067 -0.0950869023799896
416 0 0 -0.000238540000282228 -0.0951012969017029
415 0 0 -0.000238534994423389 -0.0951149016618729
414 0 0 -0.000238530003116466 -0.0951277017593384
413 0 0 -0.000238526001339778 -0.0951398983597755
412 0 0 -0.000238521999563091 -0.0951514020562172
411 0 0 -0.000238519001868553 -0.0951621979475021
410 0 0 -0.000238516004174016 -0.0951725021004677
409 0 0 -0.000238513006479479 -0.0951822027564049
408 0 0 -0.000238510998315178 -0.0951913967728615
407 0 0 -0.000238508000620641 -0.0952000990509987
406 0 0 -0.000238506007008255 -0.0952083989977837
405 0 0 -0.000238505002926104 -0.0952161997556686
404 0 0 -0.000238502994761802 -0.0952235013246536
403 0 0 -0.000238501001149416 -0.0952304974198341
402 0 0 -0.000238499997067265 -0.0952370017766953
401 0 0 -0.000238498992985114 -0.0952432006597519
400 16 24 -0.000238498003454879 -0.0952489972114563
399 0 0 -0.000238496999372728 -0.0952545031905174
398 0 0 -0.000238495995290577 -0.0952597036957741
397 0 0 -0.000238495005760342 -0.0952645018696785
396 0 0 -0.000238495005760342 -0.095269002020359
395 0 0 -0.000238494001678191 -0.0952731966972351
394 0 0 -0.000238494001678191 -0.0952771976590157
393 0 0 -0.00023849299759604 -0.095280796289444
392 0 0 -0.00023849299759604 -0.0952842012047768
391 0 0 -0.00023849199351389 -0.0952873006463051
390 0 0 -0.00023849199351389 -0.0952901020646095
389 0 0 -0.00023849199351389 -0.0952927023172379
388 0 0 -0.00023849199351389 -0.0952951014041901
387 0 0 -0.00023849199351389 -0.0952972024679184
386 0 0 -0.00023849199351389 -0.0952989980578423
385 0 0 -0.00023849199351389 -0.0953005999326706
384 0 0 -0.00023849199351389 -0.0953020006418228
383 0 0 -0.00023849199351389 -0.0953031033277512
382 15 22 -0.00023849199351389 -0.0953039973974228
381 0 0 -0.00023849199351389 -0.0953041985630989
380 0 0 -0.00023849199351389 -0.0953048020601273
379 0 0 -0.00023849199351389 -0.0953051969408989
378 14 22 -0.00023849199351389 -0.0953053012490273
377 0 0 -0.00023849199351389 -0.0953053012490273
376 0 0 -0.00023849199351389 -0.0953051000833511
375 0 0 -0.00023849199351389 -0.0953046977519989
374 0 0 -0.00023849199351389 -0.0953041017055511
373 0 0 -0.00023849199351389 -0.0953032001852989
372 0 0 -0.000238491003983654 -0.0953020974993706
371 0 0 -0.000238491003983654 -0.0953006967902184
370 0 0 -0.000238491003983654 -0.0952989980578423
369 0 0 -0.000238491003983654 -0.0952972024679184
368 0 0 -0.000238491003983654 -0.0952949970960617
367 0 0 -0.000238489999901503 -0.0952925011515617
366 0 0 -0.000238489999901503 -0.0952897965908051
365 0 0 -0.000238489999901503 -0.0952868014574051
364 0 0 -0.000238488995819353 -0.0952835008502007
363 0 0 -0.000238488006289117 -0.0952799022197723
362 0 0 -0.000238488006289117 -0.0952759012579918
361 0 0 -0.000238487002206966 -0.0952716991305351
360 0 0 -0.000238485998124816 -0.0952669978141785
359 0 0 -0.000238484994042665 -0.0952621027827263
358 0 0 -0.000238484004512429 -0.0952567011117935
357 0 0 -0.000238481996348128 -0.0952510014176369
356 0 0 -0.000238481006817892 -0.0952448025345802
355 0 0 -0.000238478998653591 -0.0952382013201714
354 0 0 -0.000238477005041204 -0.0952311009168625
353 0 0 -0.000238474996876903 -0.0952235981822014
352 0 0 -0.000238473003264517 -0.0952156037092209
351 0 0 -0.00023847000556998 -0.0952069982886314
350 13 24 -0.000238466993323527 -0.0951979011297226
349 0 0 -0.00023846399562899 -0.0951881036162376
348 0 0 -0.000238460997934453 -0.0951777026057243
347 0 0 -0.000238456996157765 -0.0951666980981827
346 0 0 -0.000238452004850842 -0.0951548963785172
345 0 0 -0.000238448003074154 -0.0951424017548561
344 0 0 -0.000238441993133165 -0.0951289981603622
343 0 0 -0.000238437001826242 -0.0951147973537445
342 0 0 -0.000238430002355017 -0.0950995981693268
341 0 0 -0.000238423002883792 -0.0950834974646568
340 0 0 -0.000238414999330416 -0.0950661972165108
339 0 0 -0.000238406006246805 -0.095047801733017
338 0 0 -0.000238396998611279 -0.0950281023979187
337 0 0 -0.000238385997363366 -0.0950070023536682
336 0 0 -0.000238374006585218 -0.0949845016002655
335 0 0 -0.000238360997173004 -0.0949603021144867
334 0 0 -0.000238346998230554 -0.0949345007538795
333 0 0 -0.000238330001593567 -0.0949067026376724
332 0 0 -0.00023831200087443 -0.094876803457737
331 0 0 -0.000238292006542906 -0.0948446989059448
330 0 0 -0.000238270004047081 -0.0948100984096527
329 0 0 -0.000238245003856719 -0.0947728008031845
328 0 0 -0.000238217005971819 -0.0947323963046074
327 0 0 -0.000238185995840468 -0.0946888029575348
326 0 0 -0.000238150998484343 -0.0946414023637772
325 0 0 -0.000238110995269381 -0.094590000808239
324 0 0 -0.000238067004829645 -0.0945340022444725
323 0 0 -0.00023801600036677 -0.0944729000329971
322 0 0 -0.00023795900051482 -0.0944060981273651
321 0 0 -0.000237892993027344 -0.0943329036235809
320 0 0 -0.000237818996538408 -0.0942524969577789
319 0 0 -0.000237732994719408 -0.0941639021039009
318 0 0 -0.000237635002122261 -0.0940660014748573
317 0 0 -0.000237521002418362 -0.0939574986696243
316 0 0 -0.000237390006077476 -0.0938367992639542
315 0 0 -0.000237236003158614 -0.0937021002173424
314 0 0 -0.000237055995967239 -0.0935510024428368
313 0 0 -0.000236844003666192 -0.0933810994029045
312 0 0 -0.000236591993598267 -0.0931888967752457
311 0 0 -0.000236292005865835 -0.092970497906208
310 0 0 -0.000235931001952849 -0.0927210971713066
309 0 0 -0.000235493993386626 -0.0924345031380653
308 0 0 -0.000234959996305406 -0.0921031981706619
307 0 0 -0.000234299994190224 -0.0917173996567726
306 0 0 -0.000233478000154719 -0.0912649035453796
305 0 0 -0.000232441001571715 -0.0907298997044563
304 0 0 -0.000231115001952276 -0.0900916010141373
303 0 0 -0.000229397002840415 -0.089323103427887
302 0 0 -0.000227138007176109 -0.0883890017867088
301 0 0 -0.000224119998165406 -0.0872431993484497
300 12 24 -0.000220029993215576 -0.0858277976512909
299 0 0 -0.00021443200239446 -0.0840758010745049
298 0 0 -0.000206768992939033 -0.0819258987903595
297 0 0 -0.000183176001883112 -0.0764222964644432
296 0 0 -0.000149233994306996 -0.070195697247982
295 0 0 -0.000110050998046063 -0.0644335001707077
294 0 0 -6.95035996614024E-05 -0.059510599821806
293 0 0 -2.92300992441596E-05 -0.0553696006536484
292 0 0 1.0198599738942E-05 -0.0518698990345001
291 0 0 4.86538992845453E-05 -0.0488807000219822
290 0 0 8.62064989632927E-05 -0.0462961010634899
289 0 0 0.000123031000839546 -0.0440320000052452
288 0 0 0.000159365998115391 -0.0420215986669064
287 0 0 0.000195497996173799 -0.0402108989655972
286 0 0 0.000231746002100408 -0.0385560989379883
285 0 0 0.00026845300453715 -0.0370209999382496
284 0 0 0.000305966008454561 -0.0355761013925076
283 0 0 0.000344617001246661 -0.0341975018382072
282 0 0 0.000384704006137326 -0.0328662991523743
281 0 0 0.000426485989009961 -0.0315675996243954
280 0 0 0.000470180006232113 -0.0302898995578289
279 0 0 0.00051596702542156 -0.0290242992341518
278 0 0 0.000564008019864559 -0.0277635008096695
277 0 0 0.000614451011642814 -0.0265015996992588
276 0 0 0.00066744297510013 -0.0252336002886295
275 0 0 0.000723137985914946 -0.023955000564456
274 0 0 0.000781701994128525 -0.0226617008447647
273 0 0 0.000843318994157016 -0.0213497001677752
272 0 0 0.000908194982912391 -0.0200152993202209
271 0 0 0.000976562965661287 -0.0186544992029667
270 0 0 0.00104869005735964 -0.017263500019908
269 0 0 0.00112486002035439 -0.0158380996435881
268 0 0 0.00120542000513524 -0.0143740996718407
267 0 0 0.00129074999131262 -0.0128669003024697
266 0 0 0.0013812700053677 -0.0113116996362805
265 0 0 0.00147747003939003 -0.00970328040421009
264 0 0 0.0015799100510776 -0.0080359997227788
263 0 0 0.00168919004499912 -0.00630383007228374
262 0 0 0.0018060200382024 -0.0045002200640738
261 0 0 0.00193120003677905 -0.00261812005192041
260 0 0 0.00206559989601374 -0.000649927009362727
259 0 0 0.00221023010089993 0.00141247001010925
258 0 0 0.00236621010117233 0.0035776998847723
257 0 0 0.00253477995283902 0.00585479009896517
256 0 0 0.00271732010878623 0.00825298018753529
255 0 0 0.00291532999835908 0.0107814995571971
254 0 0 0.00313039007596672 0.0134490001946688
253 0 0 0.00336417998187244 0.0162631999701262
252 0 0 0.00361832999624312 0.0192294996231794
251 0 0 0.00389439007267356 0.0223501995205879
250 11 24 0.00419356999918818 0.0256225001066923
249 0 0 0.00451660016551614 0.0290367994457483
248 0 0 0.00486337998881936 0.032575000077486
247 0 0 0.00523264985531569 0.0362077988684177
246 0 0 0.00562172010540962 0.0398945994675159
245 0 0 0.00602615997195244 0.0435829982161522
244 0 0 0.00643975008279085 0.0472107008099556
243 0 0 0.00685457000508904 0.0507089011371136
242 0 0 0.00726134981960058 0.05400700122118
241 0 0 0.00765000004321337 0.0570373013615608
240 0 0 0.00801018998026848 0.0597398988902569
239 0 0 0.00833204016089439 0.0620658993721008
238 0 0 0.00860668998211622 0.0639799982309341
237 0 0 0.00882679969072342 0.0654613971710205
236 0 0 0.00898692011833191 0.0665040016174316
235 0 0 0.00908366963267326 0.0671145990490913
234 0 0 0.00911572016775608 0.0673115029931068
233 0 0 0.00911546964198351 0.0673099979758263
232 0 0 0.00910464022308588 0.0672454982995987
231 0 0 0.00907805003225803 0.0670889019966125
230 0 0 0.00903602968901396 0.0668447017669678
229 0 0 0.00897900015115738 0.0665173977613449
228 0 0 0.00890742987394333 0.0661116018891335
227 0 0 0.00882187020033598 0.065632201731205
226 0 0 0.00872286967933178 0.0650838017463684
225 0 0 0.00861105974763632 0.064470998942852
224 0 0 0.00848704017698765 0.0637985989451408
223 0 0 0.00835146009922028 0.063070997595787
222 0 0 0.00820496957749128 0.0622925013303757
221 0 0 0.00804820004850626 0.0614672005176544
220 0 0 0.00788179039955139 0.0605990998446941
219 0 0 0.0077063599601388 0.0596920996904373
218 0 0 0.00752252992242575 0.0587496012449265
217 0 0 0.00733090005815029 0.0577750988304615
216 0 0 0.00713203987106681 0.0567717999219894
215 0 0 0.00692651001736522 0.0557426996529102
214 0 0 0.00671483017504215 0.0546907000243664
213 0 0 0.0064975400455296 0.0536182001233101
212 0 0 0.00627512019127607 0.0525280013680458
211 0 0 0.00604803999885917 0.0514222010970116
210 0 0 0.005816750228405 0.0503030009567738
209 0 0 0.00558168021962047 0.0491724982857704
208 0 0 0.00534324022009969 0.0480326004326344
207 0 0 0.00510181998834014 0.0468849986791611
206 0 0 0.00485779996961355 0.0457313992083073
205 0 0 0.00461150985211134 0.0445732995867729
204 0 0 0.00436329981312156 0.0434122011065483
203 0 0 0.00411349022760987 0.0422494001686573
202 0 0 0.00386238005012274 0.0410862006247044
201 0 0 0.00361026008613408 0.0399237014353275
200 10 24 0.00335739995352924 0.0387630984187126
199 0 0 0.00310406996868551 0.0376054011285305
198 0 0 0.00285051995888352 0.0364516004920006
197 0 0 0.00259696994908154 0.0353026017546654
196 0 0 0.00234366999939084 0.0341591984033585
195 0 0 0.00209082011133432 0.0330222994089127
194 0 0 0.00183863996062428 0.0318926014006138
193 0 0 0.00158730999100953 0.0307708997279406
192 0 0 0.00133703998290002 0.0296577997505665
191 0 0 0.00108799000736326 0.0285541005432606
190 0 0 0.000840358028654009 0.0274602007120848
189 0 0 0.000676131981890649 0.0267367009073496
188 0 0 0.000512655009515584 0.0260180998593569
187 0 0 0.000349973008269444 0.0253045000135899
186 0 0 0.000188132005860098 0.0245960000902414
185 0 0 2.7177400625078E-05 0.0238928999751806
184 0 0 -0.000132846995256841 0.0231951996684074
183 0 0 -0.000291898002615198 0.022503100335598
182 0 0 -0.000449934013886377 0.0218167994171381
181 0 0 -0.000606913992669433 0.0211363006383181
180 0 0 -0.000762794981710613 0.0204620007425547
179 0 0 -0.000917539990041405 0.0197937004268169
178 0 0 -0.001071110018529 0.019131800159812
177 0 0 -0.00122345995623618 0.0184762999415398
176 0 0 -0.00137455994263291 0.0178273990750313
175 0 0 -0.0015243700472638 0.0171850994229317
174 0 0 -0.00167284999042749 0.01654970087111
173 0 0 -0.00181995995808393 0.0159211996942759
172 0 0 -0.00196567992679775 0.0152997998520732
171 0 0 -0.00210994994267821 0.0146856000646949
170 0 0 -0.00225276011042297 0.0140786003321409
169 0 0 -0.00239404989406466 0.0134790996089578
168 0 0 -0.00253379996865988 0.0128870997577906
167 0 0 -0.00267197005450726 0.0123028000816703
166 0 0 -0.00280852988362312 0.0117263002321124
165 0 0 -0.0029434401076287 0.0111576998606324
164 0 0 -0.00307666999287903 0.0105970995500684
163 0 0 -0.00320816994644701 0.0100445998832583
162 0 0 -0.00333792995661497 0.00950041972100735
161 0 0 -0.00346589996479452 0.00896458979696035
160 0 0 -0.00359203992411494 0.00843726005405188
159 0 0 -0.00371633004397154 0.00791854038834572
158 0 0 -0.00383873004466295 0.00740855000913143
157 0 0 -0.00395919010043144 0.00690741976723075
156 0 0 -0.00407769996672869 0.0064152698032558
155 0 0 -0.00419420981779695 0.00593221979215741
154 0 0 -0.00430868985131383 0.00545838009566069
153 0 0 -0.00442110002040863 0.00499388994649053
152 0 0 -0.00453139981254935 0.00453886995092034
151 0 0 -0.00463957013562322 0.00409343000501394
150 9 24 -0.00474554998800159 0.00365771003998816
149 0 0 -0.00484931981191039 0.00323182996362448
148 0 0 -0.00495084980502725 0.00281590991653502
147 0 0 -0.00505007989704609 0.00241008005104959
146 0 0 -0.00514699006453156 0.00201448006555438
145 0 0 -0.00524153979495168 0.00162920996081084
144 0 0 -0.00533368019387126 0.00125442002899945
143 0 0 -0.0054233898408711 0.000890226976480335
142 0 0 -0.00551061006262898 0.000536761013790965
141 0 0 -0.00559533014893532 0.000194149994058535
140 0 0 -0.00567747978493571 -0.000137479000841267
139 0 0 -0.00575703987851739 -0.000457999005448073
138 0 0 -0.00583396991714835 -0.000767283025197685
137 0 0 -0.00590822007507086 -0.00106519996188581
136 0 0 -0.00597974983975291 -0.0013516399776563
135 0 0 -0.00604852987453341 -0.00162645999807864
134 0 0 -0.00611452013254166 -0.00188953999895602
133 0 0 -0.00617766985669732 -0.00214076996780932
132 0 0 -0.00623793993145227 -0.00238001998513937
131 0 0 -0.00629530008882284 -0.00260717002674937
130 0 0 -0.00634968979284167 -0.00282210996374488
129 0 0 -0.00640108995139599 -0.00302472990006208
128 0 0 -0.00644946005195379 -0.00321489991620183
127 0 0 -0.00649474002420902 -0.00339251989498734
126 0 0 -0.00653690006583929 -0.00355749996379018
125 0 0 -0.00657590012997389 -0.00370970997028053
124 0 0 -0.00661170016974211 -0.0038490800652653
123 0 0 -0.00664426991716027 -0.00397549010813236
122 0 0 -0.00667354976758361 -0.00408888002857566
121 0 0 -0.00669952016323805 -0.00418914016336203
120 0 0 -0.00672214012593031 -0.00427620019763708
119 0 0 -0.00674135982990265 -0.00434998981654644
118 0 0 -0.00675714993849397 -0.00441042985767126
117 0 0 -0.00676948018372059 -0.00445747002959251
116 0 0 -0.00677831005305052 -0.00449106004089117
115 0 0 -0.00678361020982265 -0.00451113004237413
114 8 22 -0.00678532989695668 -0.00451766001060605
113 0 0 -0.00678517017513514 -0.00451705977320671
112 0 0 -0.00678229006007314 -0.00450622988864779
111 0 0 -0.00677576987072825 -0.00448177987709641
110 0 0 -0.0067655798047781 -0.00444369995966554
109 0 0 -0.00675169983878732 -0.00439197989180684
108 0 0 -0.00673408014699817 -0.00432662991806865
107 0 0 -0.00671271979808807 -0.00424765003845096
106 0 0 -0.00668758992105722 -0.00415505981072783
105 0 0 -0.00665865000337362 -0.00404888996854424
104 0 0 -0.00662590004503727 -0.00392918009310961
103 0 0 -0.00658930977806449 -0.00379598001018167
102 0 0 -0.00654886988922954 -0.00364932999946177
101 0 0 -0.00650455988943577 -0.00348931993357837
100 7 24 -0.00645636999979615 -0.00331601989455521
99 0 0 -0.00640428019687533 -0.00312949996441603
98 0 0 -0.00634829001501203 -0.0029298800509423
97 0 0 -0.00628839014098048 -0.00271725002676249
96 0 0 -0.00622456986457109 -0.00249172002077103
95 0 0 -0.00615683011710644 -0.00225343997590244
94 0 0 -0.00608516996726394 -0.00200252002105117
93 0 0 -0.00600958010181785 -0.00173910998273641
92 0 0 -0.00593008007854223 -0.00146336003672332
91 0 0 -0.0058466698974371 -0.00117544003296643
90 0 0 -0.00575935002416372 -0.000875519006513059
89 0 0 -0.00566812977194786 -0.000563767971470952
88 0 0 -0.00557303009554744 -0.000240377004956827
87 0 0 -0.00547405984252691 9.4461596745532E-05
86 0 0 -0.00537123018875718 0.000440545991295949
85 0 0 -0.00526456022635102 0.000797669985331595
84 0 0 -0.00515408022329211 0.00116562005132437
83 0 0 -0.00503979995846748 0.00154416996520013
82 0 0 -0.00492173992097378 0.00193310005124658
81 0 0 -0.0047999401576817 0.00233218003995717
80 0 0 -0.00467442022636533 0.00274117011576891
79 0 0 -0.00454520015046 0.00315983011387289
78 0 0 -0.00441233022138476 0.00358791998587549
77 0 0 -0.00427582999691367 0.00402519013732672
76 0 0 -0.00413573021069169 0.004471390042454
75 0 0 -0.00399208022281528 0.00492626009508967
74 0 0 -0.00384491006843746 0.00538956001400948
73 0 0 -0.00369425001554191 0.00586102018132806
72 0 0 -0.00354015990160406 0.00634039007127285
71 0 0 -0.00338265998288989 0.0068274000659585
70 0 0 -0.00322181009687483 0.00732180010527372
69 0 0 -0.00305764004588127 0.0078233303502202
68 0 0 -0.00289019988849759 0.00833173003047705
67 0 0 -0.00271953991614282 0.00884674023836851
66 0 0 -0.0025457099545747 0.0093681002035737
65 0 0 -0.00236874003894627 0.00989556033164263
64 0 0 -0.00218869000673294 0.0104288998991251
63 0 0 -0.0020056099165231 0.0109678003937006
62 0 0 -0.00181954994332045 0.0115120001137257
61 0 0 -0.00163056002929807 0.0120612997561693
60 0 0 -0.00143869000021368 0.0126155000180006
59 0 0 -0.00124398001935333 0.0131743000820279
58 0 0 -0.00104650005232543 0.0137374000623822
57 0 0 -0.000846298993565142 0.014304700307548
56 0 0 -0.000643422012217343 0.0148759000003338
55 0 0 -0.000437926995800808 0.0154507998377085
54 0 0 -0.000229865006986074 0.0160291008651257
53 0 0 -1.92899005924119E-05 0.0166106000542641
52 0 0 0.000193743995623663 0.0171950999647379
51 0 0 0.000409183005103841 0.0177825000137091
50 6 24 0.00062697398243472 0.0183723997324705
49 0 0 0.000847063027322292 0.0189647991210222
48 0 0 0.00106939999386668 0.0195592995733023
47 0 0 0.00129391998052597 0.0201558005064726
46 0 0 0.0015205800300464 0.0207541007548571
45 0 0 0.00174932996742427 0.0213540997356176
44 0 0 0.00198010005988181 0.0219554994255304
43 0 0 0.00221284991130233 0.0225581005215645
42 0 0 0.00244752992875874 0.0231618992984295
41 0 0 0.0026840700302273 0.0237665008753538
40 0 0 0.00292242993600667 0.0243720002472401
39 0 0 0.00316256005316973 0.0249780006706715
38 0 0 0.00340440007857978 0.0255845002830029
37 0 0 0.00364790996536613 0.0261911991983652
36 0 0 0.0038930200971663 0.0267980992794037
35 0 0 0.00413969019427896 0.0274049993604422
34 0 0 0.00438786018639803 0.0280118007212877
33 0 0 0.00463749002665281 0.0286183003336191
32 0 0 0.00488852011039853 0.0292243994772434
31 0 0 0.00514090992510319 0.0298299994319677
30 0 0 0.00539459986612201 0.030434999614954
29 0 0 0.00564954988658428 0.0310391001403332
28 0 0 0.00590569991618395 0.0316423997282982
27 0 0 0.00616300012916327 0.0322447009384632
26 0 0 0.00642141001299024 0.0328458994626999
25 0 0 0.00668088020756841 0.0334458015859127
24 0 0 0.00694135017693043 0.0340445004403591
23 0 0 0.00720277987420559 0.0346417017281055
22 0 0 0.00746513018384576 0.0352374017238617
21 0 0 0.00772832985967398 0.0358314998447895
20 0 0 0.00799234956502914 0.0364237986505032
19 0 0 0.00825714040547609 0.0370143987238407
18 0 0 0.00852265022695065 0.0376030988991261
17 0 0 0.00878882966935635 0.0381898991763592
16 0 0 0.00905563961714506 0.038774598389864
15 0 0 0.00932301953434944 0.0393570996820927
14 0 0 0.0095909396186471 0.039937499910593
13 0 0 0.00985933002084494 0.0405155010521412
12 0 0 0.0101282000541687 0.0410911999642849
11 0 0 0.0103973997756839 0.0416644997894764
10 0 0 0.0106669999659061 0.0422351993620396
9 0 0 0.0109368003904819 0.0428033992648125
8 0 0 0.0112068997696042 0.043368898332119
7 0 0 0.0114772003144026 0.0439317002892494
6 0 0 0.0116574997082353 0.0443052984774113
5 0 0 0.0117776999250054 0.0445537008345127
4 0 0 0.0118578998371959 0.0447189994156361
3 0 0 0.0119113000109792 0.044828999787569
2 0 0 0.0119470003992319 0.0449022985994816
1 0 0 0.0119944997131824 0.0450000017881393
1 0 0 0.0119944997131824 0.0450000017881393
2 0 0 0.0120419999584556 0.0450976006686687
3 0 0 0.0120775997638702 0.0451706983149052
4 0 0 0.012131099589169 0.0452803000807762
5 0 0 0.012211300432682 0.0454443991184235
6 0 0 0.0123314997181296 0.0456902012228966
7 0 0 0.0125120002776384 0.0460577011108398
8 0 0 0.0127825001254678 0.0466063991189003
9 0 0 0.0130530996248126 0.0471520014107227
10 0 0 0.013323400169611 0.0476945005357265
11 0 0 0.0135936001315713 0.0482336990535259
12 0 0 0.0138635998591781 0.0487696006894112
13 0 0 0.0141332000494003 0.049302201718092
14 0 0 0.0144026000052691 0.0498313009738922
15 0 0 0.0146714998409152 0.05035699903965
16 0 0 0.0149400001391768 0.0508790984749794
17 0 0 0.0152080003172159 0.0513974986970425
18 0 0 0.0154755003750324 0.0519123002886772
19 0 0 0.0157423000782728 0.0524232983589172
20 0 0 0.0160085000097752 0.0529305003583431
21 0 0 0.0162739008665085 0.0534338988363743
22 0 0 0.0165385007858276 0.0539331994950771
23 0 0 0.0168022997677326 0.0544284991919994
24 0 0 0.0170651990920305 0.0549197010695934
25 0 0 0.0173272006213665 0.0554067008197308
26 0 0 0.0175880007445812 0.0558894984424114
27 0 0 0.0178478006273508 0.0563679002225399
28 0 0 0.0181063991039991 0.0568418987095356
29 0 0 0.0183636993169785 0.0573114007711411
30 0 0 0.0186196994036436 0.0577762983739376
31 0 0 0.0188743993639946 0.0582364983856678
32 0 0 0.0191274993121624 0.0586919002234936
33 0 0 0.0193790998309851 0.0591423995792866
34 0 0 0.0196289997547865 0.0595880001783371
35 0 0 0.0198771990835667 0.060028500854969
36 0 0 0.0201235990971327 0.0604638010263443
37 0 0 0.0203680992126465 0.0608938001096249
38 0 0 0.0206106007099152 0.061318401247263
39 0 0 0.0208509992808104 0.0617375001311302
40 0 0 0.0210890993475914 0.0621508993208408
41 0 0 0.0213249996304512 0.062558501958847
42 0 0 0.0215584002435207 0.0629601031541824
43 0 0 0.0217892993241549 0.0633556991815567
44 0 0 0.0220174994319677 0.0637450963258743
45 0 0 0.0222428999841213 0.0641279965639114
46 0 0 0.0224654003977776 0.064504399895668
47 0 0 0.0226847995072603 0.0648740977048874
48 0 0 0.0229010004550219 0.065236896276474
49 0 0 0.023113900795579 0.065592497587204
50 2 24 0.0233232006430626 0.0659409016370773
51 0 0 0.0235288999974728 0.0662818029522896
52 0 0 0.0237307008355856 0.0666149035096169
53 0 0 0.0239285007119179 0.0669400990009308
54 0 0 0.0241221003234386 0.0672570019960403
55 0 0 0.0243111997842789 0.0675655975937843
56 0 0 0.0244957003742456 0.067865401506424
57 0 0 0.0246754009276628 0.0681561976671219
58 0 0 0.0248499996960163 0.0684377029538155
59 0 0 0.0250192992389202 0.068709596991539
60 0 0 0.0251829996705055 0.0689715966582298
61 0 0 0.0253408998250961 0.0692232996225357
62 0 0 0.025492699816823 0.0694644972681999
63 0 0 0.0256382003426552 0.0696946009993553
64 0 0 0.0257769990712404 0.0699134021997452
65 0 0 0.025908799842 0.0701204985380173
66 0 0 0.0260333009064198 0.0703153982758522
67 0 0 0.0261502005159855 0.0704976990818977
68 0 0 0.0262591000646353 0.0706669017672539
69 0 0 0.026359599083662 0.0708225965499878
70 0 0 0.0264513995498419 0.070964403450489
71 0 0 0.0265341997146606 0.0710916966199875
72 0 0 0.0266073998063803 0.0712039992213249
73 0 0 0.0266708005219698 0.0713007971644402
74 0 0 0.026723800227046 0.0713815987110138
75 0 0 0.026766199618578 0.0714458972215652
76 0 0 0.0267974995076656 0.0714932009577751
77 0 0 0.026817200705409 0.0715230032801628
78 0 0 0.0268249996006489 0.0715347006917
79 0 0 0.0268251001834869 0.0715349018573761
80 0 0 0.0267994999885559 0.0714967027306557
81 0 0 0.0267214998602867 0.0713806003332138
82 0 0 0.026588499546051 0.0711836963891983
83 0 0 0.0263985004276037 0.0709038972854614
84 0 0 0.0261502992361784 0.0705401971936226
85 0 0 0.0258434005081654 0.0700926035642624
86 0 0 0.0254785008728504 0.0695623010396957
87 0 0 0.0250569004565477 0.0689520016312599
88 0 0 0.0245808996260166 0.0682651996612549
89 0 0 0.0240534003823996 0.0675062015652657
90 0 0 0.0234778001904488 0.0666801035404205
91 0 0 0.0228579007089138 0.0657922029495239
92 0 0 0.022197499871254 0.0648477971553802
93 0 0 0.0215003993362188 0.0638521984219551
94 0 0 0.0207703001797199 0.0628103017807007
95 0 0 0.0200107004493475 0.061726801097393
96 0 0 0.0192246995866299 0.060605600476265
97 0 0 0.0184151995927095 0.059450700879097
98 0 0 0.0175848007202148 0.0582651011645794
99 0 0 0.0167359001934528 0.0570516996085644
100 3 24 0.0158703997731209 0.0558129996061325
101 0 0 0.0149902002885938 0.0545510016381741
102 0 0 0.0140968002378941 0.0532675012946129
103 0 0 0.0131916999816895 0.0519641004502773
104 0 0 0.0122760003432631 0.0506418012082577
105 0 0 0.0113508999347687 0.0493017993867397
106 0 0 0.0104171996936202 0.047944899648428
107 0 0 0.00947583001106977 0.0465717017650604
108 0 0 0.00852745026350021 0.0451827012002468
109 0 0 0.007572699803859 0.0437783002853394
110 0 0 0.00661214999854565 0.0423587001860142
111 0 0 0.00564626976847649 0.0409240014851093
112 0 0 0.00467548007145524 0.0394740998744965
113 0 0 0.00370015995576978 0.0380090996623039
114 0 0 0.00272063002921641 0.0365286991000175
115 0 0 0.00173717003781348 0.0350327007472515
116 0 0 0.000750030972994864 0.0335206985473633
117 0 0 -0.000240587993175723 0.0319922007620335
118 0 0 -0.001234499970451 0.0304467994719744
119 0 0 -0.00223155994899571 0.0288837999105453
120 0 0 -0.00323162996210158 0.0273026004433632
121 0 0 -0.00423461990430951 0.0257022995501757
122 0 0 -0.00524043012410402 0.024082200601697
123 0 0 -0.00624899985268712 0.0224412009119987
124 0 0 -0.00726028019562364 0.0207784008234739
125 0 0 -0.00827425997704268 0.0190925002098083
126 0 0 -0.0092909000813961 0.0173822995275259
127 0 0 -0.0103102000430226 0.0156465005129576
128 0 0 -0.011332199908793 0.0138835003599524
129 0 0 -0.0123568996787071 0.0120916003361344
130 0 0 -0.0133843999356031 0.0102692004293203
131 0 0 -0.014414600096643 0.00841419957578182
132 0 0 -0.0154477003961802 0.00652451021596789
133 0 0 -0.0164836999028921 0.00459781987592578
134 0 0 -0.0175227001309395 0.00263157999143004
135 0 0 -0.0185647998005152 0.000623036990873516
136 0 0 -0.0196100007742643 -0.00143085001036525
137 0 0 -0.0206585004925728 -0.00353339989669621
138 0 0 -0.0217103008180857 -0.00568825006484985
139 0 0 -0.0227655004709959 -0.0078993896022439
140 0 0 -0.0238243006169796 -0.0101712001487613
141 0 0 -0.0248866993933916 -0.012508500367403
142 0 0 -0.0259527992457151 -0.0149167003110051
143 0 0 -0.0270227007567883 -0.0174016002565622
144 0 0 -0.0280964002013206 -0.0199696999043226
145 0 0 -0.0291738994419575 -0.0226281993091106
146 0 0 -0.0302552003413439 -0.0253851991146803
147 0 0 -0.0313404016196728 -0.0282495003193617
148 0 0 -0.0324293002486229 -0.0312309991568327
149 0 0 -0.0335219018161297 -0.0343406982719898
150 4 24 -0.0346179008483887 -0.0375912003219128
151 0 0 -0.0357172004878521 -0.0409961007535458
152 0 0 -0.0368193984031677 -0.0445710010826588
153 0 0 -0.0379239991307259 -0.0483334995806217
154 0 0 -0.0390307009220123 -0.0523030981421471
155 0 0 -0.0401387996971607 -0.0565022006630898
156 0 0 -0.0412474982440472 -0.0609560012817383
157 0 0 -0.0423559993505478 -0.0656929016113281
158 0 0 -0.0434632003307343 -0.0707452967762947
159 0 0 -0.0445679016411304 -0.0761497989296913
160 0 0 -0.0456685982644558 -0.0819483026862144
161 0 0 -0.0467636995017529 -0.0881877988576889
162 0 0 -0.047851201146841 -0.0949215963482857
163 0 0 -0.048928901553154 -0.102210000157356
164 0 0 -0.0499942004680634 -0.110118001699448
165 5 29 -0.0510439984500408 -0.118720002472401
