673 18 29 -0.0500435009598732 26.6567001342773
672 0 0 -0.0498563982546329 26.5566997528076
671 0 0 -0.049669299274683 26.4566993713379
670 0 0 -0.049482200294733 26.3567008972168
669 0 0 -0.0492951013147831 26.2567005157471
668 0 0 -0.0491080991923809 26.1567001342773
667 0 0 -0.048921000212431 26.0566997528076
666 0 0 -0.048733901232481 25.9566993713379
665 0 0 -0.0485467985272408 25.8568000793457
664 0 0 -0.0483596995472908 25.756799697876
663 0 0 -0.0481726005673409 25.6567993164063
662 0 0 -0.0479855015873909 25.5568008422852
661 0 0 -0.0477983988821507 25.4568004608154
660 0 0 -0.0476112999022007 25.3568000793457
659 0 0 -0.0474242009222507 25.256799697876
658 0 0 -0.0472370982170105 25.1567993164063
657 0 0 -0.0470499992370605 25.0568008422852
656 0 0 -0.0468629002571106 24.9568996429443
655 0 0 -0.0466758012771606 24.8568992614746
654 0 0 -0.0464887991547585 24.7569007873535
653 0 0 -0.0463017001748085 24.6569004058838
652 0 0 -0.0461146011948586 24.5569000244141
651 0 0 -0.0459274984896183 24.4568996429443
650 17 24 -0.0457403995096684 24.3568992614746
649 0 0 -0.0455533005297184 24.2569007873535
648 0 0 -0.0453662015497684 24.1569995880127
647 0 0 -0.0451790988445282 24.056999206543
646 0 0 -0.0449919998645782 23.9570007324219
645 0 0 -0.0448049008846283 23.8570003509521
644 0 0 -0.044617798179388 23.7569999694824
643 0 0 -0.0444306991994381 23.6569995880127
642 0 0 -0.0442436002194881 23.556999206543
641 0 0 -0.0440565012395382 23.4570999145508
640 0 0 -0.0438693985342979 23.3570995330811
639 0 0 -0.043682299554348 23.2570991516113
638 0 0 -0.043495200574398 23.1571006774902
637 0 0 -0.0433081015944481 23.0571002960205
636 0 0 -0.0431209988892078 22.9570999145508
635 0 0 -0.0429338999092579 22.8570995330811
634 0 0 -0.0427468009293079 22.7572002410889
633 0 0 -0.0425596982240677 22.6571998596191
632 0 0 -0.0423725992441177 22.5571994781494
631 0 0 -0.0421855002641678 22.4571990966797
630 0 0 -0.0419984012842178 22.3572006225586
629 0 0 -0.0418112985789776 22.2572002410889
628 0 0 -0.0416241995990276 22.1573009490967
627 0 0 -0.0414371006190777 22.057300567627
626 0 0 -0.0412500016391277 21.9573001861572
625 0 0 -0.0410628989338875 21.8572998046875
624 0 0 -0.0408757999539375 21.7572994232178
623 0 0 -0.0406887009739876 21.6573009490967
622 0 0 -0.0405015982687473 21.5573997497559
621 0 0 -0.0403144992887974 21.4573993682861
620 0 0 -0.0401274003088474 21.357400894165
619 0 0 -0.0399403013288975 21.2574005126953
618 0 0 -0.0397531986236572 21.1574001312256
617 0 0 -0.0395660996437073 21.0575008392334
616 0 0 -0.0393790006637573 20.9575004577637
615 0 0 -0.0391919016838074 20.8575000762939
614 0 0 -0.0390047989785671 20.7574996948242
613 0 0 -0.0388176999986172 20.6574993133545
612 0 0 -0.0386306010186672 20.5576000213623
611 0 0 -0.038443498313427 20.4575996398926
610 0 0 -0.038256399333477 20.3575992584229
609 0 0 -0.0380693003535271 20.2576007843018
608 0 0 -0.0378822013735771 20.157600402832
607 0 0 -0.0376950018107891 20.0576992034912
606 0 0 -0.0375078991055489 19.9577007293701
605 0 0 -0.0373208001255989 19.8577003479004
604 0 0 -0.037133701145649 19.7576999664307
603 0 0 -0.0369465984404087 19.6578006744385
602 0 0 -0.0367594994604588 19.5578002929688
601 0 0 -0.0365724004805088 19.457799911499
600 16 24 -0.0363853015005589 19.3577995300293
599 0 0 -0.0361981987953186 19.2579002380371
598 0 0 -0.0360110998153687 19.1578998565674
597 0 0 -0.0358240008354187 19.0578994750977
596 0 0 -0.0356368012726307 18.9578990936279
595 0 0 -0.0354496985673904 18.8579998016357
594 0 0 -0.0352625995874405 18.757999420166
593 0 0 -0.0350755006074905 18.6580009460449
592 0 0 -0.0348884016275406 18.5580997467041
591 0 0 -0.0347012989223003 18.4580993652344
590 0 0 -0.0345141999423504 18.3581008911133
589 0 0 -0.0343271009624004 18.2581996917725
588 0 0 -0.0341399013996124 18.1581993103027
587 0 0 -0.0339527986943722 18.0582008361816
586 0 0 -0.0337656997144222 17.9582004547119
585 0 0 -0.0335786007344723 17.8582992553711
584 0 0 -0.0333915017545223 17.75830078125
583 0 0 -0.0332043990492821 17.6583003997803
582 0 0 -0.0330173000693321 17.5583992004395
581 0 0 -0.0328301005065441 17.4584007263184
580 0 0 -0.0326430015265942 17.3584003448486
579 0 0 -0.0324558988213539 17.2584991455078
578 0 0 -0.032268799841404 17.1585006713867
577 0 0 -0.032081700861454 17.0585994720459
576 0 0 -0.031894501298666 16.9585990905762
575 0 0 -0.0317073985934258 16.8586006164551
574 0 0 -0.0315202996134758 16.7586994171143
573 0 0 -0.0313332006335258 16.6587009429932
572 0 0 -0.0311460997909307 16.5587005615234
571 0 0 -0.0309589002281427 16.4587993621826
570 0 0 -0.0307717993855476 16.3588008880615
569 0 0 -0.0305847004055977 16.2588996887207
568 0 0 -0.0303975995630026 16.158899307251
567 0 0 -0.0302105005830526 16.0590000152588
566 0 0 -0.0300232991576195 15.9589996337891
565 0 0 -0.0298362001776695 15.8590002059937
564 0 0 -0.0296490993350744 15.7590999603271
563 0 0 -0.0294620003551245 15.6590995788574
562 0 0 -0.0292748007923365 15.5592002868652
561 0 0 -0.0290876999497414 15.4591999053955
560 0 0 -0.0289005991071463 15.359299659729
559 0 0 -0.0287133995443583 15.2593002319336
558 0 0 -0.0285263005644083 15.1593999862671
557 0 0 -0.0283391997218132 15.0593996047974
556 0 0 -0.0281520001590252 14.9595003128052
555 0 0 -0.0279648993164301 14.8594999313354
554 0 0 -0.0277778003364801 14.7595996856689
553 0 0 -0.027590699493885 14.6596002578735
552 0 0 -0.027403499931097 14.559700012207
551 0 0 -0.0272163990885019 14.4596996307373
550 15 24 -0.0270291995257139 14.3598003387451
549 0 0 -0.026842100545764 14.2599000930786
548 0 0 -0.0266549997031689 14.1598997116089
547 0 0 -0.0264678001403809 14.0600004196167
546 0 0 -0.0262806992977858 13.960000038147
545 0 0 -0.0260936003178358 13.8600997924805
544 0 0 -0.0259064007550478 13.760199546814
543 0 0 -0.0257192999124527 13.6602001190186
542 0 0 -0.0255321003496647 13.5602998733521
541 0 0 -0.0253449995070696 13.4603996276855
540 0 0 -0.0251577999442816 13.3604001998901
539 0 0 -0.0249706991016865 13.2604999542236
538 0 0 -0.0247834995388985 13.1605997085571
537 0 0 -0.0245964005589485 13.0606002807617
536 0 0 -0.0244091991335154 12.9607000350952
535 0 0 -0.0242221001535654 12.8607997894287
534 0 0 -0.0240349005907774 12.7608995437622
533 0 0 -0.0238477997481823 12.6609001159668
532 0 0 -0.0236606001853943 12.5609998703003
531 0 0 -0.0234734993427992 12.4610996246338
530 0 0 -0.0232862997800112 12.3612003326416
529 0 0 -0.0230992008000612 12.2613000869751
528 0 0 -0.0229119993746281 12.1612997055054
527 0 0 -0.0227247998118401 12.0614004135132
526 0 0 -0.0225377008318901 11.9615001678467
525 0 0 -0.0223504994064569 11.8615999221802
524 0 0 -0.0221632998436689 11.7616996765137
523 0 0 -0.021976200863719 11.6618003845215
522 0 0 -0.0217889994382858 11.561900138855
521 0 0 -0.0216017998754978 11.4619998931885
520 0 0 -0.0214146003127098 11.362099647522
519 0 0 -0.0212274994701147 11.2622003555298
518 0 0 -0.0210402999073267 11.1621999740601
517 0 0 -0.0208531003445387 11.0622997283936
516 0 0 -0.0206659007817507 10.9624996185303
515 0 0 -0.0204786993563175 10.8626003265381
514 0 0 -0.0202914997935295 10.7627000808716
513 0 0 -0.0201043002307415 10.6627998352051
512 0 0 -0.0199171006679535 10.5628995895386
511 0 0 -0.0197298992425203 10.4630002975464
510 0 0 -0.0195426996797323 10.3631000518799
509 0 0 -0.0193555001169443 10.2631998062134
508 0 0 -0.0191683005541563 10.1632995605469
507 0 0 -0.0189810991287231 10.0635004043579
506 0 0 -0.0187938995659351 9.96356964111328
505 0 0 -0.0186067000031471 9.8636999130249
504 0 0 -0.0184193998575211 9.76381969451904
503 0 0 -0.018232200294733 9.66394996643066
502 0 0 -0.018045000731945 9.56408023834229
501 0 0 -0.017857700586319 9.46420955657959
500 14 24 -0.0176704991608858 9.36435031890869
499 0 0 -0.0174832008779049 9.264479637146
498 0 0 -0.0172959994524717 9.1646203994751
497 0 0 -0.0171086993068457 9.06476020812988
496 0 0 -0.0169213991612196 8.96490955352783
495 0 0 -0.0167341995984316 8.86505031585693
494 0 0 -0.0165468994528055 8.76519966125488
493 0 0 -0.0163595993071795 8.66534996032715
492 0 0 -0.0161722991615534 8.56550025939941
491 0 0 -0.0159850008785725 8.46566009521484
490 0 0 -0.0157977007329464 8.36581993103027
489 0 0 -0.0156103996559978 8.2659797668457
488 0 0 -0.0154229998588562 8.16613960266113
487 0 0 -0.0152356997132301 8.06630992889404
486 0 0 -0.0150482999160886 7.96647977828979
485 0 0 -0.0148609997704625 7.86665010452271
484 0 0 -0.014673599973321 7.76681995391846
483 0 0 -0.0144862001761794 7.66699981689453
482 0 0 -0.0142988003790379 7.56718015670776
481 0 0 -0.0141113996505737 7.46736001968384
480 0 0 -0.0139239998534322 7.36754989624023
479 0 0 -0.0137366000562906 7.26773977279663
478 0 0 -0.013549099676311 7.16793012619019
477 0 0 -0.0133616998791695 7.06812000274658
476 0 0 -0.0131742004305124 6.9683198928833
475 0 0 -0.0129867000505328 6.86851978302002
474 0 0 -0.0127991996705532 6.76873016357422
473 0 0 -0.0126115996390581 6.66893005371094
472 0 0 -0.0124241001904011 6.56913995742798
471 0 0 -0.012236500158906 6.46935987472534
470 0 0 -0.0120489001274109 6.36956977844238
469 0 0 -0.0118612004444003 6.2697901725769
468 0 0 -0.0116736004129052 6.17001008987427
467 0 0 -0.0114858997985721 6.07024002075195
466 0 0 -0.0112982001155615 5.97046995162964
465 0 0 -0.0111105004325509 5.87069988250732
464 0 0 -0.0109227001667023 5.77092981338501
463 0 0 -0.0107348999008536 5.67117023468018
462 0 0 -0.0105469999834895 5.57141017913818
461 0 0 -0.0103591000661254 5.47166013717651
460 0 0 -0.0101712001487613 5.37190008163452
459 0 0 -0.00998323038220406 5.27215003967285
458 0 0 -0.00979521032422781 5.1724100112915
457 0 0 -0.00960713997483253 5.07266998291016
456 0 0 -0.00941901002079248 4.97292995452881
455 0 0 -0.00923082046210766 4.87318992614746
454 0 0 -0.00904257968068123 4.77344989776611
453 0 0 -0.00885425973683596 4.67371988296509
452 0 0 -0.00866588018834591 4.57399988174438
451 0 0 -0.00847741030156612 4.47426986694336
450 13 24 -0.00828886963427067 4.37454986572266
449 0 0 -0.00810023956000805 4.27482986450195
448 0 0 -0.00791150983422995 4.17511987686157
447 0 0 -0.00772267999127507 4.07539987564087
446 0 0 -0.00753373000770807 3.97568988800049
445 0 0 -0.00734467012807727 3.87598991394043
444 0 0 -0.00715547986328602 3.77627992630005
443 0 0 -0.00696614012122154 3.67657995223999
442 0 0 -0.00677664997056127 3.57687997817993
441 0 0 -0.00658698985353112 3.47718000411987
440 0 0 -0.00639714999124408 3.37749004364014
439 0 0 -0.00620710989460349 3.2778000831604
438 0 0 -0.00601684022694826 3.17810988426208
437 0 0 -0.005852070171386 3.09188008308411
436 0 0 -0.00568711012601852 3.00565004348755
435 0 0 -0.00552192004397511 2.91943001747131
434 0 0 -0.00535649992525578 2.83320999145508
433 0 0 -0.00519081996753812 2.74697995185852
432 0 0 -0.00502486014738679 2.66075992584229
431 0 0 -0.00485857995226979 2.57453989982605
430 0 0 -0.00469195982441306 2.48832988739014
429 0 0 -0.0045806597918272 2.4308500289917
428 0 0 -0.00446918001398444 2.37336993217468
427 0 0 -0.00435750000178814 2.31590008735657
426 0 0 -0.00424560997635126 2.25841999053955
425 0 0 -0.00413348991423845 2.20094990730286
424 0 0 -0.00402111979201436 2.14347004890442
423 0 0 -0.00390848005190492 2.08599996566772
422 0 0 -0.00383322010748088 2.04768991470337
421 0 0 -0.00375783001072705 2.00938010215759
420 0 0 -0.0036822899710387 1.97106003761292
419 0 0 -0.00360659998841584 1.93274998664856
418 0 0 -0.00353074003942311 1.89444005489349
417 0 0 -0.00345470989122987 1.85613000392914
416 0 0 -0.00337848998606205 1.81781995296478
415 0 0 -0.00330208009108901 1.77952003479004
414 0 0 -0.00325102009810507 1.75398004055023
413 0 0 -0.00319986999966204 1.72844004631042
412 0 0 -0.00314861000515521 1.70290994644165
411 0 0 -0.0030972498934716 1.67737996578217
410 0 0 -0.00304577010683715 1.65183997154236
409 0 0 -0.00299417995847762 1.62630999088287
408 0 0 -0.0029424699023366 1.60078001022339
407 0 0 -0.00289062992669642 1.57526004314423
406 0 0 -0.00283866003155708 1.54972994327545
405 0 0 -0.00278653996065259 1.52420997619629
404 0 0 -0.00275171990506351 1.50720000267029
403 0 0 -0.00271681998856366 1.49018001556396
402 0 0 -0.00268186000175774 1.47317004203796
401 0 0 -0.00264682993292809 1.45615994930267
400 12 24 -0.00261172000318766 1.43914997577667
399 0 0 -0.00257652997970581 1.42215001583099
398 0 0 -0.00254126009531319 1.40514004230499
397 0 0 -0.00250590988434851 1.38813996315002
396 0 0 -0.0024704800453037 1.37114000320435
395 0 0 -0.0024349601007998 1.35414004325867
394 0 0 -0.00239934003911912 1.33714997768402
393 0 0 -0.00236363010481 1.32015001773834
392 0 0 -0.0023278200533241 1.3031599521637
391 0 0 -0.00229190988466144 1.28618001937866
390 0 0 -0.00225589005276561 1.26918995380402
389 0 0 -0.00221976009197533 1.25221002101898
388 0 0 -0.00218350999057293 1.23523998260498
387 0 0 -0.00214714999310672 1.21826994419098
386 0 0 -0.00211067008785903 1.20130002498627
385 0 0 -0.00207405001856387 1.18435001373291
384 0 0 -0.00203731004148722 1.16738998889923
383 0 0 -0.00200041988864541 1.1504499912262
382 0 0 -0.00196339003741741 1.13350999355316
381 0 0 -0.00192621001042426 1.11656999588013
380 0 0 -0.00188888004049659 1.09965002536774
379 0 0 -0.00185138999950141 1.08273994922638
378 0 0 -0.00181371998041868 1.06582999229431
377 0 0 -0.00177589000668377 1.0489399433136
376 0 0 -0.00173787004314363 1.0320600271225
375 0 0 -0.00169965997338295 1.01520001888275
374 0 0 -0.00166126003023237 0.998345971107483
373 0 0 -0.00162264995742589 0.981510996818542
372 0 0 -0.00158381997607648 0.964694023132324
371 0 0 -0.0015447799814865 0.947896003723145
370 0 0 -0.00150550005491823 0.931119978427887
369 0 0 -0.00146597996354103 0.914366006851196
368 0 0 -0.00142622005660087 0.897638022899628
367 0 0 -0.00138618994969875 0.880936980247498
366 0 0 -0.00134588999208063 0.864266991615295
365 0 0 -0.00130531005561352 0.847629010677338
364 0 0 -0.00126443000044674 0.831026971340179
363 0 0 -0.00122324994299561 0.81446498632431
362 0 0 -0.00118173996452242 0.797944009304047
361 0 0 -0.00113990996032953 0.781470000743866
360 0 0 -0.00109773001167923 0.765046000480652
359 0 0 -0.00105518999043852 0.748674988746643
358 0 0 -0.00101226998958737 0.732362985610962
357 0 0 -0.000968969019595534 0.716113984584808
356 0 0 -0.000925260013900697 0.699932992458344
355 0 0 -0.000881128013134003 0.683825016021729
354 0 0 -0.000836556020658463 0.66779500246048
353 0 0 -0.000791526981629431 0.651848971843719
352 0 0 -0.000746020989026874 0.635991990566254
351 0 0 -0.000700018019415438 0.62023001909256
350 11 24 -0.000653497001621872 0.604568004608154
349 0 0 -0.000606435991358012 0.589013993740082
348 0 0 -0.000558811996597797 0.573572993278503
347 0 0 -0.000510599988047034 0.558251023292542
346 0 0 -0.000461774994619191 0.54305499792099
345 0 0 -0.000412308989325538 0.527989983558655
344 0 0 -0.000362174992915243 0.513062000274658
343 0 0 -0.000311342009808868 0.498279005289078
342 0 0 -0.000259778986219317 0.483644992113113
341 0 0 -0.000207453995244578 0.46916800737381
340 0 0 -0.000154332999954931 0.454852998256683
339 0 0 -0.000100381002994254 0.440706998109818
338 0 0 -4.55623012385331E-05 0.426735997200012
337 0 0 1.01581999842892E-05 0.412946999073029
336 0 0 6.68171996949241E-05 0.399345993995667
335 0 0 0.00012445000174921 0.385940998792648
334 0 0 0.000183091993676499 0.372738987207413
333 0 0 0.000242775000515394 0.359746992588043
332 0 0 0.000303528009681031 0.346973985433578
331 0 0 0.000365379004506394 0.334428995847702
330 0 0 0.000428344996180385 0.322120010852814
329 0 0 0.000492441991809756 0.310057997703552
328 0 0 0.000557671999558806 0.298254013061523
327 0 0 0.000624029024038464 0.286718994379044
326 0 0 0.000691493973135948 0.27546501159668
325 0 0 0.000760033028200269 0.264503985643387
324 0 0 0.000829593976959586 0.253848999738693
323 0 0 0.000900109997019172 0.243513002991676
322 0 0 0.000971491972450167 0.233509004116058
321 0 0 0.00104362994898111 0.2238480001688
320 0 0 0.00111641001421958 0.214541003108025
319 0 0 0.00118968996684998 0.205597996711731
318 0 0 0.00126330996863544 0.197025999426842
317 0 0 0.00133710994850844 0.188830003142357
316 0 0 0.0014109299518168 0.181011006236076
315 0 0 0.00148460001219064 0.173568993806839
314 0 0 0.00155797996558249 0.166499003767967
313 0 0 0.00163091998547316 0.159794002771378
312 0 0 0.00170328002423048 0.15344600379467
311 0 0 0.00177495996467769 0.147440999746323
310 0 0 0.00184587005060166 0.141766995191574
309 0 0 0.00191593996714801 0.136408001184464
308 0 0 0.00198511010967195 0.131347000598907
307 0 0 0.0020533399656415 0.126569002866745
306 0 0 0.00212062988430262 0.122056998312473
305 0 0 0.00218696007505059 0.117793001234531
304 0 0 0.00225234008394182 0.113761998713017
303 0 0 0.00231678993441164 0.109949000179768
302 0 0 0.00238033989444375 0.106337003409863
301 0 0 0.00244300998747349 0.102913998067379
300 10 24 0.0025048500392586 0.0996659994125366
299 0 0 0.00256589008495212 0.096580296754837
298 0 0 0.00262617995031178 0.0936456024646759
297 0 0 0.0026857799384743 0.0908512026071548
296 0 0 0.00274471007287502 0.0881870985031128
295 0 0 0.00280303996987641 0.0856442004442215
294 0 0 0.00286080990917981 0.0832139998674393
293 0 0 0.00291807996109128 0.0808887034654617
292 0 0 0.00297488993965089 0.0786610022187233
291 0 0 0.00303128990344703 0.0765243992209435
290 0 0 0.00308733992278576 0.0744727030396461
289 0 0 0.00314307003282011 0.0725003033876419
288 0 0 0.00319854007102549 0.0706019029021263
287 0 0 0.00325381010770798 0.0687728002667427
286 0 0 0.00330889993347228 0.0670085027813911
285 0 0 0.00336389010772109 0.0653050020337105
284 0 0 0.00341879995539784 0.0636582970619202
283 0 0 0.00347369001246989 0.0620651990175247
282 0 0 0.00352861010469496 0.060522198677063
281 0 0 0.00358360004611313 0.0590264014899731
280 0 0 0.00363871990703046 0.057575099170208
279 0 0 0.0036940099671483 0.0561655983328819
278 0 0 0.00374951004050672 0.0547954998910427
277 0 0 0.00380528997629881 0.0534625984728336
276 0 0 0.00386138004250824 0.052164901047945
275 0 0 0.00391785008832812 0.0509005002677441
274 0 0 0.00397473992779851 0.0496674999594688
273 0 0 0.00403210008516908 0.048464298248291
272 0 0 0.0040899901650846 0.0472894012928009
271 0 0 0.00414845999330282 0.0461414009332657
270 0 0 0.00420757010579109 0.0450189001858234
269 0 0 0.00426738010719419 0.0439208000898361
268 0 0 0.00432795006781816 0.0428459011018276
267 0 0 0.00438932003453374 0.0417933017015457
266 0 0 0.00445157987996936 0.0407619997859001
265 0 0 0.0045147598721087 0.0397511012852192
264 0 0 0.00457894988358021 0.0387599989771843
263 0 0 0.0046441899612546 0.037788100540638
262 0 0 0.00471056019887328 0.0368346013128757
261 0 0 0.00477810995653272 0.0358993001282215
260 0 0 0.00484689977020025 0.0349817983806133
259 0 0 0.00491697993129492 0.0340817011892796
258 0 0 0.00498841982334852 0.0331990011036396
257 0 0 0.00506125018000603 0.0323337018489838
256 0 0 0.00513549987226725 0.0314857997000217
255 0 0 0.00521120987832546 0.030655600130558
254 0 0 0.00528838997706771 0.0298434998840094
253 0 0 0.00536702992394567 0.0290498994290829
252 0 0 0.00544709013774991 0.0282754991203547
251 0 0 0.00552853010594845 0.0275210998952389
250 9 24 0.00561125995591283 0.0267878007143736
249 0 0 0.00569516001269221 0.0260764006525278
248 0 0 0.00578005984425545 0.0253883004188538
247 0 0 0.00586574990302324 0.0247246995568275
246 0 0 0.00595200015231967 0.0240869000554085
245 0 0 0.00603849021717906 0.0234763007611036
244 0 0 0.00612490018829703 0.022894099354744
243 0 0 0.00621083984151483 0.0223415996879339
242 0 0 0.00629589008167386 0.0218196995556355
241 0 0 0.00637964019551873 0.0213291998952627
240 0 0 0.00646161986514926 0.0208707991987467
239 0 0 0.00654140999540687 0.0204447004944086
238 0 0 0.0066185500472784 0.0200510006397963
237 0 0 0.00669262977316976 0.0196893997490406
236 0 0 0.0067632501013577 0.0193594992160797
235 0 0 0.00683005014434457 0.0190604999661446
234 0 0 0.00689270999282598 0.0187915991991758
233 0 0 0.00695091020315886 0.0185518991202116
232 0 0 0.00700439978390932 0.0183402001857758
231 0 0 0.00705293985083699 0.0181552991271019
230 0 0 0.00709631992504001 0.0179961994290352
229 0 0 0.00713435979560018 0.0178616996854544
228 0 0 0.00716690020635724 0.0177506990730762
227 0 0 0.00719380006194115 0.0176619999110699
226 0 0 0.00721492012962699 0.0175946000963449
225 0 0 0.00723015004768968 0.0175474993884563
224 0 0 0.00723939016461372 0.0175196994096041
223 8 22 0.00724253989756107 0.017510499805212
222 0 0 0.00724068004637957 0.0175158008933067
221 0 0 0.00723274005576968 0.0175377000123262
220 0 0 0.00721846986562014 0.0175759997218847
219 0 0 0.00719778006896377 0.0176301002502441
218 0 0 0.00717061990872025 0.0176993999630213
217 0 0 0.00713689997792244 0.0177833996713161
216 0 0 0.0070965401828289 0.0178814996033907
215 0 0 0.0070494799874723 0.0179932992905378
214 0 0 0.00699564022943377 0.0181185007095337
213 0 0 0.00693495012819767 0.0182565990835428
212 0 0 0.00686733983457088 0.0184074006974697
211 0 0 0.00679273018613458 0.0185704007744789
210 0 0 0.00671104015782475 0.0187455005943775
209 0 0 0.00662221992388368 0.0189324002712965
208 0 0 0.00652616983279586 0.0191309005022049
207 0 0 0.00642282981425524 0.0193408001214266
206 0 0 0.00631210999563336 0.0195618998259306
205 0 0 0.00619394984096289 0.019794000312686
204 0 0 0.00606825994327664 0.0200370997190475
203 0 0 0.00593496020883322 0.0202910006046295
202 0 0 0.00579397985711694 0.0205554999411106
201 0 0 0.00564524019137025 0.020830599591136
200 7 24 0.00548866018652916 0.0211162995547056
199 0 0 0.00532416999340057 0.0214124005287886
198 0 0 0.00515166996046901 0.0217188000679016
197 0 0 0.00497108977288008 0.022035600617528
196 0 0 0.00478234980255365 0.0223625991493464
195 0 0 0.00458538020029664 0.0226998999714851
194 0 0 0.00438009016215801 0.0230474006384611
193 0 0 0.00416640006005764 0.0234050992876291
192 0 0 0.00394424004480243 0.0237729009240866
191 0 0 0.00371352001093328 0.0241509005427361
190 0 0 0.00347417988814414 0.0245391000062227
189 0 0 0.00322613003663719 0.0249374005943537
188 0 0 0.00296929990872741 0.0253458004444838
187 0 0 0.00270361988805234 0.025764299556613
186 0 0 0.00242901011370122 0.0261930003762245
185 0 0 0.00214540003798902 0.0266318991780281
184 0 0 0.00185273005627096 0.0270808003842831
183 0 0 0.0015509199583903 0.0275400001555681
182 0 0 0.00123992003500462 0.0280092991888523
181 0 0 0.000919652986340225 0.0284886993467808
180 0 0 0.000590065028518438 0.0289783999323845
179 0 0 0.000251098012086004 0.0294781997799873
178 0 0 -9.73044006968848E-05 0.0299881994724274
177 0 0 -0.000455191999208182 0.0305084008723497
176 0 0 -0.000822613015770912 0.0310386996716261
175 0 0 -0.0011996099492535 0.0315793007612228
174 0 0 -0.00158623000606894 0.0321299992501736
173 0 0 -0.00198250007815659 0.0326908007264137
172 0 0 -0.00238845008425415 0.0332617983222008
171 0 0 -0.00280412007123232 0.0338429994881153
170 0 0 -0.00322952005080879 0.0344341993331909
169 0 0 -0.00366467004641891 0.0350355990231037
168 0 0 -0.00410956982523203 0.0356470011174679
167 0 0 -0.00456422986462712 0.0362683013081551
166 0 0 -0.00502865016460419 0.0368997007608414
165 0 0 -0.00550282001495361 0.0375409014523029
164 0 0 -0.0059867100790143 0.0381920002400875
163 0 0 -0.00648029986768961 0.0388529002666473
162 0 0 -0.00698356004431844 0.0395235009491444
161 0 0 -0.00749643985182047 0.0402036011219025
160 0 0 -0.00801889039576054 0.0408933013677597
159 0 0 -0.00855084042996168 0.04159240052104
158 0 0 -0.00909220986068249 0.0423007011413574
157 0 0 -0.00964292977005243 0.0430181995034218
156 0 0 -0.0102028995752335 0.0437446981668472
155 0 0 -0.010772000066936 0.0444799996912479
154 0 0 -0.0113500999286771 0.0452239997684956
153 0 0 -0.0119371004402637 0.0459765009582043
152 0 0 -0.0125328004360199 0.0467372015118599
151 0 0 -0.01313710026443 0.0475060008466244
150 6 24 -0.0137497000396252 0.0482826009392738
149 0 0 -0.0143705001100898 0.0490668006241322
148 0 0 -0.0149991996586323 0.0498582981526852
147 0 0 -0.0156357008963823 0.0506566986441612
146 0 0 -0.0162796005606651 0.0514618009328842
145 0 0 -0.0169306993484497 0.0522731989622116
144 0 0 -0.0175886992365122 0.0530905984342098
143 0 0 -0.0182531997561455 0.0539136007428169
142 0 0 -0.0189239997416735 0.0547416992485523
141 0 0 -0.0196004994213581 0.0555745996534824
140 0 0 -0.0202826000750065 0.0564116984605789
139 0 0 -0.0209695994853973 0.0572525002062321
138 0 0 -0.0216611996293068 0.0580965988337994
137 0 0 -0.0223568994551897 0.0589433014392853
136 0 0 -0.0230561997741461 0.0597920008003712
135 0 0 -0.0237585008144379 0.0606422983109951
134 0 0 -0.0244631990790367 0.0614931993186474
133 0 0 -0.0251697991043329 0.0623442009091377
132 0 0 -0.0258774999529123 0.06319460272789
131 0 0 -0.0265858005732298 0.064043402671814
130 0 0 -0.0272937007248402 0.0648899972438812
129 0 0 -0.0277651995420456 0.0654525980353355
128 0 0 -0.0282359998673201 0.0660135969519615
127 0 0 -0.0287057999521494 0.0665725991129875
126 0 0 -0.0291744004935026 0.0671292990446091
125 0 0 -0.0296416003257036 0.0676835030317307
124 0 0 -0.0301070008426905 0.0682348012924194
123 0 0 -0.030570400878787 0.0687829032540321
122 0 0 -0.0310315005481243 0.069327600300312
121 0 0 -0.0314899012446404 0.0698682963848114
120 0 0 -0.0319453999400139 0.0704047977924347
119 0 0 -0.032397698611021 0.0709367990493774
118 0 0 -0.0328463017940521 0.0714638009667397
117 0 0 -0.0332909002900124 0.0719854012131691
116 0 0 -0.0337311998009682 0.0725013017654419
115 0 0 -0.0341668017208576 0.0730110034346581
114 0 0 -0.0345974005758762 0.0735140964388847
113 0 0 -0.0350224003195763 0.0740102976560593
112 0 0 -0.0354415997862816 0.0744988992810249
111 0 0 -0.0358544997870922 0.0749794989824295
110 0 0 -0.0362605005502701 0.0754517987370491
109 0 0 -0.0366594009101391 0.0759150981903076
108 0 0 -0.0370507016777992 0.0763690024614334
107 0 0 -0.0374337993562222 0.0768129006028175
106 0 0 -0.0378081984817982 0.0772463008761406
105 0 0 -0.0381736010313034 0.077668696641922
104 0 0 -0.0385292991995811 0.0780794024467468
103 0 0 -0.038874801248312 0.0784780010581017
102 0 0 -0.0392094999551773 0.0788637027144432
101 0 0 -0.0395330004394054 0.0792360007762909
100 5 24 -0.0398445017635822 0.0795942023396492
99 0 0 -0.0401436015963554 0.0799378007650375
98 0 0 -0.040429700165987 0.080265998840332
97 0 0 -0.0407020002603531 0.0805781036615372
96 0 0 -0.0409598983824253 0.0808733999729156
95 0 0 -0.041202899068594 0.0811514034867287
94 0 0 -0.0414301007986069 0.081411100924015
93 0 0 -0.0416410006582737 0.0816517993807793
92 0 0 -0.0418348014354706 0.0818729028105736
91 0 0 -0.0420108996331692 0.0820733979344368
90 0 0 -0.0421683005988598 0.0822527036070824
89 0 0 -0.0423065014183521 0.0824099034070969
88 0 0 -0.042424701154232 0.0825441032648087
87 0 0 -0.0425219014286995 0.0826544985175133
86 0 0 -0.0425975993275642 0.0827402994036674
85 0 0 -0.0426508001983166 0.0828005969524384
84 0 0 -0.042680699378252 0.0828344970941544
83 4 22 -0.0426873005926609 0.0828419029712677
82 0 0 -0.0426861010491848 0.0828405991196632
81 0 0 -0.0426752008497715 0.0828282982110977
80 0 0 -0.0426529012620449 0.0828031003475189
79 0 0 -0.0426190011203289 0.0827647969126701
78 0 0 -0.0425731986761093 0.0827130973339081
77 0 0 -0.0425151996314526 0.0826477035880089
76 0 0 -0.0424446985125542 0.0825683027505875
75 0 0 -0.0423615984618664 0.08247459679842
74 0 0 -0.0422655008733273 0.0823663994669914
73 0 0 -0.0421561002731323 0.082243300974369
72 0 0 -0.0420331992208958 0.0821050032973289
71 0 0 -0.0418963991105556 0.0819512978196144
70 0 0 -0.0417455993592739 0.0817817971110344
69 0 0 -0.0415804013609886 0.0815963000059128
68 0 0 -0.0414006002247334 0.0813945010304451
67 0 0 -0.0412058010697365 0.0811759009957314
66 0 0 -0.0409957990050316 0.0809404999017715
65 0 0 -0.0407702997326851 0.0806877017021179
64 0 0 -0.0405290015041828 0.0804174020886421
63 0 0 -0.0402715988457203 0.0801293030381203
62 0 0 -0.0399979017674923 0.0798228979110718
61 0 0 -0.039707500487566 0.0794980973005295
60 0 0 -0.0394002012908459 0.0791544988751411
59 0 0 -0.0390756018459797 0.0787917971611023
58 0 0 -0.0387335009872913 0.0784097015857697
57 0 0 -0.038373701274395 0.0780078992247581
56 0 0 -0.0379956997931004 0.0775861963629723
55 0 0 -0.0375993996858597 0.0771441012620926
54 0 0 -0.0371843986213207 0.0766815021634102
53 0 0 -0.0367505997419357 0.0761979967355728
52 0 0 -0.0362975001335144 0.0756933018565178
51 0 0 -0.0358248986303806 0.0751670971512794
50 3 24 -0.0353326015174389 0.0746191963553429
49 0 0 -0.0348201990127563 0.0740493014454842
48 0 0 -0.0342876017093658 0.0734570026397705
47 0 0 -0.0337343998253345 0.0728422030806541
46 0 0 -0.0331603996455669 0.0722045004367828
45 0 0 -0.0325654000043869 0.0715437009930611
44 0 0 -0.0319489985704422 0.0708594992756844
43 0 0 -0.0313110984861851 0.0701515972614288
42 0 0 -0.0306512992829084 0.0694198980927467
41 0 0 -0.0299695003777742 0.0686639994382858
40 0 0 -0.0292655006051064 0.0678837969899178
39 0 0 -0.0285388994961977 0.0670789033174515
38 0 0 -0.0277896001935005 0.0662491992115974
37 0 0 -0.0270175002515316 0.0653944984078407
36 0 0 -0.026222100481391 0.0645145028829575
35 0 0 -0.0254034996032715 0.0636089965701103
34 0 0 -0.0245613008737564 0.0626778975129128
33 0 0 -0.0236953999847174 0.0617210008203983
32 0 0 -0.0228057000786066 0.0607380010187626
31 0 0 -0.0218918994069099 0.0597289018332958
30 0 0 -0.0209538992494345 0.0586934015154839
29 0 0 -0.0199916008859873 0.0576313994824886
28 0 0 -0.019004799425602 0.0565427988767624
27 0 0 -0.0179933998733759 0.0554274991154671
26 0 0 -0.0169571992009878 0.0542852990329266
25 0 0 -0.0158961992710829 0.0531161017715931
24 0 0 -0.0148103004321456 0.0519198998808861
23 0 0 -0.0136992996558547 0.05069649964571
22 0 0 -0.0125631997361779 0.0494459010660648
21 0 0 -0.0114019000902772 0.0481679998338223
20 0 0 -0.0102153997868299 0.0468627996742725
19 0 0 -0.00900361035019159 0.0455302000045776
18 0 0 -0.00776648987084627 0.0441703014075756
17 0 0 -0.00650402018800378 0.0427828989923
16 0 0 -0.00521619012579322 0.0413681007921696
15 0 0 -0.00390299991704524 0.0399258993566036
14 0 0 -0.00256445002742112 0.0384563989937305
13 0 0 -0.00120058003813028 0.0369594991207123
12 0 0 0.000188599995453842 0.0354353003203869
11 0 0 0.00160303001757711 0.0338838994503021
10 0 0 0.00304265995509923 0.0323053002357483
9 0 0 0.00450742989778519 0.0306997001171112
8 0 0 0.00599726010113955 0.0290670990943909
7 0 0 0.00751205021515489 0.0274077001959085
6 0 0 0.00905170012265444 0.0257214996963739
5 0 0 0.0100918998941779 0.0245826002210379
4 0 0 0.0107915000990033 0.0238167997449636
3 0 0 0.0112605001777411 0.0233033001422882
2 0 0 0.0115743996575475 0.0229596998542547
1 0 0 0.0119944997131824 0.0225000008940697
1 0 0 0.0119944997131824 0.0225000008940697
2 0 0 0.0124161997810006 0.0220384001731873
3 0 0 0.0127336997538805 0.0216911006718874
4 0 0 0.0132115995511413 0.0211680997163057
5 0 0 0.0139325000345707 0.0203793998807669
6 0 0 0.0150228003039956 0.0191865991801023
7 0 0 0.016678599640727 0.0173758007586002
8 0 0 0.0183584000915289 0.0155392000451684
9 0 0 0.0200621001422405 0.0136769004166126
10 0 0 0.021789500489831 0.0117892995476723
11 0 0 0.0235405005514622 0.00987644959241152
12 0 0 0.025314699858427 0.00793868023902178
13 0 0 0.0271121002733707 0.00597620010375977
14 0 0 0.0289324000477791 0.00398926017805934
15 0 0 0.030775299295783 0.00197813007980585
16 0 0 0.0326405987143517 -5.69133007957134E-05
17 0 0 0.0345279984176159 -0.00211560004390776
18 0 0 0.0364373996853828 -0.00419763987883925
19 0 0 0.0383684001863003 -0.0063027199357748
20 0 0 0.040320698171854 -0.00843054987490177
21 0 0 0.0422942005097866 -0.0105807995423675
22 0 0 0.0442882999777794 -0.0127531997859478
23 0 0 0.0463030003011227 -0.0149472998455167
24 0 0 0.0483378991484642 -0.0171627998352051
25 2 29 0.0503925010561943 -0.0193994995206594
