597 20 29 -0.050008699297905 26.9542007446289
596 0 0 -0.0498197004199028 26.8542003631592
595 0 0 -0.0496307015419006 26.7541999816895
594 0 0 -0.0494416989386082 26.6541996002197
593 0 0 -0.049252700060606 26.55419921875
592 0 0 -0.0490636005997658 26.4542007446289
591 0 0 -0.0488746017217636 26.3542003631592
590 0 0 -0.0486854985356331 26.2541999816895
589 0 0 -0.0484963990747929 26.1541996002197
588 0 0 -0.0483072996139526 26.05419921875
587 0 0 -0.0481180995702744 25.9542007446289
586 0 0 -0.0479290001094341 25.8542003631592
585 0 0 -0.0477398000657558 25.7541999816895
584 0 0 -0.0475506000220776 25.6543006896973
583 0 0 -0.0473613999783993 25.5543003082275
582 0 0 -0.047172199934721 25.4542999267578
581 0 0 -0.0469828993082047 25.3542995452881
580 0 0 -0.0467935986816883 25.2542991638184
579 0 0 -0.0466043017804623 25.1543006896973
578 0 0 -0.0464150011539459 25.0543003082275
577 0 0 -0.0462257005274296 24.9542999267578
576 0 0 -0.0460362993180752 24.8542995452881
575 0 0 -0.0458469018340111 24.7542991638184
574 0 0 -0.0456575006246567 24.6543006896973
573 0 0 -0.0454680994153023 24.5543003082275
572 0 0 -0.0452786982059479 24.4542999267578
571 0 0 -0.0450892001390457 24.3542995452881
570 0 0 -0.0448996983468533 24.2544002532959
569 0 0 -0.0447102002799511 24.1543998718262
568 0 0 -0.0445206016302109 24.0543994903564
567 0 0 -0.0443309992551804 23.9543991088867
566 0 0 -0.0441414006054401 23.8544006347656
565 0 0 -0.0439517982304096 23.7544002532959
564 0 0 -0.0437621995806694 23.6543998718262
563 0 0 -0.0435725003480911 23.5543994903564
562 0 0 -0.0433828011155128 23.4543991088867
561 0 0 -0.0431930981576443 23.3544006347656
560 0 0 -0.0430032983422279 23.2544002532959
559 0 0 -0.0428134985268116 23.1544990539551
558 0 0 -0.0426236987113953 23.054500579834
557 0 0 -0.0424338988959789 22.9545001983643
556 0 0 -0.0422439984977245 22.8544998168945
555 0 0 -0.0420541018247604 22.7544994354248
554 0 0 -0.041864100843668 22.6544990539551
553 0 0 -0.0416742004454136 22.554500579834
552 0 0 -0.0414841994643211 22.4545001983643
551 0 0 -0.0412941984832287 22.3544998168945
550 19 24 -0.0411041006445885 22.2546005249023
549 0 0 -0.040913999080658 22.1546001434326
548 0 0 -0.0407239012420177 22.0545997619629
547 0 0 -0.0405336990952492 21.9545993804932
546 0 0 -0.0403435006737709 21.8546009063721
545 0 0 -0.0401532985270023 21.7546005249023
544 0 0 -0.039962999522686 21.6546001434326
543 0 0 -0.0397727005183697 21.5547008514404
542 0 0 -0.0395824015140533 21.4547004699707
541 0 0 -0.0393919982016087 21.354700088501
540 0 0 -0.0392015986144543 21.2546997070313
539 0 0 -0.0390111990272999 21.1546993255615
538 0 0 -0.0388206988573074 21.0547008514404
537 0 0 -0.038630198687315 20.9547996520996
536 0 0 -0.0384396016597748 20.8547992706299
535 0 0 -0.0382490009069443 20.7548007965088
534 0 0 -0.0380582995712757 20.6548004150391
533 0 0 -0.0378675982356071 20.5548000335693
532 0 0 -0.0376769006252289 20.4547996520996
531 0 0 -0.0374860987067223 20.3549003601074
530 0 0 -0.0372953005135059 20.2548999786377
529 0 0 -0.0371044985949993 20.154899597168
528 0 0 -0.0369134992361069 20.0548992156982
527 0 0 -0.0367226004600525 19.9549007415771
526 0 0 -0.03653160110116 19.8549995422363
525 0 0 -0.0363405011594296 19.7549991607666
524 0 0 -0.0361494012176991 19.6550006866455
523 0 0 -0.0359583012759686 19.5550003051758
522 0 0 -0.0357671007514 19.455099105835
521 0 0 -0.0355757996439934 19.3551006317139
520 0 0 -0.0353844985365868 19.2551002502441
519 0 0 -0.0351932011544704 19.1550998687744
518 0 0 -0.0350017994642258 19.0552005767822
517 0 0 -0.0348103009164333 18.9552001953125
516 0 0 -0.0346187986433506 18.8551998138428
515 0 0 -0.0344271995127201 18.755199432373
514 0 0 -0.0342356003820896 18.6553001403809
513 0 0 -0.0340439006686211 18.5552997589111
512 0 0 -0.0338522009551525 18.4552993774414
511 0 0 -0.0336604006588459 18.3553009033203
510 0 0 -0.0334684997797012 18.2553997039795
509 0 0 -0.0332765989005566 18.1553993225098
508 0 0 -0.0330846011638641 18.0554008483887
507 0 0 -0.0328924991190434 17.9554996490479
506 0 0 -0.0327004007995129 17.8554992675781
505 0 0 -0.032508198171854 17.755500793457
504 0 0 -0.0323158986866474 17.6555995941162
503 0 0 -0.0321235992014408 17.5555992126465
502 0 0 -0.0319311991333961 17.4556007385254
501 0 0 -0.0317387990653515 17.3556995391846
500 18 24 -0.031546201556921 17.2556991577148
499 0 0 -0.0313536003232002 17.1557998657227
498 0 0 -0.0311609003692865 17.0557994842529
497 0 0 -0.0309682004153728 16.9557991027832
496 0 0 -0.030775299295783 16.855899810791
495 0 0 -0.0305824000388384 16.7558994293213
494 0 0 -0.0303894001990557 16.6560001373291
493 0 0 -0.0301962997764349 16.5559997558594
492 0 0 -0.0300031993538141 16.4559993743896
491 0 0 -0.0298098996281624 16.3561000823975
490 0 0 -0.0296165999025106 16.2560997009277
489 0 0 -0.0294231995940208 16.1562004089355
488 0 0 -0.0292297005653381 16.0562000274658
487 0 0 -0.0290360990911722 15.9562997817993
486 0 0 -0.0288424007594585 15.8563003540039
485 0 0 -0.0286485999822617 15.7564001083374
484 0 0 -0.0284547004848719 15.6563997268677
483 0 0 -0.0282607991248369 15.5565004348755
482 0 0 -0.0280667003244162 15.4565000534058
481 0 0 -0.0278724990785122 15.3565998077393
480 0 0 -0.0276781991124153 15.2566003799438
479 0 0 -0.0274838991463184 15.1567001342773
478 0 0 -0.0272893998771906 15.0566997528076
477 0 0 -0.0270948000252247 14.9568004608154
476 0 0 -0.0269000995904207 14.8568000793457
475 0 0 -0.0267053004354239 14.7568998336792
474 0 0 -0.0265104006975889 14.6569995880127
473 0 0 -0.0263154003769159 14.5570001602173
472 0 0 -0.026120200753212 14.4570999145508
471 0 0 -0.0259249992668629 14.3570995330811
470 0 0 -0.0257296003401279 14.2572002410889
469 0 0 -0.025534100830555 14.1572999954224
468 0 0 -0.0253384001553059 14.0572996139526
467 0 0 -0.0251426994800568 13.9574003219604
466 0 0 -0.0249467995017767 13.8575000762939
465 0 0 -0.0247508008033037 13.7574996948242
464 0 0 -0.0245545990765095 13.657600402832
463 0 0 -0.0243583004921675 13.5577001571655
462 0 0 -0.0241618994623423 13.457799911499
461 0 0 -0.0239652991294861 13.3577995300293
460 0 0 -0.023768600076437 13.2579002380371
459 0 0 -0.0235718004405499 13.1579999923706
458 0 0 -0.0233747996389866 13.0580997467041
457 0 0 -0.0231775995343924 12.9581003189087
456 0 0 -0.0229803007096052 12.8582000732422
455 0 0 -0.022782800719142 12.7582998275757
454 0 0 -0.0225852001458406 12.6583995819092
453 0 0 -0.0223874002695084 12.558500289917
452 0 0 -0.022189499810338 12.4584999084473
451 0 0 -0.0219914000481367 12.3585996627808
450 17 24 -0.0217930991202593 12.2587003707886
449 0 0 -0.0215946994721889 12.1588001251221
448 0 0 -0.0213959999382496 12.0588998794556
447 0 0 -0.0211971998214722 11.9589996337891
446 0 0 -0.0209982004016638 11.8591003417969
445 0 0 -0.0207989998161793 11.7592000961304
444 0 0 -0.0205997005105019 11.6592998504639
443 0 0 -0.0204000994563103 11.5593996047974
442 0 0 -0.0202003996819258 11.4595003128052
441 0 0 -0.0200004000216722 11.3596000671387
440 0 0 -0.0198002997785807 11.2596998214722
439 0 0 -0.0195998996496201 11.1597995758057
438 0 0 -0.0193993002176285 11.0600004196167
437 0 0 -0.0191984996199608 10.9601001739502
436 0 0 -0.0189974997192621 10.8601999282837
435 0 0 -0.0187963005155325 10.7602996826172
434 0 0 -0.0185949001461267 10.660400390625
433 0 0 -0.018393199890852 10.5606002807617
432 0 0 -0.0181913003325462 10.4607000350952
431 0 0 -0.0179891008883715 10.3607997894287
430 0 0 -0.0177868008613586 10.2609996795654
429 0 0 -0.0175841003656387 10.1611003875732
428 0 0 -0.0173812005668879 10.06130027771
427 0 0 -0.0171780996024609 9.96140956878662
426 0 0 -0.01697470061481 9.86155986785889
425 0 0 -0.016771100461483 9.76171970367432
424 0 0 -0.0165670998394489 9.66187953948975
423 0 0 -0.0163628999143839 9.56204986572266
422 0 0 -0.0161584001034498 9.46222019195557
421 0 0 -0.0159536991268396 9.36238956451416
420 0 0 -0.0157485995441675 9.26257991790771
419 0 0 -0.0155432997271419 9.16275978088379
418 0 0 -0.0153376003727317 9.06295967102051
417 0 0 -0.0151316998526454 8.96315956115723
416 0 0 -0.0149253997951746 8.86336040496826
415 0 0 -0.0147187998518348 8.76356983184814
414 0 0 -0.0145119000226259 8.66378974914551
413 0 0 -0.014304700307548 8.56402015686035
412 0 0 -0.0140971997752786 8.46426010131836
411 0 0 -0.0138892000541091 8.36450004577637
410 0 0 -0.0136810000985861 8.26474952697754
409 0 0 -0.013472399674356 8.16501045227051
408 0 0 -0.0132633997127414 8.06527996063232
407 0 0 -0.0130540998652577 7.96555995941162
406 0 0 -0.0128726996481419 7.879310131073
405 0 0 -0.012691100127995 7.79306983947754
404 0 0 -0.0125091997906566 7.70684003829956
403 0 0 -0.0123268999159336 7.62061023712158
402 0 0 -0.0121443998068571 7.53439998626709
401 0 0 -0.0119615998119116 7.44819021224976
400 16 24 -0.0117784002795815 7.36199998855591
399 0 0 -0.0115949995815754 7.27580976486206
398 0 0 -0.0114112002775073 7.18963003158569
397 0 0 -0.0112271001562476 7.10346984863281
396 0 0 -0.0110427001491189 7.01731014251709
395 0 0 -0.0108578996732831 6.93116998672485
394 0 0 -0.0106728002429008 6.84503984451294
393 0 0 -0.0104873003438115 6.75892019271851
392 0 0 -0.0103014996275306 6.67281007766724
391 0 0 -0.0101153999567032 6.58671998977661
390 0 0 -0.00992885045707226 6.50063991546631
389 0 0 -0.0097419498488307 6.41456985473633
388 0 0 -0.00955465994775295 6.32851982116699
387 0 0 -0.00936699006706476 6.24247980117798
386 0 0 -0.00917892996221781 6.15645980834961
385 0 0 -0.00899047031998634 6.07045984268188
384 0 0 -0.00880159996449947 5.98445987701416
383 0 0 -0.00861230958253145 5.8984899520874
382 0 0 -0.00842260010540485 5.81253004074097
381 0 0 -0.00823245011270046 5.72659015655518
380 0 0 -0.0080418698489666 5.64066982269287
379 0 0 -0.00785083044320345 5.55475997924805
378 0 0 -0.0076593398116529 5.46888017654419
377 0 0 -0.00746737979352474 5.3830099105835
376 0 0 -0.0073391399346292 5.32576990127563
375 0 0 -0.00721067981794477 5.2685399055481
374 0 0 -0.00708201015368104 5.2113299369812
373 0 0 -0.0069531099870801 5.15411996841431
372 0 0 -0.00682399002835155 5.09690999984741
371 0 0 -0.0066946498118341 5.03972005844116
370 0 0 -0.00656506977975368 4.98254013061523
369 0 0 -0.00643524993211031 4.92536020278931
368 0 0 -0.006305200047791 4.86819982528687
367 0 0 -0.00617490988224745 4.81103992462158
366 0 0 -0.00604437012225389 4.75389003753662
365 0 0 -0.00591357983648777 4.69675016403198
364 0 0 -0.00578253995627165 4.63961982727051
363 0 0 -0.00565123977139592 4.58249998092651
362 0 0 -0.00551968021318316 4.52539014816284
361 0 0 -0.00538785010576248 4.46827983856201
360 0 0 -0.00525574991479516 4.41119003295898
359 0 0 -0.00512338010594249 4.35410022735596
358 0 0 -0.00499072996899486 4.29701995849609
357 0 0 -0.00485779996961355 4.23995018005371
356 0 0 -0.00472457986325026 4.18288993835449
355 0 0 -0.00459105987101793 4.12584018707275
354 0 0 -0.00445724977180362 4.06879997253418
353 0 0 -0.00432313000783324 4.01176023483276
352 0 0 -0.00418870011344552 3.95473003387451
351 0 0 -0.00405396008864045 3.89771008491516
350 15 24 -0.003918900154531 3.84069991111755
349 0 0 -0.00378351006656885 3.78369998931885
348 0 0 -0.00364779005758464 3.72670006752014
347 0 0 -0.00351173989474773 3.6697199344635
346 0 0 -0.00337533000856638 3.61273002624512
345 0 0 -0.00323857995681465 3.5557599067688
344 0 0 -0.00310146994888783 3.49879002571106
343 0 0 -0.00296399998478591 3.44182991981506
342 0 0 -0.00282615004107356 3.38488006591797
341 0 0 -0.0026879298966378 3.32792997360229
340 0 0 -0.00254931999370456 3.27098989486694
339 0 0 -0.0024103200994432 3.21405005455017
338 0 0 -0.00227090995758772 3.15711998939514
337 0 0 -0.00213110004551709 3.10019993782043
336 0 0 -0.00199086009524763 3.04327988624573
335 0 0 -0.00185021001379937 2.9863600730896
334 0 0 -0.00170910998713225 2.92945003509521
333 0 0 -0.00156757002696395 2.87255001068115
332 0 0 -0.00142558000516146 2.81564998626709
331 0 0 -0.00128312001470476 2.75874996185303
330 0 0 -0.0011401999508962 2.70184993743896
329 0 0 -0.000996783026494086 2.64495992660522
328 0 0 -0.000852876983117312 2.58807992935181
327 0 0 -0.000708465988282114 2.53118991851807
326 0 0 -0.000563538982532918 2.47430992126465
325 0 0 -0.000418084004195407 2.41742992401123
324 0 0 -0.000272089993814006 2.36055994033813
323 0 0 -0.000125545004266314 2.30367994308472
322 0 0 2.1565299903159E-05 2.24680995941162
321 0 0 0.000169253005879 2.18993997573853
320 0 0 0.000317531987093389 2.13306999206543
319 0 0 0.000466416007839143 2.07621002197266
318 0 0 0.000615919998381287 2.01934003829956
317 0 0 0.000766058976296335 1.9624799489975
316 0 0 0.000916848017368466 1.90561997890472
315 0 0 0.00106829998549074 1.84876000881195
314 0 0 0.00122044002637267 1.79190003871918
313 0 0 0.0013222600100562 1.75399994850159
312 0 0 0.00142439000774175 1.71608996391296
311 0 0 0.00152685004286468 1.67818999290466
310 0 0 0.00162962998729199 1.64029002189636
309 0 0 0.00173274998087436 1.60239005088806
308 0 0 0.00183621002361178 1.56448996067047
307 0 0 0.00194000999908894 1.52658998966217
306 0 0 0.00204416993074119 1.48869001865387
305 0 0 0.00214868993498385 1.4507999420166
304 0 0 0.0022535698954016 1.4128999710083
303 0 0 0.00235883006826043 1.37501001358032
302 0 0 0.00246445997618139 1.33712005615234
301 0 0 0.00257048988714814 1.29922997951508
300 14 24 0.00267691002227366 1.2613400220871
299 0 0 0.00278372992761433 1.22345995903015
298 0 0 0.0028909700922668 1.18557000160217
297 0 0 0.0029986200388521 1.14769995212555
296 0 0 0.0031067100353539 1.10982000827789
295 0 0 0.00321524008177221 1.07193994522095
294 0 0 0.00332420994527638 1.03408002853394
293 0 0 0.00343364011496305 0.996209979057312
292 0 0 0.00350684998556972 0.970968008041382
291 0 0 0.00358028011396527 0.94572901725769
290 0 0 0.00365392002277076 0.920491993427277
289 0 0 0.0037277799565345 0.895258009433746
288 0 0 0.0038018599152565 0.870025992393494
287 0 0 0.00387615989893675 0.844797015190125
286 0 0 0.00395068991929293 0.819570004940033
285 0 0 0.00402546022087336 0.794346988201141
284 0 0 0.00410046009346843 0.769128024578094
283 0 0 0.00417569978162646 0.743911027908325
282 0 0 0.00425118021667004 0.718698978424072
281 0 0 0.00432692002505064 0.693490982055664
280 0 0 0.00440290011465549 0.668286979198456
279 0 0 0.0044791498221457 0.643087983131409
278 0 0 0.00455565005540848 0.617893993854523
277 0 0 0.00463241990655661 0.592705011367798
276 0 0 0.00470945984125137 0.567521989345551
275 0 0 0.0047867801040411 0.542346000671387
274 0 0 0.0048643802292645 0.5171759724617
273 0 0 0.0049422699958086 0.49201300740242
272 0 0 0.00502044009044766 0.466857999563217
271 0 0 0.00507273012772202 0.450091987848282
270 0 0 0.00512513983994722 0.43333101272583
269 0 0 0.00517769996076822 0.416572988033295
268 0 0 0.00523039000108838 0.399819999933243
267 0 0 0.00528322020545602 0.38307198882103
266 0 0 0.00533619010820985 0.366328001022339
265 0 0 0.00538930995389819 0.349588990211487
264 0 0 0.00544256996363401 0.332855999469757
263 0 0 0.00549597991630435 0.316127985715866
262 0 0 0.00554953003302217 0.299407005310059
261 0 0 0.00560323987156153 0.28269100189209
260 0 0 0.00565710011869669 0.265982985496521
259 0 0 0.0057111200876534 0.249281004071236
258 0 0 0.00576528999954462 0.232586994767189
257 0 0 0.00581962009891868 0.215901002287865
256 0 0 0.0058741201646626 0.19922399520874
255 0 0 0.00592877995222807 0.182556003332138
254 0 0 0.00598359992727637 0.165896996855736
253 0 0 0.00603858986869454 0.149250000715256
252 0 0 0.0060937600210309 0.132613003253937
251 0 0 0.00614908989518881 0.115988001227379
250 13 24 0.0062045999802649 0.0993760973215103
249 0 0 0.0062602898105979 0.0827779993414879
248 0 0 0.00631615007296205 0.0661948993802071
247 0 0 0.00637219985947013 0.0496280007064342
246 0 0 0.00642842007800937 0.0330785997211933
245 0 0 0.00648482982069254 0.0165481008589268
244 0 0 0.00654143001884222 3.83584992960095E-05
243 0 0 0.0065982099622488 -0.016448799520731
242 0 0 0.00665517011657357 -0.0329113006591797
241 0 0 0.00671231979504228 -0.049346599727869
240 0 0 0.00676965015009046 -0.0657519027590752
239 0 0 0.00682715978473425 -0.0821242034435272
238 0 0 0.00688485009595752 -0.0984596014022827
237 0 0 0.00694272015243769 -0.114753998816013
236 0 0 0.0070007499307394 -0.131001994013786
235 0 0 0.00705893989652395 -0.147198006510735
234 0 0 0.00711727980524302 -0.163335993885994
233 0 0 0.00717575009912252 -0.179406002163887
232 0 0 0.00723432004451752 -0.19539800286293
231 0 0 0.00729297008365393 -0.211300998926163
230 0 0 0.00735166994854808 -0.227098003029823
229 0 0 0.00741034001111984 -0.242771998047829
228 0 0 0.00746894022449851 -0.258296012878418
227 0 0 0.00752734998241067 -0.273640990257263
226 0 0 0.00758545007556677 -0.288763999938965
225 0 0 0.00764303980395198 -0.303611010313034
224 0 0 0.00769985001534224 -0.31810599565506
223 0 0 0.00775549979880452 -0.332143008708954
222 0 0 0.00780938984826207 -0.345573008060455
221 0 0 0.00786064006388187 -0.358175992965698
220 0 0 0.00790792983025312 -0.369634985923767
219 0 0 0.00794930011034012 -0.37949600815773
218 0 0 0.00798206031322479 -0.387167990207672
217 0 0 0.00800320971757174 -0.392026007175446
216 12 22 0.0080104898661375 -0.393667012453079
215 0 0 0.00801001023501158 -0.393559992313385
214 0 0 0.00799954030662775 -0.391276985406876
213 0 0 0.00797699019312859 -0.386449992656708
212 0 0 0.00794466957449913 -0.379669994115829
211 0 0 0.00790465995669365 -0.3714359998703
210 0 0 0.00785855017602444 -0.362120002508163
209 0 0 0.00780752021819353 -0.351992011070251
208 0 0 0.00775245018303394 -0.341246008872986
207 0 0 0.00769395008683205 -0.330020993947983
206 0 0 0.00763252982869744 -0.318419992923737
205 0 0 0.00756852980703115 -0.306522011756897
204 0 0 0.00750224012881517 -0.294387012720108
203 0 0 0.00743390014395118 -0.282063007354736
202 0 0 0.00736367981880903 -0.269587993621826
201 0 0 0.00729173980653286 -0.256992995738983
200 11 24 0.0072181997820735 -0.244303002953529
199 0 0 0.00714317010715604 -0.231542006134987
198 0 0 0.00706674018874764 -0.218728005886078
197 0 0 0.00698899012058973 -0.205877006053925
196 0 0 0.00690999999642372 -0.193003997206688
195 0 0 0.00682984013110399 -0.180123999714851
194 0 0 0.006748559884727 -0.167246997356415
193 0 0 0.00666621001437306 -0.1543850004673
192 0 0 0.00658287014812231 -0.141550004482269
191 0 0 0.00649857008829713 -0.128750994801521
190 0 0 0.00641336990520358 -0.11599799990654
189 0 0 0.0063273198902607 -0.103299997746944
188 0 0 0.00624046986922622 -0.0906670019030571
187 0 0 0.00615287991240621 -0.0781083032488823
186 0 0 0.00606459006667137 -0.0656329989433289
185 0 0 0.00597567018121481 -0.0532504990696907
184 0 0 0.00588617008179426 -0.0409699007868767
183 0 0 0.00579614983871579 -0.0288008991628885
182 0 0 0.00570568023249507 -0.0167530998587608
181 0 0 0.00561483018100262 -0.00483636977151036
180 0 0 0.00552366022020578 0.00693935016170144
179 0 0 0.00543227000162005 0.01856379956007
178 0 0 0.00534072984009981 0.0300264991819859
177 0 0 0.00524913985282183 0.0413166992366314
176 0 0 0.0051575698889792 0.0524237006902695
175 0 0 0.00506614986807108 0.0633364021778107
174 0 0 0.00497495988383889 0.0740436986088753
173 0 0 0.00488414010033011 0.0845341980457306
172 0 0 0.00479377992451191 0.0947967022657394
171 0 0 0.00470403023064137 0.104819998145103
170 0 0 0.00461501022800803 0.114592999219894
169 0 0 0.00452684983611107 0.124104000627995
168 0 0 0.00443969015032053 0.133343994617462
167 0 0 0.00435368018224835 0.142300993204117
166 0 0 0.00426896987482905 0.150967001914978
165 0 0 0.00418571010231972 0.159330993890762
164 0 0 0.00410404009744525 0.167386993765831
163 0 0 0.00402410980314016 0.175125002861023
162 0 0 0.00394607987254858 0.182539999485016
161 0 0 0.00387007999233902 0.189627006649971
160 0 0 0.00379626010544598 0.196381002664566
159 0 0 0.00372474989853799 0.202797994017601
158 0 0 0.00365569000132382 0.208877995610237
157 0 0 0.00358918006531894 0.214618995785713
156 0 0 0.00352535001002252 0.220021992921829
155 0 0 0.00346428994089365 0.225088998675346
154 0 0 0.0034060999751091 0.229822993278503
153 0 0 0.00335085997357965 0.234228998422623
152 0 0 0.00329863000661135 0.238309994339943
151 0 0 0.00324948993511498 0.242074996232986
150 10 24 0.00320347002707422 0.245528995990753
149 0 0 0.0031606201082468 0.248680993914604
148 0 0 0.0031209799926728 0.251538008451462
147 0 0 0.00308453990146518 0.254110991954803
146 0 0 0.00305134011432528 0.256408005952835
145 0 0 0.00302137993276119 0.258439004421234
144 0 0 0.00299464003182948 0.260215014219284
143 0 0 0.00297112995758653 0.261745005846024
142 0 0 0.00295082991942763 0.263038992881775
141 0 0 0.00293371011503041 0.264108002185822
140 0 0 0.00291975005529821 0.264961987733841
139 0 0 0.00290891993790865 0.265610009431839
138 0 0 0.00290119997225702 0.266063988208771
137 0 0 0.00289654009975493 0.266332000494003
136 9 22 0.00289491005241871 0.266424000263214
135 0 0 0.0028957799077034 0.266375988721848
134 0 0 0.00289953011088073 0.266173005104065
133 0 0 0.00290620001032948 0.265819013118744
132 0 0 0.00291575002484024 0.265321999788284
131 0 0 0.00292814010754228 0.26469099521637
130 0 0 0.00294331996701658 0.263933002948761
129 0 0 0.00296125002205372 0.263056010007858
128 0 0 0.00298190000467002 0.2620669901371
127 0 0 0.00300521007739007 0.260973006486893
126 0 0 0.0030311499722302 0.259779989719391
125 0 0 0.00305968010798097 0.258495002985001
124 0 0 0.00309074996039271 0.257124006748199
123 0 0 0.00312433997169137 0.255672991275787
122 0 0 0.00316039007157087 0.254146009683609
121 0 0 0.00319886999204755 0.252550005912781
120 0 0 0.00323974993079901 0.250889986753464
119 0 0 0.00328298006206751 0.249169006943703
118 0 0 0.00332853989675641 0.247392997145653
117 0 0 0.00337638007476926 0.245565995573997
116 0 0 0.00342648010700941 0.243691995739937
115 0 0 0.00347878993488848 0.241775006055832
114 0 0 0.00353329000063241 0.239819005131721
113 0 0 0.00358995003625751 0.237827003002167
112 0 0 0.00364872999489307 0.235802993178368
111 0 0 0.00370960007421672 0.233750000596046
110 0 0 0.00377254001796246 0.231670007109642
109 0 0 0.00383750000037253 0.229568004608154
108 0 0 0.00390448002144694 0.227445006370544
107 0 0 0.00397343002259731 0.225303992629051
106 0 0 0.00404433021321893 0.223148003220558
105 0 0 0.00411714985966682 0.220979005098343
104 0 0 0.00419186986982822 0.218798995018005
103 0 0 0.00426847022026777 0.216609999537468
102 0 0 0.00434690015390515 0.214414998888969
101 0 0 0.00440020021051168 0.212948992848396
100 8 24 0.00445431005209684 0.211482003331184
99 0 0 0.00450919987633824 0.210013002157211
98 0 0 0.00456489017233253 0.208544000983238
97 0 0 0.00462135020643473 0.207074999809265
96 0 0 0.00467859022319317 0.205606997013092
95 0 0 0.0047365901991725 0.204139992594719
94 0 0 0.00479535013437271 0.202674001455307
93 0 0 0.00485485978424549 0.201208993792534
92 0 0 0.00491510983556509 0.199746996164322
91 0 0 0.00497609982267022 0.19828799366951
90 0 0 0.00503781996667385 0.196832001209259
89 0 0 0.00510026002302766 0.195379003882408
88 0 0 0.00516341999173164 0.193930000066757
87 0 0 0.00522729009389877 0.192485004663467
86 0 0 0.00529186008498073 0.191044002771378
85 0 0 0.0053571299649775 0.189607992768288
84 0 0 0.00542308017611504 0.18817800283432
83 0 0 0.00548972003161907 0.186752006411552
82 0 0 0.00555702019482851 0.185332000255585
81 0 0 0.00562500022351742 0.183918997645378
80 0 0 0.00569364009425044 0.182511001825333
79 0 0 0.00576291978359222 0.181109994649887
78 0 0 0.00583285978063941 0.179716005921364
77 0 0 0.00590342981740832 0.178327992558479
76 0 0 0.00597462989389896 0.176947996020317
75 0 0 0.00604646001011133 0.175575003027916
74 0 0 0.00611890014261007 0.174209997057915
73 0 0 0.0061919498257339 0.172851994633675
72 0 0 0.00626560021191835 0.171503007411957
71 0 0 0.00633984012529254 0.170162007212639
70 0 0 0.00641467003151774 0.168828994035721
69 0 0 0.00649008015170693 0.167504996061325
68 0 0 0.00656604999676347 0.16618900001049
67 0 0 0.00664258981123567 0.164883002638817
66 0 0 0.00671966979280114 0.163585007190704
65 0 0 0.00679730996489525 0.162296995520592
64 0 0 0.00687548005953431 0.161017999053001
63 0 0 0.00695416983217001 0.159749001264572
62 0 0 0.00703338021412492 0.158489003777504
61 0 0 0.00711310980841517 0.157239004969597
60 0 0 0.00719333020970225 0.155999004840851
59 0 0 0.00727404002100229 0.154769003391266
58 0 0 0.00735522992908955 0.153549000620842
57 0 0 0.00743689993396401 0.152338996529579
56 0 0 0.00751901976764202 0.151140004396439
55 0 0 0.00760160014033318 0.149950996041298
54 0 0 0.00768460985273123 0.148772001266479
53 0 0 0.00776806008070707 0.147604003548622
52 0 0 0.00785193033516407 0.146447002887726
51 0 0 0.00793620012700558 0.145300999283791
50 7 24 0.00802087038755417 0.144164994359016
49 0 0 0.00810592994093895 0.143040999770164
48 0 0 0.00819136016070843 0.141927003860474
47 0 0 0.00827714987099171 0.140824005007744
46 0 0 0.00836328975856304 0.139733001589775
45 0 0 0.00844976026564837 0.138651996850967
44 0 0 0.00853656977415085 0.137583002448082
43 0 0 0.00862368009984493 0.136526003479958
42 0 0 0.00871108006685972 0.135479003190994
41 0 0 0.00879877991974354 0.134443998336792
40 0 0 0.00888673961162567 0.133421003818512
39 0 0 0.0089749600738287 0.132407993078232
38 0 0 0.00906340964138508 0.131408005952835
37 0 0 0.00915210042148829 0.130419000983238
36 0 0 0.00924098957329988 0.129440993070602
35 0 0 0.0093300798907876 0.128474995493889
34 0 0 0.00941934995353222 0.127520993351936
33 0 0 0.00950878020375967 0.126578003168106
32 0 0 0.00959836039692163 0.125646993517876
31 0 0 0.00968805979937315 0.124728001654148
30 0 0 0.00977788027375937 0.123820997774601
29 0 0 0.00986780039966106 0.122924998402596
28 0 0 0.00995779037475586 0.122041001915932
27 0 0 0.0100477999076247 0.121168002486229
26 0 0 0.0101378997787833 0.120307996869087
25 0 0 0.0102279996499419 0.119459003210068
24 0 0 0.0103181004524231 0.118621997535229
23 0 0 0.0104082003235817 0.117797002196312
22 0 0 0.0104983001947403 0.116982996463776
21 0 0 0.0105883004143834 0.116181999444962
20 0 0 0.0106782000511885 0.115391999483109
19 0 0 0.010768000036478 0.114614002406597
18 0 0 0.0108577003702521 0.113847002387047
17 0 0 0.0109471995383501 0.113091997802258
16 0 0 0.0110365999862552 0.11235000193119
15 0 0 0.0111258001998067 0.111617997288704
14 0 0 0.0112148001790047 0.11089900135994
13 0 0 0.0113035002723336 0.110191002488136
12 0 0 0.011392000131309 0.109494999051094
11 0 0 0.0114802001044154 0.108810000121593
10 0 0 0.0115681001916528 0.108136996626854
9 0 0 0.011655599810183 0.107476003468037
8 0 0 0.0117427995428443 0.1068259999156
7 0 0 0.011829599738121 0.106187999248505
6 0 0 0.0118872998282313 0.105769000947475
5 0 0 0.0119255995377898 0.105493001639843
4 0 0 0.0119511000812054 0.105310000479221
3 0 0 0.0119681004434824 0.105187997221947
2 0 0 0.0119794001802802 0.105107001960278
1 0 0 0.0119944997131824 0.104999996721745
1 0 0 0.0119944997131824 0.104999996721745
2 0 0 0.0120094995945692 0.104892998933792
3 0 0 0.0120208002626896 0.104813002049923
4 0 0 0.0120377000421286 0.104693002998829
5 0 0 0.0120630003511906 0.104515001177788
6 0 0 0.01210100017488 0.104249000549316
7 0 0 0.0121576003730297 0.10385400056839
8 0 0 0.0122421998530626 0.103271000087261
9 0 0 0.0123263001441956 0.102700002491474
10 0 0 0.0124097000807524 0.102140001952648
11 0 0 0.0124925998970866 0.101590998470783
12 0 0 0.0125748999416828 0.10105399787426
13 0 0 0.0126563999801874 0.100527003407478
14 0 0 0.012737300246954 0.100011996924877
15 0 0 0.0128175001591444 0.0995087027549744
16 0 0 0.0128969997167587 0.0990161970257759
17 0 0 0.012975599616766 0.0985347032546997
18 0 0 0.0130535000935197 0.0980644002556801
19 0 0 0.0131304999813437 0.0976051017642021
20 0 0 0.0132066002115607 0.0971568003296852
21 0 0 0.0132817998528481 0.09671950340271
22 0 0 0.0133560998365283 0.0962932035326958
23 0 0 0.0134293995797634 0.0958776995539665
24 0 0 0.013501700013876 0.0954732000827789
25 0 0 0.0135730002075434 0.0950793996453285
26 0 0 0.0136431995779276 0.0946964994072914
27 0 0 0.0137122003361583 0.0943242982029915
28 0 0 0.0137801002711058 0.0939629003405571
29 0 0 0.0138467997312546 0.0936122015118599
30 0 0 0.0139122996479273 0.0932722017168999
31 0 0 0.0139765003696084 0.0929427966475487
32 0 0 0.0140394996851683 0.0926240980625153
33 0 0 0.014100999571383 0.0923158973455429
34 0 0 0.0141612002626061 0.09201829880476
35 0 0 0.0142200002446771 0.0917311981320381
36 0 0 0.0142772998660803 0.0914546027779579
37 0 0 0.0143331000581384 0.0911884978413582
38 0 0 0.0143873002380133 0.0909328982234001
39 0 0 0.0144400000572205 0.0906876996159554
40 0 0 0.014491000212729 0.0904529020190239
41 0 0 0.0145402997732162 0.0902286022901535
42 0 0 0.0145878996700048 0.0900145992636681
43 0 0 0.0146337002515793 0.0898109972476959
44 0 0 0.0146776996552944 0.0896178036928177
45 0 0 0.0147198000922799 0.0894348993897438
46 0 0 0.0147599996998906 0.0892622992396355
47 0 0 0.0147981997579336 0.0891001001000404
48 0 0 0.0148344002664089 0.0889483019709587
49 0 0 0.0148684997111559 0.0888068005442619
50 2 24 0.0149004999548197 0.0886754989624023
51 0 0 0.0149301998317242 0.0885547026991844
52 0 0 0.0149577995762229 0.0884440988302231
53 0 0 0.0149830002337694 0.0883440002799034
54 0 0 0.0150058995932341 0.0882541015744209
55 0 0 0.0150263998657465 0.0881745964288712
56 0 0 0.0150443995371461 0.0881054997444153
57 0 0 0.0150597998872399 0.0880467966198921
58 0 0 0.0150726996362209 0.0879985019564629
59 0 0 0.0150827998295426 0.0879606008529663
60 0 0 0.015090299770236 0.0879331976175308
61 0 0 0.015094899572432 0.087916299700737
62 0 0 0.0150966998189688 0.0879098027944565
63 3 22 0.0150966998189688 0.0879098027944565
64 0 0 0.0150953000411391 0.0879148989915848
65 0 0 0.0150875002145767 0.0879423022270203
66 0 0 0.0150726996362209 0.0879936963319778
67 0 0 0.0150504997000098 0.0880691036581993
68 0 0 0.0150209004059434 0.0881685987114906
69 0 0 0.0149833997711539 0.0882925018668175
70 0 0 0.0149379000067711 0.088440902531147
71 0 0 0.0148841002956033 0.0886140018701553
72 0 0 0.0148216001689434 0.0888120010495186
73 0 0 0.0147500997409225 0.0890349969267845
74 0 0 0.0146693997085094 0.0892833024263382
75 0 0 0.0145792001858354 0.089557096362114
76 0 0 0.0144790997728705 0.0898566991090775
77 0 0 0.0143688004463911 0.0901822000741959
78 0 0 0.0142480004578829 0.0905340015888214
79 0 0 0.0141163002699614 0.0909122005105019
80 0 0 0.0139733999967575 0.0913173034787178
81 0 0 0.0138189997524023 0.0917493030428886
82 0 0 0.0136526003479958 0.0922086983919144
83 0 0 0.0134739996865392 0.0926956981420517
84 0 0 0.0132827004417777 0.0932106971740723
85 0 0 0.0130783002823591 0.0937537997961044
86 0 0 0.012860500253737 0.0943254977464676
87 0 0 0.0126288998872042 0.0949259996414185
88 0 0 0.0123830996453762 0.0955557003617287
89 0 0 0.0121226999908686 0.0962150022387505
90 0 0 0.0118473004549742 0.0969040021300316
91 0 0 0.0115563999861479 0.097623199224472
92 0 0 0.0112496996298432 0.0983728989958763
93 0 0 0.0109267001971602 0.099153496325016
94 0 0 0.0105870999395847 0.0999651998281479
95 0 0 0.0102303996682167 0.100808002054691
96 0 0 0.00985607970505953 0.101683996617794
97 0 0 0.00946384016424417 0.102591000497341
98 0 0 0.00905319955199957 0.103531002998352
99 0 0 0.00862373039126396 0.104503996670246
100 4 24 0.00817499030381441 0.105509996414185
101 0 0 0.00770654017105699 0.106550000607967
102 0 0 0.0072179501876235 0.107623003423214
103 0 0 0.00670875981450081 0.108731999993324
104 0 0 0.0061785401776433 0.109874002635479
105 0 0 0.0056268498301506 0.111051999032497
106 0 0 0.00505323987454176 0.11226499825716
107 0 0 0.00445726979523897 0.113513998687267
108 0 0 0.00383850000798702 0.114799998700619
109 0 0 0.00319647998549044 0.116121001541615
110 0 0 0.00253076991066337 0.117480002343655
111 0 0 0.00184092996641994 0.118874996900558
112 0 0 0.00112650997471064 0.120307996869087
113 0 0 0.000387081003282219 0.121779002249241
114 0 0 -0.000377805001335219 0.123288996517658
115 0 0 -0.00116859003901482 0.124835997819901
116 0 0 -0.00198570010252297 0.126423001289368
117 0 0 -0.00282958010211587 0.128049001097679
118 0 0 -0.00370066007599235 0.129714995622635
119 0 0 -0.00459939008578658 0.131420999765396
120 0 0 -0.00552617991343141 0.133166998624802
121 0 0 -0.00648147985339165 0.134954005479813
122 0 0 -0.00746570993214846 0.136782005429268
123 0 0 -0.00847929995507002 0.138651996850967
124 0 0 -0.00952266994863749 0.140562996268272
125 0 0 -0.0105961998924613 0.142516002058983
126 0 0 -0.0117004998028278 0.144511997699738
127 0 0 -0.0128357000648975 0.146550998091698
128 0 0 -0.0140024004504085 0.148633003234863
129 0 0 -0.0152009995654225 0.150757998228073
130 0 0 -0.016431899741292 0.152927994728088
131 0 0 -0.0176956001669168 0.155141994357109
132 0 0 -0.0189922992140055 0.157399997115135
133 0 0 -0.0203224997967482 0.159703001379967
134 0 0 -0.0216866005212069 0.162052005529404
135 0 0 -0.0230851005762815 0.164445996284485
136 0 0 -0.0245182998478413 0.166886001825333
137 0 0 -0.0259866006672382 0.169373005628586
138 0 0 -0.0274903997778893 0.171905994415283
139 0 0 -0.0290300007909536 0.174486994743347
140 0 0 -0.0306059997528791 0.177113994956017
141 0 0 -0.0322185009717941 0.179790005087852
142 0 0 -0.0338681004941463 0.182512998580933
143 0 0 -0.0355550982058048 0.185285001993179
144 0 0 -0.037279799580574 0.188105002045631
145 0 0 -0.0390427000820637 0.190974995493889
146 0 0 -0.0408440008759499 0.193893000483513
147 0 0 -0.0426841005682945 0.196861997246742
148 0 0 -0.0445634983479977 0.199880003929138
149 0 0 -0.0464822985231876 0.202949002385139
150 5 24 -0.0484410002827644 0.206067994236946
151 6 29 -0.0504399016499519 0.209237992763519
