121 24 29 -0.05008539929986 -0.110831998288631
120 0 0 -0.0495552010834217 -0.106766998767853
119 0 0 -0.0490214005112648 -0.102866999804974
118 0 0 -0.0484845004975796 -0.0991235971450806
117 0 0 -0.0479446984827518 -0.0955282971262932
116 0 0 -0.0474024005234241 -0.0920727998018265
115 0 0 -0.0468580015003681 -0.0887492969632149
114 0 0 -0.0463115982711315 -0.0855505019426346
113 0 0 -0.0457635000348091 -0.0824695006012917
112 0 0 -0.0452140010893345 -0.0794996991753578
111 0 0 -0.0446631982922554 -0.0766350030899048
110 0 0 -0.0441114008426666 -0.0738696977496147
109 0 0 -0.0435588993132114 -0.0711982026696205
108 0 0 -0.0430056005716324 -0.0686156004667282
107 0 0 -0.0424518994987011 -0.0661170035600662
106 0 0 -0.0418977998197079 -0.0636980012059212
105 0 0 -0.0413434989750385 -0.0613542981445789
104 0 0 -0.0407891012728214 -0.0590820014476776
103 0 0 -0.0402348004281521 -0.0568773001432419
102 0 0 -0.0396806001663208 -0.0547368004918098
101 0 0 -0.0391266010701656 -0.0526571981608868
100 23 24 -0.0385730005800724 -0.050635501742363
99 0 0 -0.0380197986960411 -0.0486687012016773
98 0 0 -0.0374670997262001 -0.0467540994286537
97 0 0 -0.0369148999452591 -0.0448892004787922
96 0 0 -0.0363634005188942 -0.0430715009570122
95 0 0 -0.0358126014471054 -0.0412987992167473
94 0 0 -0.0352623984217644 -0.0395689010620117
93 0 0 -0.0347130000591278 -0.0378797985613346
92 0 0 -0.0341644994914532 -0.0362296998500824
91 0 0 -0.0336166992783546 -0.0346166007220745
90 0 0 -0.0330699011683464 -0.0330389998853207
89 0 0 -0.032523900270462 -0.0314951986074448
88 0 0 -0.0319788008928299 -0.0299836993217468
87 0 0 -0.0314345993101597 -0.0285030994564295
86 0 0 -0.0308913998305798 -0.0270518995821476
85 0 0 -0.0303491000086069 -0.0256290007382631
84 0 0 -0.0298078004270792 -0.0242331996560097
83 0 0 -0.0292674992233515 -0.0228631999343634
82 0 0 -0.0287280008196831 -0.021517900750041
81 0 0 -0.0281895995140076 -0.0201964005827904
80 0 0 -0.0276520997285843 -0.0188976991921663
79 0 0 -0.0271156001836061 -0.017620800063014
78 0 0 -0.0265801008790731 -0.0163649003952742
77 0 0 -0.0260454006493092 -0.0151289999485016
76 0 0 -0.0255117993801832 -0.0139124998822808
75 0 0 -0.0249790009111166 -0.0127143999561667
74 0 0 -0.02444720081985 -0.0115342997014523
73 0 0 -0.0239163003861904 -0.0103711998090148
72 0 0 -0.0233862996101379 -0.00922464020550251
71 0 0 -0.0228572003543377 -0.00809391960501671
70 0 0 -0.0223290007561445 -0.00697846990078688
69 0 0 -0.0218017008155584 -0.00587770994752645
68 0 0 -0.0212751999497414 -0.00479112006723881
67 0 0 -0.0207495000213385 -0.00371816009283066
66 0 0 -0.0202248003333807 -0.00265834992751479
65 0 0 -0.0197007991373539 -0.00161122996360064
64 0 0 -0.0191776007413864 -0.000576344027649611
63 0 0 -0.0186553001403809 0.000446735008154064
62 0 0 -0.0181336998939514 0.00145841005723923
61 0 0 -0.0176129005849361 0.00245907995849848
60 0 0 -0.0170929003506899 0.00344912009313703
59 0 0 -0.0165736991912127 0.00442887004464865
58 0 0 -0.0160552002489567 0.0053986799903214
57 0 0 -0.0155373997986317 0.00635888008400798
56 0 0 -0.0150204002857208 0.00730977999046445
55 0 0 -0.0145041001960635 0.00825168006122112
54 0 0 -0.0139885004609823 0.00918485969305038
53 0 0 -0.0134736001491547 0.0101095996797085
52 0 0 -0.0129594001919031 0.0110261999070644
51 0 0 -0.0124458996579051 0.0119348000735044
50 22 24 -0.0119331004098058 0.0128357000648975
49 0 0 -0.0114209996536374 0.0137291997671127
48 0 0 -0.0109094996005297 0.0146153997629881
47 0 0 -0.0103987995535135 0.0154945999383926
46 0 0 -0.00988867040723562 0.0163669995963573
45 0 0 -0.00937923043966293 0.0172327999025583
44 0 0 -0.00887046009302139 0.0180920995771885
43 0 0 -0.00836236029863358 0.018945099785924
42 0 0 -0.00785493012517691 0.0197919998317957
41 0 0 -0.00734815979376435 0.0206330008804798
40 0 0 -0.00684206001460552 0.0214681997895241
39 0 0 -0.00633664010092616 0.0222977995872498
38 0 0 -0.00583190005272627 0.0231219008564949
37 0 0 -0.00532783987000585 0.0239406004548073
36 0 0 -0.00482446001842618 0.024754099547863
35 0 0 -0.00432178983464837 0.0255625005811453
34 0 0 -0.00381982000544667 0.0263659004122019
33 0 0 -0.00331856007687747 0.0271645002067089
32 0 0 -0.00281803007237613 0.0279581993818283
31 0 0 -0.00231822999194264 0.0287472996860743
30 0 0 -0.00181918998714536 0.0295317992568016
29 0 0 -0.00132091005798429 0.0303118005394936
28 0 0 -0.000823419017251581 0.0310874991118908
27 0 0 -0.000326725014019758 0.0318587012588978
26 0 0 0.000169149992871098 0.0326258018612862
25 0 0 0.00066418299684301 0.0333887003362179
24 0 0 0.0011583500308916 0.0341474004089832
23 0 0 0.00165163003839552 0.034902099519968
22 0 0 0.00214400002732873 0.0356528013944626
21 0 0 0.00263541005551815 0.0363994985818863
20 0 0 0.00312585989013314 0.0371422991156578
19 0 0 0.00361528992652893 0.0378811992704868
18 0 0 0.00394099997356534 0.0383717007935047
17 0 0 0.00426624016836286 0.0388604998588562
16 0 0 0.00459097977727652 0.0393474996089935
15 0 0 0.00491522997617722 0.0398329012095928
14 0 0 0.00523896003141999 0.0403166003525257
13 0 0 0.00556216994300485 0.0407987013459206
12 0 0 0.00588482990860939 0.041278999298811
11 0 0 0.00620695017278194 0.0417576991021633
10 0 0 0.00652847997844219 0.0422347001731396
9 0 0 0.00684943981468678 0.0427099987864494
8 0 0 0.00716979010030627 0.0431836992502213
7 0 0 0.00748950988054276 0.0436556003987789
6 0 0 0.0078086000867188 0.0441258996725082
5 0 0 0.00802095979452133 0.0444384999573231
4 0 0 0.00816235970705748 0.0446465015411377
3 0 0 0.00825656019151211 0.0447848998010159
2 0 0 0.0083193201571703 0.0448771007359028
1 0 0 0.00840296968817711 0.0450000017881393
1 0 0 0.00840296968817711 0.0450000017881393
2 0 0 0.00848655961453915 0.0451227016746998
3 0 0 0.00854923017323017 0.0452147014439106
4 0 0 0.00864316988736391 0.0453526005148888
5 0 0 0.008783970028162 0.045559000223875
6 0 0 0.00899489969015121 0.0458680987358093
7 0 0 0.00931068044155836 0.0463302992284298
8 0 0 0.00962569005787373 0.0467907004058361
9 0 0 0.00993990991264582 0.047249399125576
10 0 0 0.0102532999590039 0.047706201672554
11 0 0 0.0105659002438188 0.0481613017618656
12 0 0 0.0108775999397039 0.0486145988106728
13 0 0 0.011188399977982 0.049065999686718
14 0 0 0.0114983003586531 0.0495156012475491
15 0 0 0.0118071995675564 0.0499631986021996
16 0 0 0.0121151003986597 0.0504090003669262
17 0 0 0.0124219004064798 0.0508528016507626
18 0 0 0.0127277001738548 0.0512945987284184
19 0 0 0.0130324000492692 0.0517343990504742
20 0 0 0.0133360000327229 0.0521720983088017
21 0 0 0.013638399541378 0.0526077002286911
22 0 0 0.0139394998550415 0.0530412010848522
23 0 0 0.0142393000423908 0.0534725002944469
24 0 0 0.014537800103426 0.0539015009999275
25 0 0 0.014835000038147 0.0543281994760036
26 0 0 0.0151306996122003 0.0547525994479656
27 0 0 0.0154248997569084 0.0551746003329754
28 0 0 0.0157175995409489 0.0555940009653568
29 0 0 0.0160086993128061 0.0560109987854958
30 0 0 0.0162981003522873 0.0564252994954586
31 0 0 0.0165857002139091 0.0568368993699551
32 0 0 0.0168715994805098 0.0572457984089851
33 0 0 0.0171556007117033 0.057651799172163
34 0 0 0.0174377001821995 0.0580549016594887
35 0 0 0.0177177004516125 0.0584549009799957
36 0 0 0.0179957002401352 0.0588518008589745
37 0 0 0.0182713996618986 0.0592455007135868
38 0 0 0.0185448992997408 0.0596357993781567
39 0 0 0.0188159998506308 0.0600227005779743
40 0 0 0.0190846994519234 0.0604059994220734
41 0 0 0.0193508006632328 0.060785599052906
42 0 0 0.0196142997592688 0.0611613988876343
43 0 0 0.0198749992996454 0.0615332014858723
44 0 0 0.0201328005641699 0.0619009993970394
45 0 0 0.0203875992447138 0.0622644983232021
46 0 0 0.0206394009292126 0.0626235976815224
47 0 0 0.0208879001438618 0.062978096306324
48 0 0 0.0211331006139517 0.0633279979228973
49 0 0 0.021374799311161 0.0636729970574379
50 2 24 0.0216129999607801 0.0640128999948502
51 0 0 0.0218474008142948 0.0643476992845535
52 0 0 0.0220778994262218 0.0646770000457764
53 0 0 0.0223044995218515 0.0650006979703903
54 0 0 0.0225268993526697 0.0653187036514282
55 0 0 0.0227450001984835 0.0656305998563766
56 0 0 0.0229586996138096 0.0659364014863968
57 0 0 0.0231678001582623 0.0662358999252319
58 0 0 0.0233721993863583 0.0665287971496582
59 0 0 0.0235718004405499 0.0668148994445801
60 0 0 0.0237664002925158 0.0670939981937408
61 0 0 0.023955799639225 0.0673659965395927
62 0 0 0.0241400003433228 0.0676305964589119
63 0 0 0.0243187006562948 0.0678877010941505
64 0 0 0.0244919992983341 0.0681369975209236
65 0 0 0.0246594995260239 0.0683785006403923
66 0 0 0.024821300059557 0.0686118006706238
67 0 0 0.0249771997332573 0.0688368007540703
68 0 0 0.025127099826932 0.0690533965826035
69 0 0 0.0252708997577429 0.0692614987492561
70 0 0 0.0254085008054972 0.0694608017802238
71 0 0 0.0255398005247116 0.069651298224926
72 0 0 0.0256648007780313 0.0698328018188477
73 0 0 0.0257833991199732 0.0700052008032799
74 0 0 0.0258955992758274 0.0701685026288033
75 0 0 0.026001300662756 0.0703226029872894
76 0 0 0.0261004995554686 0.0704675018787384
77 0 0 0.0261931996792555 0.0706029981374741
78 0 0 0.0262793004512787 0.070729099214077
79 0 0 0.026358999311924 0.0708459988236427
80 0 0 0.0264321994036436 0.0709533989429474
81 0 0 0.0264989007264376 0.0710515975952148
82 0 0 0.0265590995550156 0.0711404010653496
83 0 0 0.0266130995005369 0.0712200030684471
84 0 0 0.0266606993973255 0.0712905004620552
85 0 0 0.0267021004110575 0.0713517963886261
86 0 0 0.0267373006790876 0.0714040994644165
87 0 0 0.026766499504447 0.0714474022388458
88 0 0 0.0267896000295877 0.0714818984270096
89 0 0 0.0268069002777338 0.0715076997876167
90 0 0 0.0268184002488852 0.071524903178215
91 0 0 0.0268242992460728 0.0715337023139
92 3 22 0.0268251001834869 0.0715349018573761
93 0 0 0.0268217008560896 0.0715297982096672
94 0 0 0.0268130004405975 0.0715167000889778
95 0 0 0.0267990007996559 0.0714955031871796
96 0 0 0.0267798993736506 0.0714666023850441
97 0 0 0.0267556998878717 0.0714301019906998
98 0 0 0.0267267003655434 0.0713860020041466
99 0 0 0.0266929008066654 0.0713346004486084
100 4 24 0.0266545005142689 0.0712758973240852
101 0 0 0.0266114994883537 0.0712103024125099
102 0 0 0.0265641994774342 0.0711376965045929
103 0 0 0.0265124998986721 0.0710583999752998
104 0 0 0.0264567006379366 0.0709725022315979
105 0 0 0.0263967998325825 0.0708801969885826
106 0 0 0.026333000510931 0.0707814991474152
107 0 0 0.02626539953053 0.0706766992807388
108 0 0 0.0261940006166697 0.070565901696682
109 0 0 0.0261190999299288 0.0704492032527924
110 0 0 0.0260406006127596 0.0703267976641655
111 0 0 0.0259587001055479 0.0701986998319626
112 0 0 0.0258735995739698 0.0700652003288269
113 0 0 0.0257852002978325 0.0699262991547585
114 0 0 0.0256936997175217 0.0697821974754333
115 0 0 0.0255992002785206 0.0696329995989799
116 0 0 0.0255017001181841 0.0694786980748177
117 0 0 0.0254014991223812 0.0693195983767509
118 0 0 0.0252983998507261 0.0691557005047798
119 0 0 0.0251927003264427 0.068987101316452
120 0 0 0.025084400549531 0.0688140019774437
121 0 0 0.0249735992401838 0.0686364024877548
122 0 0 0.0248604007065296 0.0684543997049332
123 0 0 0.0247447993606329 0.0682682022452354
124 0 0 0.024626899510622 0.0680778026580811
125 0 0 0.0245066992938519 0.06788320094347
126 0 0 0.0243843998759985 0.0676847025752068
127 0 0 0.0242600999772549 0.0674823001027107
128 0 0 0.02413360029459 0.0672760009765625
129 0 0 0.0240052994340658 0.0670659020543098
130 0 0 0.0238749999552965 0.0668521970510483
131 0 0 0.023742800578475 0.0666347965598106
132 0 0 0.0236089006066322 0.066413901746273
133 0 0 0.0234731994569302 0.0661896020174026
134 0 0 0.023335799574852 0.0659618005156517
135 0 0 0.0231967996805906 0.0657306984066963
136 0 0 0.0230561997741461 0.0654963031411171
137 0 0 0.0229139998555183 0.0652585998177528
138 0 0 0.0227703992277384 0.0650179013609886
139 0 0 0.0226252991706133 0.0647739991545677
140 0 0 0.0224788002669811 0.0645269975066185
141 0 0 0.0223309006541967 0.0642770975828171
142 0 0 0.0221066009253263 0.0638967007398605
143 0 0 0.0218794997781515 0.0635098963975906
144 0 0 0.0216496996581554 0.0631166994571686
145 0 0 0.021417299285531 0.0627174004912376
146 0 0 0.0211823005229235 0.0623122006654739
147 0 0 0.0209451001137495 0.0619009993970394
148 0 0 0.0207055993378162 0.0614841990172863
149 0 0 0.0204639006406069 0.0610617995262146
150 5 24 0.0202201995998621 0.0606339015066624
151 0 0 0.0199744999408722 0.0602006018161774
152 0 0 0.019726999104023 0.0597621984779835
153 0 0 0.0194777995347977 0.0593185983598232
154 0 0 0.0192268006503582 0.0588699989020824
155 0 0 0.0189743004739285 0.0584165006875992
156 0 0 0.0187202002853155 0.0579580999910831
157 0 0 0.0184647999703884 0.0574950985610485
158 0 0 0.0182079002261162 0.0570273995399475
159 0 0 0.0179497990757227 0.056555200368166
160 0 0 0.0176905002444983 0.0560785010457039
161 0 0 0.0174301005899906 0.055597398430109
162 0 0 0.0171684995293617 0.0551121011376381
163 0 0 0.0169060006737709 0.0546225011348724
164 0 0 0.0166426002979279 0.0541287995874882
165 0 0 0.0163781996816397 0.0536310002207756
166 0 0 0.0161131005734205 0.0531293004751205
167 0 0 0.0158472005277872 0.0526235997676849
168 0 0 0.0155806997790933 0.0521140992641449
169 0 0 0.0153133999556303 0.0516007989645004
170 0 0 0.0150456996634603 0.0510836988687515
171 0 0 0.0147772999480367 0.0505631007254124
172 0 0 0.0145086003467441 0.0500387996435165
173 0 0 0.0142393996939063 0.0495111010968685
174 0 0 0.0139698004350066 0.0489798001945019
175 0 0 0.0137000000104308 0.0484451986849308
176 0 0 0.013429899699986 0.0479073002934456
177 0 0 0.0131596000865102 0.0473661012947559
178 0 0 0.0128891002386808 0.0468216985464096
179 0 0 0.0126186003908515 0.0462742000818253
180 0 0 0.0123479003086686 0.0457236990332603
181 0 0 0.0120772998780012 0.0451700985431671
182 0 0 0.0118068000301719 0.0446135997772217
183 0 0 0.0115363001823425 0.0440541990101337
184 0 0 0.0112658999860287 0.0434920005500317
185 0 0 0.0109957996755838 0.0429271012544632
186 0 0 0.0107258995994925 0.0423595011234283
187 0 0 0.0104561997577548 0.0417893007397652
188 0 0 0.0101869003847241 0.0412166006863117
189 0 0 0.00991799961775541 0.040641400963068
190 0 0 0.00964950956404209 0.0400638990104198
191 0 0 0.00938147958368063 0.0394840016961098
192 0 0 0.0091139804571867 0.0389019995927811
193 0 0 0.00884704012423754 0.0383176989853382
194 0 0 0.00858072005212307 0.0377314016222954
195 0 0 0.008315060287714 0.03714320063591
196 0 0 0.0080501101911068 0.0365529991686344
197 0 0 0.00778592005372047 0.0359609983861446
198 0 0 0.00752252992242575 0.0353671982884407
199 0 0 0.00725999008864164 0.0347719006240368
200 6 24 0.00699836015701294 0.0341750010848045
201 0 0 0.00673766992986202 0.0335767008364201
202 0 0 0.00647797994315624 0.0329769998788834
203 0 0 0.00621934002265334 0.0323760993778706
204 0 0 0.00596179021522403 0.0317739993333817
205 0 0 0.00570537988096476 0.0311709996312857
206 0 0 0.00545017002150416 0.0305669996887445
207 0 0 0.00519620021805167 0.0299622006714344
208 0 0 0.00494351983070374 0.029356699436903
209 0 0 0.00469218986108899 0.0287507008761168
210 0 0 0.00444224989041686 0.0281442999839783
211 0 0 0.00419375021010637 0.0275375992059708
212 0 0 0.00394674995914102 0.0269306991249323
213 0 0 0.00370129011571407 0.0263237003237009
214 0 0 0.00345744006335735 0.0257169008255005
215 0 0 0.00321523007005453 0.0251103993505239
216 0 0 0.00297471997328103 0.0245041996240616
217 0 0 0.00273597007617354 0.0238987002521753
218 0 0 0.00249901995994151 0.0232938006520271
219 0 0 0.00226392992772162 0.0226898994296789
220 0 0 0.00203076004981995 0.022087000310421
221 0 0 0.00179955002386123 0.0214853007346392
222 0 0 0.00157036003656685 0.0208850000053644
223 0 0 0.00134324003010988 0.0202862992882729
224 0 0 0.00111823994666338 0.0196893997490406
225 0 0 0.000895423989277333 0.0190944001078606
226 0 0 0.000674840004649013 0.0185016002506018
227 0 0 0.000456542009487748 0.0179111007601023
228 0 0 0.000240584995481186 0.017323199659586
229 0 0 2.70214004558511E-05 0.016737999394536
230 0 0 -0.000184094998985529 0.0161557998508215
231 0 0 -0.000392710004234686 0.0155766997486353
232 0 0 -0.000598770973738283 0.0150010995566845
233 0 0 -0.000802223978098482 0.0144290998578072
234 0 0 -0.00100301997736096 0.0138609996065497
235 0 0 -0.00120109994895756 0.0132969003170729
236 0 0 -0.00139641005080193 0.0127371000126004
237 0 0 -0.00158889999147505 0.0121819004416466
238 0 0 -0.00177852995693684 0.0116314999759197
239 0 0 -0.00196524010971189 0.011086200363934
240 0 0 -0.00214897003024817 0.0105461003258824
241 0 0 -0.00232968991622329 0.0100114997476339
242 0 0 -0.00250732991844416 0.00948277022689581
243 0 0 -0.00268184999004006 0.0089600495994091
244 0 0 -0.0028532100841403 0.00844363030046225
245 0 0 -0.00302135990932584 0.00793377030640841
246 0 0 -0.00318624009378254 0.00743072014302015
247 0 0 -0.00334781990386546 0.00693474011495709
248 0 0 -0.0035060599911958 0.00644609006121755
249 0 0 -0.00366090005263686 0.00596502982079983
250 7 24 -0.00381231005303562 0.00549182016402483
251 0 0 -0.00396024016663432 0.0050267199985683
252 0 0 -0.00410467013716698 0.00456999009475112
253 0 0 -0.00424554012715816 0.00412186980247498
254 0 0 -0.00438283011317253 0.00368262990377843
255 0 0 -0.00451650004833937 0.00325251999311149
256 0 0 -0.00464650988578796 0.00283177988603711
257 0 0 -0.00477284006774426 0.00242065009661019
258 0 0 -0.00489545986056328 0.00201938999816775
259 0 0 -0.00501433992758393 0.00162821996491402
260 0 0 -0.00512945000082254 0.00124738004524261
261 0 0 -0.00524075981229544 0.000877100974321365
262 0 0 -0.00534826004877687 0.000517594977281988
263 0 0 -0.00545193022117019 0.000169082006323151
264 0 0 -0.00555174984037876 -0.000168230006238446
265 0 0 -0.00564769981428981 -0.000494136998895556
266 0 0 -0.00573976011946797 -0.000808446027804166
267 0 0 -0.00582792982459068 -0.00111097004264593
268 0 0 -0.00591220008209348 -0.0014015199849382
269 0 0 -0.00599256018176675 -0.00167994003277272
270 0 0 -0.00606899987906218 -0.00194605998694897
271 0 0 -0.00614150986075401 -0.00219971989281476
272 0 0 -0.00621011015027761 -0.00244077993556857
273 0 0 -0.00627479003742337 -0.00266909995116293
274 0 0 -0.00633554020896554 -0.00288455002009869
275 0 0 -0.00639239000156522 -0.00308703002519906
276 0 0 -0.00644533010199666 -0.00327641004696488
277 0 0 -0.00649436982348561 -0.00345260999165475
278 0 0 -0.00653953012079 -0.00361552997492254
279 0 0 -0.00658081006258726 -0.0037650999147445
280 0 0 -0.00661823991686106 -0.00390123995020986
281 0 0 -0.00665182992815971 -0.00402389978989959
282 0 0 -0.00668158987537026 -0.00413302984088659
283 0 0 -0.00670755980536342 -0.00422859005630016
284 0 0 -0.00672974018380046 -0.0043105399236083
285 0 0 -0.00674817012622952 -0.00437887012958527
286 0 0 -0.00676287012174726 -0.00443356996402144
287 0 0 -0.00677386019378901 -0.00447463011369109
288 0 0 -0.0067811799235642 -0.00450205011293292
289 0 0 -0.00678484980016947 -0.00451586022973061
290 0 0 -0.00678532989695668 -0.00451766001060605
291 0 0 -0.00678140018135309 -0.00450277980417013
292 0 0 -0.00676948018372059 -0.00445745000615716
293 0 0 -0.00674967980012298 -0.00438184989616275
294 0 0 -0.00672212988138199 -0.00427616015076637
295 0 0 -0.00668693985790014 -0.00414060009643435
296 0 0 -0.00664424989372492 -0.0039754300378263
297 0 0 -0.00659418990835547 -0.00378093007020652
298 0 0 -0.00653688004240394 -0.00355741009116173
299 0 0 -0.0064724599942565 -0.00330519000999629
300 8 24 -0.00640106992796063 -0.00302462000399828
301 0 0 -0.0063228402286768 -0.00271606002934277
302 0 0 -0.00623791012912989 -0.00237990007735789
303 0 0 -0.00614641001448035 -0.0020165101159364
304 0 0 -0.00604850007221103 -0.00162631005514413
305 0 0 -0.00594429019838572 -0.00120971002615988
306 0 0 -0.00583392009139061 -0.000767114979680628
307 0 0 -0.00571754015982151 -0.000298958009807393
308 0 0 -0.00559527985751629 0.000194338004803285
309 0 0 -0.00546725979074836 0.000712343025952578
310 0 0 -0.00533362990245223 0.00125463004224002
311 0 0 -0.00519450986757874 0.00182075996417552
312 0 0 -0.00505003007128835 0.00241031008772552
313 0 0 -0.00490031018853188 0.00302285002544522
314 0 0 -0.00474548991769552 0.00365795008838177
315 0 0 -0.0045856898650527 0.00431519001722336
316 0 0 -0.00442103017121553 0.00499414978548884
317 0 0 -0.00425163982436061 0.00569440983235836
318 0 0 -0.00407763989642262 0.00641555013135076
319 0 0 -0.00389913003891706 0.00715715996921062
320 0 0 -0.0037162599619478 0.00791883002966642
321 0 0 -0.00352913001552224 0.00870016030967236
322 0 0 -0.0033378500957042 0.00950072985142469
323 0 0 -0.00314255990087986 0.0103201000019908
324 0 0 -0.00294336001388729 0.0111579997465014
325 0 0 -0.00274037988856435 0.0120139000937343
326 0 0 -0.0025337201077491 0.0128875002264977
327 0 0 -0.00232350989244878 0.013778300024569
328 0 0 -0.00210987008176744 0.0146858999505639
329 0 0 -0.00189290998969227 0.0156100001186132
330 0 0 -0.00167276000138372 0.0165500994771719
331 0 0 -0.00144954002462327 0.0175058003515005
332 0 0 -0.00122336996719241 0.0184767004102468
333 0 0 -0.000994384055957198 0.0194623991847038
334 0 0 -0.000762704992666841 0.0204623006284237
335 0 0 -0.000528467004187405 0.02147619985044
336 0 0 -0.000291806005407125 0.0225035008043051
337 0 0 -5.28605996805709E-05 0.0235437005758286
338 0 0 0.000188225996680558 0.0245964005589485
339 0 0 0.000431307009421289 0.0256610997021198
340 0 0 0.000676228024531156 0.0267370995134115
341 0 0 0.000922832987271249 0.0278241001069546
342 0 0 0.00117096002213657 0.0289213005453348
343 0 0 0.00142043002415448 0.0300283003598452
344 0 0 0.00167108001187444 0.0311443004757166
345 0 0 0.00192270998377353 0.032268799841404
346 0 0 0.00217513996176422 0.0334010012447834
347 0 0 0.00242816004902124 0.0345400981605053
348 0 0 0.00268156989477575 0.0356854982674122
349 0 0 0.00293513992801309 0.0368361994624138
350 9 24 0.00318864989094436 0.0379914008080959
351 0 0 0.00344184995628893 0.0391502007842064
352 0 0 0.00369449006393552 0.0403115004301071
353 0 0 0.00394630990922451 0.0414743013679981
354 0 0 0.00419702008366585 0.0426376014947891
355 0 0 0.00444633001461625 0.0437998995184898
356 0 0 0.00469393003731966 0.0449602007865906
357 0 0 0.00493949977681041 0.0461170002818108
358 0 0 0.00518270023167133 0.0472686998546124
359 0 0 0.00542317004874349 0.0484139993786812
360 0 0 0.00566051993519068 0.049550898373127
361 0 0 0.00589438015595078 0.0506778992712498
362 0 0 0.00612431019544601 0.0517928004264832
363 0 0 0.00634989002719522 0.0528936982154846
364 0 0 0.00657064979895949 0.0539782010018826
365 0 0 0.00678612012416124 0.055044200271368
366 0 0 0.00699581019580364 0.0560888983309269
367 0 0 0.00719917006790638 0.0571096986532211
368 0 0 0.00739568984135985 0.0581036992371082
369 0 0 0.00758477998897433 0.0590679012238979
370 0 0 0.00776587007567286 0.0599988996982574
371 0 0 0.00793834961950779 0.0608933009207249
372 0 0 0.00810161978006363 0.0617474988102913
373 0 0 0.00825503002852201 0.0625576972961426
374 0 0 0.00839796010404825 0.0633196979761124
375 0 0 0.00852974969893694 0.0640294030308723
376 0 0 0.00864975992590189 0.0646824017167091
377 0 0 0.00875736959278584 0.0652742013335228
378 0 0 0.00885193981230259 0.0658001005649567
379 0 0 0.00893289968371391 0.0662555024027824
380 0 0 0.0089996699243784 0.0666356012225151
381 0 0 0.00905174016952515 0.0669357031583786
382 0 0 0.00908865034580231 0.0671510994434357
383 0 0 0.00911001954227686 0.0672774016857147
384 0 0 0.00911572016775608 0.0673115029931068
385 0 0 0.00908298976719379 0.0671103969216347
386 0 0 0.00898556970059872 0.0664952993392944
387 0 0 0.00882480014115572 0.0654482021927834
388 0 0 0.00860408041626215 0.0639621019363403
389 0 0 0.00832889974117279 0.0620434992015362
390 0 0 0.00800659041851759 0.0597134009003639
391 0 0 0.00764604983851314 0.0570071004331112
392 0 0 0.00725715979933739 0.053973600268364
393 0 0 0.00685023982077837 0.0506731010973454
394 0 0 0.00643537985160947 0.0471731014549732
395 0 0 0.00602186005562544 0.0435445010662079
396 0 0 0.00561755010858178 0.0398558005690575
397 0 0 0.00522866984829307 0.0361693017184734
398 0 0 0.00485961977392435 0.0325373001396656
399 0 0 0.00451309001073241 0.0290003009140491
400 10 24 0.00419030990451574 0.0255872998386621
401 0 0 0.00389137002639472 0.0223165992647409
402 0 0 0.00361556001007557 0.0191975999623537
403 0 0 0.00336162000894547 0.0162329003214836
404 0 0 0.00312804011628032 0.0134202996268868
405 0 0 0.00291316001676023 0.0107541996985674
406 0 0 0.00271533010527492 0.00822714995592833
407 0 0 0.00253293989226222 0.0058302697725594
408 0 0 0.00236450997181237 0.00355441006831825
409 0 0 0.00220865989103913 0.00139031000435352
410 0 0 0.00206414004787803 -0.000671060988679528
411 0 0 0.00192983995657414 -0.00263829994946718
412 0 0 0.00180475995875895 -0.00451953988522291
413 0 0 0.00168800994288176 -0.00632236991077662
414 0 0 0.00157880003098398 -0.00805382989346981
415 0 0 0.00147642998490483 -0.00972045958042145
416 0 0 0.00138029002118856 -0.0113283004611731
417 0 0 0.00128981994930655 -0.0128830000758171
418 0 0 0.00120455003343523 -0.0143897002562881
419 0 0 0.00112403999082744 -0.0158533006906509
420 0 0 0.00104790995828807 -0.0172783005982637
421 0 0 0.000975826987996697 -0.0186689998954535
422 0 0 0.000907497014850378 -0.0200293995440006
423 0 0 0.000842656008899212 -0.0213635992258787
424 0 0 0.000781072012614459 -0.0226753000169992
425 0 0 0.000722539029084146 -0.0239684991538525
426 0 0 0.000666873005684465 -0.025246899574995
427 0 0 0.000613907992374152 -0.0265149008482695
428 0 0 0.000563491019420326 -0.0277766995131969
429 0 0 0.000515474996063858 -0.0290374998003244
430 0 0 0.000469710998004302 -0.0303032007068396
431 0 0 0.000426037993747741 -0.031581100076437
432 0 0 0.000384274986572564 -0.032880000770092
433 0 0 0.000344203988788649 -0.0342116989195347
434 0 0 0.000305566994938999 -0.035590898245573
435 0 0 0.000268064002739266 -0.0370366014540195
436 0 0 0.000231363999773748 -0.0385727994143963
437 0 0 0.000195118002011441 -0.0402291007339954
438 0 0 0.000158986003953032 -0.0420415997505188
439 0 0 0.0001226470049005 -0.0440544001758099
440 0 0 8.58165003592148E-05 -0.0463215000927448
441 0 0 4.82551004097331E-05 -0.0489097982645035
442 0 0 9.78979005594738E-06 -0.0519036985933781
443 0 0 -2.96488997264532E-05 -0.0554094985127449
444 0 0 -6.99294032528996E-05 -0.0595580004155636
445 0 0 -0.000110474000393879 -0.0644896999001503
446 0 0 -0.000149626997881569 -0.0702600032091141
447 0 0 -0.00018348399316892 -0.0764864012598991
448 0 0 -0.000206955999601632 -0.0819754973053932
449 0 0 -0.00021456899412442 -0.0841166004538536
450 11 24 -0.000220129993977025 -0.0858608037233353
451 0 0 -0.000224193005124107 -0.0872697979211807
452 0 0 -0.000227191994781606 -0.0884106010198593
453 0 0 -0.000229437995585613 -0.0893407985568047
454 0 0 -0.000231147001613863 -0.0901061967015266
455 0 0 -0.000232464997679926 -0.0907420963048935
456 0 0 -0.000233497994486243 -0.0912752002477646
457 0 0 -0.000234316001296975 -0.0917261987924576
458 0 0 -0.000234972001635469 -0.092110700905323
459 0 0 -0.000235504005104303 -0.0924410000443459
460 0 0 -0.00023593999503646 -0.0927267000079155
461 0 0 -0.000236299005337059 -0.0929754003882408
462 0 0 -0.000236598003539257 -0.0931932032108307
463 0 0 -0.000236848994973116 -0.0933848023414612
464 0 0 -0.000237059997743927 -0.093554399907589
465 0 0 -0.000237239000853151 -0.0937049984931946
466 0 0 -0.000237393003772013 -0.0938394963741302
467 0 0 -0.000237524000112899 -0.0939598977565765
468 0 0 -0.000237636995734647 -0.0940681993961334
469 0 0 -0.00023773500288371 -0.0941658988595009
470 0 0 -0.00023782100470271 -0.0942542999982834
471 0 0 -0.000237895001191646 -0.0943344980478287
472 0 0 -0.000237960004596971 -0.0944076031446457
473 0 0 -0.00023801700444892 -0.094474196434021
474 0 0 -0.000238067994359881 -0.0945352017879486
475 0 0 -0.000238111999351531 -0.0945911034941673
476 0 0 -0.000238152002566494 -0.0946424007415771
477 0 0 -0.000238186999922618 -0.0946896970272064
478 0 0 -0.000238217995502055 -0.0947332978248596
479 0 0 -0.000238245993386954 -0.0947735980153084
480 0 0 -0.000238270993577316 -0.0948109030723572
481 0 0 -0.000238292996073142 -0.0948453992605209
482 0 0 -0.000238313004956581 -0.0948774963617325
483 0 0 -0.000238331005675718 -0.0949072986841202
484 0 0 -0.000238346998230554 -0.0949349999427795
485 0 0 -0.000238360997173004 -0.0949608981609344
486 0 0 -0.000238374006585218 -0.0949850007891655
487 0 0 -0.000238385997363366 -0.0950075015425682
488 0 0 -0.000238396998611279 -0.0950284972786903
489 0 0 -0.000238406995777041 -0.0950481966137886
490 0 0 -0.000238414999330416 -0.095066599547863
491 0 0 -0.000238423002883792 -0.0950838029384613
492 0 0 -0.000238430002355017 -0.095100000500679
493 0 0 -0.000238437001826242 -0.095115102827549
494 0 0 -0.000238441993133165 -0.0951293036341667
495 0 0 -0.000238448003074154 -0.09514269977808
496 0 0 -0.000238452994381078 -0.0951552018523216
497 0 0 -0.000238456996157765 -0.0951668992638588
498 0 0 -0.000238460997934453 -0.0951780006289482
499 0 0 -0.00023846399562899 -0.0951882973313332
500 12 24 -0.000238466993323527 -0.0951981022953987
501 0 0 -0.00023847000556998 -0.0952071994543076
502 0 0 -0.000238473003264517 -0.0952157005667686
503 0 0 -0.000238474996876903 -0.0952237993478775
504 0 0 -0.000238477005041204 -0.0952313020825386
505 0 0 -0.000238478998653591 -0.0952382981777191
506 0 0 -0.000238481006817892 -0.095244899392128
507 0 0 -0.000238481996348128 -0.0952510982751846
508 0 0 -0.000238484004512429 -0.0952567979693413
509 0 0 -0.000238484994042665 -0.095262199640274
510 0 0 -0.000238485998124816 -0.0952671021223068
511 0 0 -0.000238487002206966 -0.0952718034386635
512 0 0 -0.000238488006289117 -0.0952759981155396
513 0 0 -0.000238488006289117 -0.0952799990773201
514 0 0 -0.000238488995819353 -0.0952835977077484
515 0 0 -0.000238489999901503 -0.0952868983149529
516 0 0 -0.000238489999901503 -0.0952899008989334
517 0 0 -0.000238489999901503 -0.0952925980091095
518 0 0 -0.000238491003983654 -0.0952949970960617
519 0 0 -0.000238491003983654 -0.0952972024679184
520 0 0 -0.000238491003983654 -0.0952991023659706
521 0 0 -0.000238491003983654 -0.0953006967902184
522 0 0 -0.000238491003983654 -0.0953020974993706
523 0 0 -0.00023849199351389 -0.0953032001852989
524 0 0 -0.00023849199351389 -0.0953041017055511
525 0 0 -0.00023849199351389 -0.0953046977519989
526 0 0 -0.00023849199351389 -0.0953051000833511
527 0 0 -0.00023849199351389 -0.0953053012490273
528 13 22 -0.00023849199351389 -0.0953053012490273
529 0 0 -0.00023849199351389 -0.0953051969408989
530 0 0 -0.00023849199351389 -0.0953048020601273
531 0 0 -0.00023849199351389 -0.0953041985630989
532 14 22 -0.00023849199351389 -0.0953039973974228
533 0 0 -0.00023849199351389 -0.0953031033277512
534 0 0 -0.00023849199351389 -0.0953020006418228
535 0 0 -0.00023849199351389 -0.0953005999326706
536 0 0 -0.00023849199351389 -0.0952989980578423
537 0 0 -0.00023849199351389 -0.0952972024679184
538 0 0 -0.00023849199351389 -0.0952951014041901
539 0 0 -0.00023849199351389 -0.0952927023172379
540 0 0 -0.00023849199351389 -0.0952901020646095
541 0 0 -0.00023849199351389 -0.0952873006463051
542 0 0 -0.00023849299759604 -0.0952842012047768
543 0 0 -0.00023849299759604 -0.095280796289444
544 0 0 -0.000238494001678191 -0.0952771976590157
545 0 0 -0.000238494001678191 -0.0952731966972351
546 0 0 -0.000238495005760342 -0.095269002020359
547 0 0 -0.000238495005760342 -0.0952645018696785
548 0 0 -0.000238495995290577 -0.0952597036957741
549 0 0 -0.000238496999372728 -0.0952545031905174
550 15 24 -0.000238498003454879 -0.0952489972114563
551 0 0 -0.000238498992985114 -0.0952432006597519
552 0 0 -0.000238499997067265 -0.0952370017766953
553 0 0 -0.000238501001149416 -0.0952304974198341
554 0 0 -0.000238502994761802 -0.0952235013246536
555 0 0 -0.000238505002926104 -0.0952161997556686
556 0 0 -0.000238506007008255 -0.0952083989977837
557 0 0 -0.000238508000620641 -0.0952000990509987
558 0 0 -0.000238510998315178 -0.0951913967728615
559 0 0 -0.000238513006479479 -0.0951822027564049
560 0 0 -0.000238516004174016 -0.0951725021004677
561 0 0 -0.000238519001868553 -0.0951621979475021
562 0 0 -0.000238521999563091 -0.0951514020562172
563 0 0 -0.000238526001339778 -0.0951398983597755
564 0 0 -0.000238530003116466 -0.0951277017593384
565 0 0 -0.000238534994423389 -0.0951149016618729
566 0 0 -0.000238540000282228 -0.0951012969017029
567 0 0 -0.000238545006141067 -0.0950869023799896
568 0 0 -0.000238551001530141 -0.0950717031955719
569 0 0 -0.000238558001001365 -0.0950556024909019
570 0 0 -0.00023856500047259 -0.095038503408432
571 0 0 -0.000238573004025966 -0.0950203984975815
572 0 0 -0.000238580993027426 -0.0950011014938354
573 0 0 -0.000238591004745103 -0.0949807018041611
574 0 0 -0.000238601001910865 -0.0949589982628822
575 0 0 -0.000238613007240929 -0.0949359014630318
576 0 0 -0.000238626002101228 -0.0949112996459007
577 0 0 -0.000238640001043677 -0.0948849990963936
578 0 0 -0.000238655004068278 -0.0948569998145103
579 0 0 -0.000238673004787415 -0.0948271006345749
580 0 0 -0.000238691995036788 -0.0947951003909111
581 0 0 -0.000238712993450463 -0.0947607979178429
582 0 0 -0.000238736000028439 -0.0947239995002747
583 0 0 -0.000238762993831187 -0.0946844965219498
584 0 0 -0.000238791995798238 -0.0946419015526772
585 0 0 -0.000238823995459825 -0.0945961028337479
586 0 0 -0.000238861000980251 -0.0945466011762619
587 0 0 -0.000238901993725449 -0.0944930016994476
588 0 0 -0.000238948006881401 -0.0944349020719528
589 0 0 -0.000238998996792361 -0.0943718031048775
590 0 0 -0.000239058004808612 -0.0943031013011932
591 0 0 -0.000239123997744173 -0.094228096306324
592 0 0 -0.000239200002397411 -0.0941461026668549
593 0 0 -0.00023928600421641 -0.0940560027956963
594 0 0 -0.000239385000895709 -0.0939569994807243
595 0 0 -0.000239499000599608 -0.0938476026058197
596 0 0 -0.000239629996940494 -0.0937265008687973
597 0 0 -0.000239782995777205 -0.0935918986797333
598 0 0 -0.000239960005274042 -0.0934417024254799
599 0 0 -0.000240168999880552 -0.0932734981179237
600 16 24 -0.000240415000007488 -0.0930842012166977
601 0 0 -0.00024070699873846 -0.0928701981902122
602 0 0 -0.000241057001403533 -0.0926269963383675
603 0 0 -0.000241478002863005 -0.092349000275135
604 0 0 -0.0002419899974484 -0.0920294001698494
605 0 0 -0.000242617999901995 -0.0916595011949539
606 0 0 -0.000243396003497764 -0.0912284031510353
607 0 0 -0.000244371010921896 -0.0907218009233475
608 0 0 -0.000245608011027798 -0.0901217013597488
609 0 0 -0.000247199001023546 -0.0894042029976845
610 0 0 -0.000249275006353855 -0.0885384008288383
611 0 0 -0.000252027995884418 -0.0874840021133423
612 0 0 -0.000255732011282817 -0.0861897021532059
613 0 0 -0.000260780012467876 -0.084594301879406
614 0 0 -0.000267691997578368 -0.0826357007026672
615 0 0 -0.000277051993180066 -0.0802790969610214
616 0 0 -0.000289282994344831 -0.0775626003742218
617 0 0 -0.000304326007608324 -0.0746231004595757
618 0 0 -0.000321598985465243 -0.0716468021273613
619 0 0 -0.000340313999913633 -0.0687848031520844
620 0 0 -0.000359794008545578 -0.0661194026470184
621 0 0 -0.000379564007744193 -0.0636793002486229
622 0 0 -0.000399310985812917 -0.0614641010761261
623 0 0 -0.000418835988966748 -0.0594604015350342
624 0 0 -0.000438009999925271 -0.0576504990458488
625 0 0 -0.000456742011010647 -0.0560161992907524
626 0 0 -0.000474967993795872 -0.0545403994619846
627 0 0 -0.000492640014272183 -0.0532077997922897
628 0 0 -0.000509716977830976 -0.052004799246788
629 0 0 -0.000526160991284996 -0.0509197004139423
630 0 0 -0.000541936024092138 -0.0499421991407871
631 0 0 -0.000557008024770766 -0.0490633994340897
632 0 0 -0.00057133799418807 -0.048275500535965
633 0 0 -0.000584886001888663 -0.0475719012320042
634 0 0 -0.000597608974203467 -0.0469467006623745
635 0 0 -0.000609465001616627 -0.0463946014642715
636 0 0 -0.000620405015069991 -0.0459110997617245
637 0 0 -0.000630384020041674 -0.0454919002950191
638 0 0 -0.000639353995211422 -0.0451331995427608
639 0 0 -0.000647272972855717 -0.0448314994573593
640 0 0 -0.000654097995720804 -0.0445832014083862
641 0 0 -0.000659795012325048 -0.0443851985037327
642 0 0 -0.000664336024783552 -0.044234000146389
643 0 0 -0.000667701999191195 -0.0441267006099224
644 0 0 -0.000669883971568197 -0.0440598987042904
645 0 0 -0.000670881010591984 -0.0440304987132549
646 0 0 -0.000670950976200402 -0.0440284013748169
647 0 0 -0.00066864799009636 -0.0440907999873161
648 0 0 -0.000661870988551527 -0.0442631989717484
649 0 0 -0.000650906993541867 -0.0445249006152153
650 17 24 -0.000636079988908023 -0.0448581017553806
651 0 0 -0.000617714016698301 -0.0452484004199505
652 0 0 -0.000596098019741476 -0.0456841997802258
653 0 0 -0.000571480020880699 -0.0461568012833595
654 0 0 -0.000544054026249796 -0.0466594994068146
655 0 0 -0.00051396299386397 -0.0471874997019768
656 0 0 -0.000481304014101624 -0.0477373003959656
657 0 0 -0.000446127989562228 -0.0483064986765385
658 0 0 -0.000408446008805186 -0.0488935001194477
659 0 0 -0.000368234002962708 -0.0494975000619888
660 0 0 -0.000325430009979755 -0.0501179993152618
661 0 0 -0.000279939995380118 -0.0507550984621048
662 0 0 -0.000231639001867734 -0.0514090992510319
663 0 0 -0.000180368006112985 -0.0520806983113289
664 0 0 -0.000125937003758736 -0.0527708008885384
665 0 0 -6.81215969962068E-05 -0.05348040163517
666 0 0 -6.66549021843821E-06 -0.0542108006775379
667 0 0 5.87239010201301E-05 -0.0549632012844086
668 0 0 0.000128372994367965 -0.05573920160532
669 0 0 0.000202643001102842 -0.0565401017665863
670 0 0 0.000281924003502354 -0.0573672987520695
671 0 0 0.000366632011719048 -0.0582218989729881
672 0 0 0.000457192014437169 -0.0591049008071423
673 0 0 0.00055402098223567 -0.0600164011120796
674 0 0 0.00065748899942264 -0.0609560012817383
675 0 0 0.00076786702265963 -0.061921801418066
676 0 0 0.000885244982782751 -0.0629101991653442
677 0 0 0.00100942002609372 -0.0639149993658066
678 0 0 0.00113970995880663 -0.0649266988039017
679 0 0 0.00127481005620211 -0.0659316033124924
680 0 0 0.00141250004526228 -0.0669111981987953
681 0 0 0.00154947000555694 -0.0678417980670929
682 0 0 0.00168114004191011 -0.0686948969960213
683 0 0 0.00180167995858938 -0.0694388970732689
684 0 0 0.00190423999447376 -0.0700414031744003
685 0 0 0.00198132009245455 -0.0704723969101906
686 0 0 0.00202538003213704 -0.0707070007920265
687 18 22 0.00203299010172486 -0.0707459971308708
688 0 0 0.00201010005548596 -0.0706347972154617
689 0 0 0.00193825003225356 -0.0703004971146584
690 0 0 0.00181382999289781 -0.0697479993104935
691 0 0 0.00163489999249578 -0.0689892023801804
692 0 0 0.00140117004048079 -0.0680415034294128
693 0 0 0.00111378997098655 -0.066925898194313
694 0 0 0.000775176973547786 -0.0656654015183449
695 0 0 0.000388680986361578 -0.0642838031053543
696 0 0 -4.16857001255266E-05 -0.0628042966127396
697 0 0 -0.000511511985678226 -0.0612488985061646
698 0 0 -0.00101621996145695 -0.0596376992762089
699 0 0 -0.00155123998411 -0.0579888001084328
700 19 24 -0.00211213994771242 -0.0563177987933159
701 0 0 -0.00269473996013403 -0.0546385012567043
702 0 0 -0.00329512008465827 -0.0529624000191689
703 0 0 -0.00390968983992934 -0.051299300044775
704 0 0 -0.00453518982976675 -0.0496573001146317
705 0 0 -0.00516866985708475 -0.0480428002774715
706 0 0 -0.00580749986693263 -0.0464613996446133
707 0 0 -0.00644935015588999 -0.0449170991778374
708 0 0 -0.00709216017276049 -0.0434131994843483
709 0 0 -0.00773411989212036 -0.0419520996510983
710 0 0 -0.00837368983775377 -0.0405354984104633
711 0 0 -0.00900951027870178 -0.0391645990312099
712 0 0 -0.00964047014713287 -0.0378400012850761
713 0 0 -0.0102655999362469 -0.0365617983043194
714 0 0 -0.0108840996399522 -0.0353298000991344
715 0 0 -0.0114954002201557 -0.0341436006128788
716 0 0 -0.0120989996939898 -0.0330022983253002
717 0 0 -0.0126945003867149 -0.0319050997495651
718 0 0 -0.0132817998528481 -0.030850799754262
719 0 0 -0.0138606000691652 -0.0298379994928837
720 0 0 -0.0144309997558594 -0.0288654994219542
721 0 0 -0.0149931004270911 -0.0279318001121283
722 0 0 -0.0155469002202153 -0.0270351991057396
723 0 0 -0.0160927008837461 -0.0261744000017643
724 0 0 -0.0166306998580694 -0.0253474991768599
725 0 0 -0.0171613991260529 -0.0245532002300024
726 0 0 -0.0176851991564035 -0.0237895995378494
727 0 0 -0.0182023998349905 -0.023055300116539
728 0 0 -0.0187136996537447 -0.0223487000912428
729 0 0 -0.0192194990813732 -0.0216681007295847
730 0 0 -0.0197203997522593 -0.0210122000426054
731 0 0 -0.0202171001583338 -0.0203792992979288
732 0 0 -0.0207103006541729 -0.0197681002318859
733 0 0 -0.0212005004286766 -0.0191772002726793
734 0 0 -0.02168869972229 -0.018605200573802
735 0 0 -0.0221755001693964 -0.0180507991462946
736 0 0 -0.0226617008447647 -0.0175126995891333
737 0 0 -0.0231481995433569 -0.0169897992163897
738 0 0 -0.0236358996480703 -0.0164809003472328
739 0 0 -0.024125600233674 -0.0159847997128963
740 0 0 -0.02461819909513 -0.0155006004497409
741 0 0 -0.0251148995012045 -0.0150273004546762
742 0 0 -0.0256165005266666 -0.0145637998357415
743 0 0 -0.0261240992695093 -0.0141093004494905
744 0 0 -0.026638800278306 -0.0136630004271865
745 0 0 -0.0271617993712425 -0.0132240997627378
746 0 0 -0.0276941005140543 -0.0127918003126979
747 0 0 -0.0282370001077652 -0.0123653998598456
748 0 0 -0.0287918001413345 -0.0119444001466036
749 0 0 -0.0293597001582384 -0.011528099887073
750 20 24 -0.0299421008676291 -0.011115999892354
751 0 0 -0.0305403005331755 -0.0107076996937394
752 0 0 -0.0311558004468679 -0.0103027001023293
753 0 0 -0.0317899994552135 -0.00990073010325432
754 0 0 -0.0324444994330406 -0.00950147025287151
755 0 0 -0.0331207998096943 -0.00910468958318233
756 0 0 -0.0338204987347126 -0.00871022045612335
757 0 0 -0.0345452018082142 -0.0083179697394371
758 0 0 -0.0352966003119946 -0.0079279001802206
759 0 0 -0.0360764004290104 -0.00754004018381238
760 0 0 -0.0368864014744759 -0.00715446984395385
761 0 0 -0.037728201597929 -0.0067713800817728
762 0 0 -0.0386038012802601 -0.00639099022373557
763 0 0 -0.0395148992538452 -0.00601362017914653
764 0 0 -0.0404632985591888 -0.00563964014872909
765 0 0 -0.0414507985115051 -0.00526951998472214
766 0 0 -0.0424791984260082 -0.00490377983078361
767 0 0 -0.0435503982007504 -0.0045430501922965
768 0 0 -0.0446661002933979 -0.00418801978230476
769 0 0 -0.0458278991281986 -0.00383944995701313
770 0 0 -0.0470376014709473 -0.00349821010604501
771 0 0 -0.0482967011630535 -0.00316522992216051
772 0 0 -0.0496065989136696 -0.00284153991378844
773 21 29 -0.050968699157238 -0.00252821994945407
