-452 16 9 -0.050179198384285 -0.414680987596512
-451 0 0 -0.0495757013559341 -0.409772008657455
-450 15 4 -0.0489748008549213 -0.404893010854721
-449 0 0 -0.0483762994408607 -0.40004500746727
-448 0 0 -0.0477798990905285 -0.395224988460541
-447 0 0 -0.0471853017807007 -0.390433013439178
-446 0 0 -0.0465921983122826 -0.385666996240616
-445 0 0 -0.0460003018379211 -0.380926996469498
-444 0 0 -0.0454092994332314 -0.376210987567902
-443 0 0 -0.0448189005255699 -0.371517986059189
-442 0 0 -0.0442287996411324 -0.366847991943359
-441 0 0 -0.0436387993395329 -0.362197995185852
-440 0 0 -0.0430485010147095 -0.357567012310028
-439 0 0 -0.0424575991928577 -0.352955996990204
-438 0 0 -0.0418659001588821 -0.348360985517502
-437 0 0 -0.0412730015814304 -0.343782991170883
-436 0 0 -0.0406786017119884 -0.339219987392426
-435 0 0 -0.040082398802042 -0.334672003984451
-434 0 0 -0.0394841991364956 -0.330134987831116
-433 0 0 -0.038883600383997 -0.325610995292664
-432 0 0 -0.038280300796032 -0.321096986532211
-431 0 0 -0.0376740992069244 -0.316592007875443
-430 0 0 -0.0370647013187408 -0.312094986438751
-429 0 0 -0.0364517010748386 -0.307604014873505
-428 0 0 -0.035834901034832 -0.303119003772736
-427 0 0 -0.0352139994502068 -0.298637002706528
-426 0 0 -0.034588698297739 -0.294158011674881
-425 0 0 -0.033958800137043 -0.289680987596512
-424 0 0 -0.0333241000771523 -0.285203009843826
-423 0 0 -0.0326841995120049 -0.280723005533218
-422 0 0 -0.032039001584053 -0.276239991188049
-421 0 0 -0.0313882008194923 -0.27175098657608
-420 0 0 -0.030731700360775 -0.267257004976273
-419 0 0 -0.03006930090487 -0.262753009796143
-418 0 0 -0.0294007994234562 -0.258240014314651
-417 0 0 -0.0289517007768154 -0.255223989486694
-416 0 0 -0.0284998994320631 -0.252202987670898
-415 0 0 -0.0280451998114586 -0.249174997210503
-414 0 0 -0.0275877993553877 -0.246139004826546
-413 0 0 -0.0271275006234646 -0.243095993995667
-412 0 0 -0.0266644991934299 -0.240043997764587
-411 0 0 -0.0261985994875431 -0.236983001232147
-410 0 0 -0.025730000808835 -0.233913004398346
-409 0 0 -0.0252586007118225 -0.230830997228622
-408 0 0 -0.0247846003621817 -0.227737993001938
-407 0 0 -0.0243078004568815 -0.224632993340492
-406 0 0 -0.023988600820303 -0.222555994987488
-405 0 0 -0.0236681997776031 -0.220471993088722
-404 0 0 -0.0233466997742653 -0.218382999300957
-403 0 0 -0.0230241008102894 -0.21628600358963
-402 0 0 -0.0227003991603851 -0.214183002710342
-401 0 0 -0.022375799715519 -0.212072998285294
-400 14 4 -0.0220500994473696 -0.209955006837845
-399 0 0 -0.0217234995216131 -0.207828998565674
-398 0 0 -0.0213959999382496 -0.205695003271103
-397 0 0 -0.021067600697279 -0.203553006052971
-396 0 0 -0.0207384005188942 -0.201401993632317
-395 0 0 -0.0204083994030952 -0.199241995811462
-394 0 0 -0.0200776997953653 -0.197072997689247
-393 0 0 -0.0197464004158974 -0.194893002510071
-392 0 0 -0.0194144006818533 -0.192704007029533
-391 0 0 -0.0190818998962641 -0.190503999590874
-390 0 0 -0.0187488999217749 -0.188292995095253
-389 0 0 -0.0184154994785786 -0.186070993542671
-388 0 0 -0.0180817004293203 -0.183836996555328
-387 0 0 -0.017747700214386 -0.181591004133224
-386 0 0 -0.0174135006964207 -0.179332002997398
-385 0 0 -0.0170792005956173 -0.17705999314785
-384 0 0 -0.0167449004948139 -0.174775004386902
-383 0 0 -0.0164106003940105 -0.17247599363327
-382 0 0 -0.0160764995962381 -0.170162007212639
-381 0 0 -0.0157425999641418 -0.167833998799324
-380 0 0 -0.0154090998694301 -0.165490001440048
-379 0 0 -0.0150760998949409 -0.16313000023365
-378 0 0 -0.0147436996921897 -0.16075499355793
-377 0 0 -0.0144119998440146 -0.158362999558449
-376 0 0 -0.0140811000019312 -0.155954003334045
-375 0 0 -0.0137510998174548 -0.15352800488472
-374 0 0 -0.0134222004562616 -0.151084005832672
-373 0 0 -0.01309460029006 -0.148622006177902
-372 0 0 -0.0127683002501726 -0.14614300429821
-371 0 0 -0.0124436002224684 -0.143645003437996
-370 0 0 -0.0121207004413009 -0.141130000352859
-369 0 0 -0.0117995999753475 -0.138596996665001
-368 0 0 -0.011480700224638 -0.136046007275581
-367 0 0 -0.0111640999093652 -0.133478999137878
-366 0 0 -0.0108500998467207 -0.130896002054214
-365 0 0 -0.0105389999225736 -0.128297999501228
-364 0 0 -0.0102310003712773 -0.125687003135681
-363 0 0 -0.00992640014737844 -0.123063996434212
-362 0 0 -0.00962562020868063 -0.120433002710342
-361 0 0 -0.00932897999882698 -0.117795996367931
-360 0 0 -0.00903687998652458 -0.115156002342701
-359 0 0 -0.00874972995370626 -0.11251699924469
-358 0 0 -0.0084679601714015 -0.10988499969244
-357 0 0 -0.00819202978163958 -0.107262998819351
-356 0 0 -0.00792238023132086 -0.104657001793385
-355 0 0 -0.00765943992882967 -0.10207399725914
-354 0 0 -0.00740362983196974 -0.0995184034109116
-353 0 0 -0.00715530989691615 -0.0969970971345901
-352 0 0 -0.00691480981186032 -0.0945155993103981
-351 0 0 -0.00668238988146186 -0.092079296708107
-350 13 4 -0.0064582098275423 -0.0896930024027824
-349 0 0 -0.00624236976727843 -0.0873610004782677
-348 0 0 -0.00603489996865392 -0.0850865989923477
-347 0 0 -0.00583571987226605 -0.0828723013401031
-346 0 0 -0.00564470980316401 -0.0807197019457817
-345 0 0 -0.00546166999265552 -0.0786297991871834
-344 0 0 -0.00528636015951633 -0.0766026973724365
-343 0 0 -0.00511847995221615 -0.0746378973126411
-342 0 0 -0.00495772995054722 -0.0727344006299973
-341 0 0 -0.00480378977954388 -0.0708907023072243
-340 0 0 -0.00465629016980529 -0.0691049993038177
-339 0 0 -0.00451492005959153 -0.0673751980066299
-338 0 0 -0.00437931995838881 -0.0656991004943848
-337 0 0 -0.00424918020144105 -0.0640743970870972
-336 0 0 -0.00412415992468596 -0.0624986998736858
-335 0 0 -0.0040039699524641 -0.0609695985913277
-334 0 0 -0.00388830993324518 -0.059484701603651
-333 0 0 -0.0037769100163132 -0.0580415986478329
-332 0 0 -0.00366949988529086 -0.0566380992531776
-331 0 0 -0.00356585998088121 -0.055272001773119
-330 0 0 -0.00346574001014233 -0.0539411008358002
-329 0 0 -0.00336891994811594 -0.0526433996856213
-328 0 0 -0.00327522004954517 -0.05137699842453
-327 0 0 -0.00318444008007646 -0.0501399002969265
-326 0 0 -0.00309641007333994 -0.0489302985370159
-325 0 0 -0.00301095005124807 -0.0477465987205505
-324 0 0 -0.00292792008258402 -0.046587198972702
-323 0 0 -0.00284716999158263 -0.0454502999782562
-322 0 0 -0.00276856007985771 -0.0443345010280609
-321 0 0 -0.00269196997396648 -0.0432384982705116
-320 0 0 -0.00261726998724043 -0.0421607010066509
-319 0 0 -0.00254434999078512 -0.041099801659584
-318 0 0 -0.00247309007681906 -0.0400545001029968
-317 0 0 -0.00240340991877019 -0.0390234999358654
-316 0 0 -0.00233519007451832 -0.0380056016147137
-315 0 0 -0.00226834998466074 -0.0369995981454849
-314 0 0 -0.00220278999768198 -0.0360042005777359
-313 0 0 -0.0021384300198406 -0.0350181981921196
-312 0 0 -0.00207516993395984 -0.0340404994785786
-311 0 0 -0.00201293989084661 -0.0330697000026703
-310 0 0 -0.00195165001787245 -0.0321047008037567
-309 0 0 -0.00189121998846531 -0.0311441998928785
-308 0 0 -0.00183157005812973 -0.0301868002861738
-307 0 0 -0.00177262001670897 -0.0292311999946833
-306 0 0 -0.00171426997985691 -0.0282758995890617
-305 0 0 -0.00165644998196512 -0.0273195002228022
-304 0 0 -0.00159906002227217 -0.0263601001352072
-303 0 0 -0.00154198997188359 -0.0253959000110626
-302 0 0 -0.00148515996988863 -0.0244249999523163
-301 0 0 -0.00142842996865511 -0.023445000872016
-300 12 4 -0.00137167994398624 -0.0224533993750811
-299 0 0 -0.00131476996466517 -0.0214470997452736
-298 0 0 -0.00125752994790673 -0.0204224996268749
-297 0 0 -0.00119974999688566 -0.0193754993379116
-296 0 0 -0.0011608200147748 -0.0186624992638826
-295 0 0 -0.00112145999446511 -0.0179353002458811
-294 0 0 -0.00108157005161047 -0.0171918999403715
-293 0 0 -0.00104103004559875 -0.0164295006543398
-292 0 0 -0.000999698997475207 -0.0156449992209673
-291 0 0 -0.000971619971096516 -0.0151078999042511
-290 0 0 -0.00094305002130568 -0.0145579995587468
-289 0 0 -0.000913914002012461 -0.0139934998005629
-288 0 0 -0.000884125009179115 -0.0134124998003244
-287 0 0 -0.000853576988447458 -0.0128127997741103
-286 0 0 -0.000832727004308254 -0.0124011998996139
-285 0 0 -0.000811435980722308 -0.0119789997115731
-284 0 0 -0.000789651996456087 -0.0115449000149965
-283 0 0 -0.000767309975344688 -0.0110977003350854
-282 0 0 -0.000744335004128516 -0.0106357000768185
-281 0 0 -0.000728620972950011 -0.0103184003382921
-280 0 0 -0.000712552980985492 -0.00999286025762558
-279 0 0 -0.000696093018632382 -0.0096583403646946
-278 0 0 -0.000679197022691369 -0.00931384041905403
-277 0 0 -0.000661814992781729 -0.00895821955054998
-276 0 0 -0.000643883016891778 -0.00859013013541698
-275 0 0 -0.000631587987300009 -0.00833703018724918
-274 0 0 -0.000618989986833185 -0.00807708967477083
-273 0 0 -0.000606058980338275 -0.00780967017635703
-272 0 0 -0.000592758995480835 -0.00753398984670639
-271 0 0 -0.000579050974920392 -0.00724914995953441
-270 0 0 -0.00056488299742341 -0.00695407995954156
-269 0 0 -0.000555153994355351 -0.00675104977563024
-268 0 0 -0.000545174989383668 -0.00654244981706142
-267 0 0 -0.000534921011421829 -0.0063277599401772
-266 0 0 -0.000524364004377276 -0.00610637990757823
-265 0 0 -0.0005134730017744 -0.00587760005146265
-264 0 0 -0.000502209004480392 -0.00564057985320687
-263 0 0 -0.000494470004923642 -0.00547750014811754
-262 0 0 -0.000486528995679691 -0.00530997989699244
-261 0 0 -0.000478367990581319 -0.00513760978356004
-260 0 0 -0.000469964987132698 -0.00495993020012975
-259 0 0 -0.000461296993307769 -0.00477642007172108
-258 0 0 -0.000452334003057331 -0.00458644982427359
-257 0 0 -0.000446177989942953 -0.00445584021508694
-256 0 0 -0.000439864990767092 -0.00432178983464837
-255 0 0 -0.000433379987953231 -0.0041839899495244
-254 0 0 -0.000426709011662751 -0.00404210994020104
-253 0 0 -0.000419835007051006 -0.00389578007161617
-252 0 0 -0.000412736000725999 -0.00374455004930496
-251 0 0 -0.000405389000661671 -0.00358789996244013
-250 11 4 -0.000397766008973122 -0.00342523003928363
-249 0 0 -0.000389833992812783 -0.00325580011121929
-248 0 0 -0.000381552003091201 -0.00307875010184944
-247 0 0 -0.000372870999854058 -0.0028929898981005
-246 0 0 -0.000363728002412245 -0.0026971900369972
-245 0 0 -0.000354048010194674 -0.00248968997038901
-244 0 0 -0.000343730993336067 -0.00226830993779004
-243 0 0 -0.000332647003233433 -0.00203025992959738
-242 0 0 -0.000320625986205414 -0.0017718099988997
-241 0 0 -0.000307439011521637 -0.00148801004979759
-240 0 0 -0.000292790995445102 -0.00117244001012295
-239 0 0 -0.000276345992460847 -0.000817761989310384
-238 0 0 -0.000257917010458186 -0.000419846997829154
-237 0 0 -0.000237999993260019 1.06235002022004E-05
-236 0 0 -0.000199540998437442 0.000842969981022179
-235 0 0 -0.000143669007229619 0.00205374998040497
-234 0 0 6.04827982897405E-05 0.00647050002589822
-233 0 0 0.000443717988673598 0.0145594999194145
-232 0 0 0.000722752010915428 0.0201878007501364
-231 0 0 0.000979422009550035 0.0251719001680613
-230 0 0 0.00123365002218634 0.0299607999622822
-229 0 0 0.00149544002488256 0.0347816981375217
-228 0 0 0.00177195004653186 0.0398001000285149
-227 0 0 0.00206954008899629 0.0451701991260052
-226 0 0 0.0023946100845933 0.0510623008012772
-225 0 0 0.00275367009453475 0.0576823018491268
-224 0 0 0.00315237999893725 0.0652849972248077
-223 0 0 0.00359213002957404 0.0741645023226738
-222 0 0 0.00406184978783131 0.0845678970217705
-221 0 0 0.00452675018459558 0.0964772999286652
-220 0 0 0.00493072997778654 0.109420999884605
-219 0 0 0.0052255098707974 0.122693002223969
-218 0 0 0.00539434002712369 0.135777994990349
217 10 2 0.00544633995741606 0.148452997207642
216 0 0 0.00544610014185309 0.149332001805305
215 0 0 0.00539575004950166 0.161525994539261
214 0 0 0.00527343014255166 0.173305004835129
213 0 0 0.00510047981515527 0.184724003076553
212 0 0 0.0048954701051116 0.195839002728462
211 0 0 0.00467398017644882 0.206699997186661
210 0 0 0.00444858986884356 0.217353001236916
209 0 0 0.00422920007258654 0.22783499956131
208 0 0 0.00402334984391928 0.238180994987488
207 0 0 0.0038365600630641 0.248420000076294
206 0 0 0.00367267010733485 0.258578985929489
205 0 0 0.00353416008874774 0.26868000626564
204 0 0 0.00342245004139841 0.278744995594025
203 0 0 0.00333812995813787 0.288792014122009
202 0 0 0.00328111997805536 0.298840999603271
201 0 0 0.0032509199809283 0.308907002210617
200 9 2 0.00324526010081172 0.315634995698929
-199 0 0 0.00324574997648597 0.317631006240845
-198 0 0 0.00325455004349351 0.32438600063324
-197 0 0 0.00327410991303623 0.331164985895157
-196 0 0 0.00330403004772961 0.33797299861908
-195 0 0 0.00332954991608858 0.342530995607376
-194 0 0 0.00335935992188752 0.347104012966156
-193 0 0 0.00339336995966733 0.351695001125336
-192 0 0 0.00343143008649349 0.356305003166199
-191 0 0 0.00347342994064093 0.360933989286423
-190 0 0 0.00351923005655408 0.36558398604393
-189 0 0 0.00356873008422554 0.370256990194321
-188 0 0 0.00362178008072078 0.374953001737595
-187 0 0 0.00367826991714537 0.379673987627029
-186 0 0 0.00373807991854846 0.384420990943909
-185 0 0 0.00380106992088258 0.389194011688232
-184 0 0 0.00386715005151927 0.393997013568878
-183 0 0 0.00393617013469338 0.398829013109207
-182 0 0 0.00400803005322814 0.403692007064819
-181 0 0 0.00408260012045503 0.408587008714676
-180 0 0 0.00415978021919727 0.413516014814377
-179 0 0 0.00423943996429443 0.418480008840561
-178 0 0 0.00432148016989231 0.423480004072189
-177 0 0 0.00440576998516917 0.428517997264862
-176 0 0 0.00449221022427082 0.43359500169754
-175 0 0 0.00458069005981088 0.438712000846863
-174 0 0 0.0046710898168385 0.44387099146843
-173 0 0 0.00476330006495118 0.449072986841202
-172 0 0 0.00485722022131085 0.454320013523102
-171 0 0 0.0049527301453054 0.459612995386124
-170 0 0 0.005049719940871 0.464955002069473
-169 0 0 0.00511515000835061 0.468542993068695
-168 0 0 0.00518115982413292 0.472153007984161
-167 0 0 0.0052477098070085 0.47578701376915
-166 0 0 0.00531477993354201 0.479443997144699
-165 0 0 0.00538231991231441 0.483125001192093
-164 0 0 0.00545031018555164 0.486829996109009
-163 0 0 0.00551870977506042 0.490559995174408
-162 0 0 0.00558750005438924 0.494316011667252
-161 0 0 0.00565662002190948 0.498097002506256
-160 0 0 0.00572605989873409 0.501905977725983
-159 0 0 0.00579576985910535 0.505741000175476
-158 0 0 0.00586572010070086 0.509603977203369
-157 0 0 0.00593587988987565 0.513495028018951
-156 0 0 0.0060062101110816 0.51741498708725
-155 0 0 0.00607668003067374 0.521363973617554
-154 0 0 0.00614723982289433 0.525343000888824
-153 0 0 0.00621786992996931 0.529353022575378
-152 0 0 0.00628852006047964 0.533393979072571
-151 0 0 0.00635915994644165 0.537465989589691
-150 8 4 0.00642975000664592 0.541571974754333
-149 0 0 0.00650025019422174 0.545710027217865
-148 0 0 0.00657061021775007 0.549881994724274
-147 0 0 0.00664081005379558 0.554087996482849
-146 0 0 0.0067107998766005 0.558329999446869
-145 0 0 0.00678052986040711 0.562606990337372
-144 0 0 0.00684997998178005 0.56692099571228
-143 0 0 0.00691907992586493 0.571272015571594
-142 0 0 0.00698779989033937 0.57566100358963
-141 0 0 0.00705609982833266 0.580088973045349
-140 0 0 0.00712392991408706 0.584555983543396
-139 0 0 0.00719123985618353 0.589062988758087
-138 0 0 0.00725799007341266 0.593612015247345
-137 0 0 0.00732412002980709 0.598201990127563
-136 0 0 0.00738959992304444 0.60283499956131
-135 0 0 0.00745435990393162 0.607510983943939
-134 0 0 0.00751837017014623 0.612232029438019
-133 0 0 0.0075815599411726 0.616998016834259
-132 0 0 0.00764387985691428 0.621809005737305
-131 0 0 0.00770528987050056 0.626667976379395
-130 0 0 0.00776572013273835 0.631574988365173
-129 0 0 0.00782512035220861 0.636529982089996
-128 0 0 0.00788343977183104 0.641534984111786
-127 0 0 0.00794060993939638 0.646591007709503
-126 0 0 0.0079965703189373 0.651697993278503
-125 0 0 0.00805127993226051 0.656857013702393
-124 0 0 0.00810465961694717 0.662070989608765
-123 0 0 0.00815664976835251 0.667338013648987
-122 0 0 0.00820718985050917 0.672661006450653
-121 0 0 0.00825622957199812 0.678040981292725
-120 0 0 0.00830368045717478 0.683479011058807
-119 0 0 0.00834949035197496 0.688974976539612
-118 0 0 0.00839359033852816 0.694530010223389
-117 0 0 0.00843590963631868 0.700146973133087
-116 0 0 0.00847638957202435 0.705824971199036
-115 0 0 0.00851495005190372 0.711565971374512
-114 0 0 0.0085515296086669 0.717372000217438
-113 0 0 0.00858606025576591 0.723242998123169
-112 0 0 0.00861847028136253 0.72917902469635
-111 0 0 0.00864867959171534 0.735184013843536
-110 0 0 0.00867662020027637 0.741257011890411
-109 0 0 0.00870223995298147 0.747399985790253
-108 0 0 0.00872544012963772 0.753612995147705
-107 0 0 0.00874617043882608 0.759899020195007
-106 0 0 0.0087643601000309 0.766258001327515
-105 0 0 0.00877992995083332 0.772691011428833
-104 0 0 0.00879281014204025 0.77920001745224
-103 0 0 0.00880295038223267 0.785785973072052
-102 0 0 0.00881026964634657 0.792448997497559
-101 0 0 0.00881471019238234 0.799190998077393
100 7 2 0.00881620030850172 0.806014001369476
99 0 0 0.00881543010473251 0.810913980007172
98 0 0 0.00881175044924021 0.817875981330872
97 0 0 0.00880496017634869 0.824921011924744
96 0 0 0.00879500992596149 0.832050979137421
95 0 0 0.00878185965120792 0.839264988899231
94 0 0 0.00876544043421745 0.846566021442413
93 0 0 0.00874572992324829 0.853954017162323
92 0 0 0.00872267968952656 0.861429989337921
91 0 0 0.00869625993072987 0.868996024131775
90 0 0 0.00866642966866493 0.876652002334595
89 0 0 0.00863317959010601 0.884397983551025
88 0 0 0.00859647989273071 0.89223700761795
87 0 0 0.00855632033199072 0.900168001651764
86 0 0 0.00851269997656345 0.908192992210388
85 0 0 0.00846561044454575 0.916311025619507
84 0 0 0.00841507036238909 0.924525022506714
83 0 0 0.00836107973009348 0.932834029197693
82 0 0 0.00830368045717478 0.94123899936676
81 0 0 0.00824289955198765 0.949739992618561
80 0 0 0.00817876029759645 0.958338022232056
79 0 0 0.00811133999377489 0.9670330286026
78 0 0 0.00804067030549049 0.975826025009155
77 0 0 0.00796683039516211 0.98471599817276
76 0 0 0.00788989011198282 0.993704974651337
75 0 0 0.0078099500387907 1.00278997421265
74 0 0 0.00772708980366588 1.0119800567627
73 0 0 0.00764141976833344 1.02126002311707
72 0 0 0.00755306985229254 1.03064000606537
71 0 0 0.00746214017271996 1.0401200056076
70 0 0 0.00736878020688891 1.04969000816345
69 0 0 0.00727313011884689 1.05937004089355
68 0 0 0.00717533985152841 1.06912994384766
67 0 0 0.00707557005807757 1.0789999961853
66 0 0 0.00697400001809001 1.08896005153656
65 0 0 0.0068708099424839 1.09902000427246
64 0 0 0.00676616979762912 1.10916996002197
63 0 0 0.00666029006242752 1.11942005157471
62 0 0 0.00655335979536176 1.12975001335144
61 0 0 0.00644558994099498 1.14017999172211
60 0 0 0.0063371998257935 1.15070998668671
59 0 0 0.00622839014977217 1.16131997108459
58 0 0 0.00611939979717135 1.17201995849609
57 0 0 0.00601044995710254 1.1828099489212
56 0 0 0.00590177020058036 1.19368994235992
55 0 0 0.00579359987750649 1.20466005802155
54 0 0 0.0056861499324441 1.21571004390717
53 0 0 0.00557968020439148 1.22684001922607
52 0 0 0.005474419798702 1.23805999755859
51 0 0 0.00537058990448713 1.2493599653244
50 6 4 0.00526844011619687 1.26074004173279
49 0 0 0.00516820000484586 1.27219998836517
48 0 0 0.00507010007277131 1.28374004364014
47 0 0 0.00497436011210084 1.29534995555878
46 0 0 0.00488121993839741 1.30704998970032
45 0 0 0.00479087978601456 1.31881999969482
44 0 0 0.00470357015728951 1.3306599855423
43 0 0 0.00461950013414025 1.34256994724274
42 0 0 0.00453888019546866 1.35456001758575
41 0 0 0.00446189986541867 1.36661005020142
40 0 0 0.00438875984400511 1.37873995304108
39 0 0 0.00431963987648487 1.39093005657196
38 0 0 0.0042547401972115 1.40320003032684
37 0 0 0.00419420981779695 1.41551995277405
36 0 0 0.00413824012503028 1.42791998386383
35 0 0 0.00408696988597512 1.44036996364594
34 0 0 0.00404056999832392 1.4528900384903
33 0 0 0.00399916991591454 1.46546995639801
32 0 0 0.00396290980279446 1.47811996936798
31 0 0 0.00393192982301116 1.49082005023956
30 0 0 0.00390635011717677 1.5035799741745
29 0 0 0.00388627010397613 1.51639997959137
28 0 0 0.00387180992402136 1.52927994728088
27 0 0 0.00386306992731988 1.54221999645233
-26 5 2 0.00386013998650014 1.5552099943161
-25 0 0 0.00386027991771698 1.55801999568939
-24 0 0 0.00386451999656856 1.57106995582581
-23 0 0 0.00387474009767175 1.58419001102448
-22 0 0 0.00389102008193731 1.59735000133514
-21 0 0 0.003913430031389 1.61056995391846
-20 0 0 0.00394200021401048 1.6238499879837
-19 0 0 0.00397680001333356 1.63716995716095
-18 0 0 0.00401786016300321 1.65053999423981
-17 0 0 0.00406521977856755 1.66396999359131
-16 0 0 0.00411891983821988 1.6774400472641
-15 0 0 0.00417897012084723 1.69096004962921
-14 0 0 0.00424539996311069 1.70454001426697
-13 0 0 0.00431822007521987 1.71816003322601
-12 0 0 0.00439743977040052 1.73181998729706
-11 0 0 0.00448305997997522 1.74554002285004
-10 0 0 0.00457509001716971 1.75929999351501
-9 0 0 0.00467350985854864 1.77310001850128
-8 0 0 0.00477833021432161 1.78694999217987
-7 0 0 0.00485173985362053 1.79621005058289
-6 0 0 0.00490225991234183 1.80239999294281
-5 0 0 0.00493664015084505 1.80651998519897
-4 0 0 0.00495985988527536 1.80928003787994
-3 0 0 0.00497548980638385 1.81111001968384
-2 0 0 0.00498596020042896 1.81234002113342
1 0 0 0.00499999988824129 1.81396996974945
1 0 0 0.00499999988824129 1.81396996974945
-2 0 0 0.00501414015889168 1.81561005115509
-3 0 0 0.00502478983253241 1.81683003902435
-4 0 0 0.00504087004810572 1.81867003440857
-5 0 0 0.00506517989560962 1.82142996788025
-6 0 0 0.00510211987420917 1.82558000087738
-7 0 0 0.00515857012942433 1.83179998397827
-8 0 0 0.00524557009339333 1.84116005897522
-9 0 0 0.00538132013753057 1.85521996021271
-10 0 0 0.00552331982180476 1.8693300485611
-11 0 0 0.00567153980955482 1.88347995281219
-12 0 0 0.00582594983279705 1.89767003059387
-13 0 0 0.00598650984466076 1.91191005706787
-14 0 0 0.00615317979827523 1.92618000507355
-15 0 0 0.00632590986788273 1.94050002098083
-16 0 0 0.00650465022772551 1.9548499584198
-17 0 0 0.00668935989961028 1.96924996376038
-18 0 0 0.00687999976798892 1.98368000984192
-19 0 0 0.00707649020478129 1.99814999103546
-20 0 0 0.00727880978956819 2.01266002655029
-21 0 0 0.00748687982559204 2.02720999717712
-22 0 0 0.00770065002143383 2.04180002212524
-23 0 0 0.00792006962001324 2.05642008781433
-24 0 0 0.00814506970345974 2.07108998298645
-25 0 0 0.00837561022490263 2.08577990531921
-26 0 0 0.00861161015927792 2.10051989555359
-27 0 0 0.00885300990194082 2.11528992652893
-28 0 0 0.0090997600927949 2.13008999824524
-29 0 0 0.00935178995132446 2.14492988586426
-30 0 0 0.00960903987288475 2.15981006622314
-31 0 0 0.00987145025283098 2.17472004890442
-32 0 0 0.0101389000192285 2.18966007232666
-33 0 0 0.0104114999994636 2.20463991165161
-34 0 0 0.0106889000162482 2.21965003013611
-35 0 0 0.010971300303936 2.23468995094299
-36 0 0 0.0112584996968508 2.24976992607117
-37 0 0 0.0115505000576377 2.26486992835999
-38 0 0 0.0118471998721361 2.28000998497009
-39 0 0 0.0121485004201531 2.29518008232117
-40 0 0 0.0124543998390436 2.31038999557495
-41 0 0 0.0127646997570992 2.32561993598938
-42 0 0 0.0130796004086733 2.34087991714478
-43 0 0 0.0133988000452518 2.35616993904114
-44 0 0 0.0137222995981574 2.37150001525879
-45 0 0 0.0140500999987125 2.38685011863708
-46 0 0 0.0143820000812411 2.40223002433777
-47 0 0 0.0147181004285812 2.4176299571991
-48 0 0 0.0150581998750567 2.43306994438171
-49 0 0 0.0154023002833128 2.44852995872498
-50 2 4 0.0157504007220268 2.4640200138092
-51 0 0 0.0161022990942001 2.4795401096344
-52 0 0 0.0164580997079611 2.49509000778198
-53 0 0 0.0168175008147955 2.51065993309021
-54 0 0 0.0171806998550892 2.5262598991394
-55 0 0 0.0175474993884563 2.54187989234924
-56 0 0 0.017917899414897 2.55752992630005
-57 0 0 0.018291799351573 2.5731999874115
-58 0 0 0.0186691991984844 2.58889007568359
-59 0 0 0.0190498996526003 2.60460996627808
-60 0 0 0.0194339994341135 2.62035989761353
-61 0 0 0.0198213998228312 2.6361300945282
-62 0 0 0.0202120002359152 2.65192008018494
-63 0 0 0.0206058006733656 2.66773009300232
-64 0 0 0.0210027005523443 2.68356990814209
-65 0 0 0.0214025992900133 2.69942998886108
-66 0 0 0.0218055993318558 2.71531009674072
-67 0 0 0.0222116000950336 2.73120999336243
-68 0 0 0.0226204004138708 2.74712991714478
-69 0 0 0.0230321008712053 2.76307010650635
-70 0 0 0.0234466996043921 2.77904009819031
-71 0 0 0.0238639991730452 2.79502010345459
-72 0 0 0.0242839995771646 2.81101989746094
-73 0 0 0.0247067008167505 2.82704997062683
-74 0 0 0.0251318998634815 2.84309005737305
-75 0 0 0.0255597997456789 2.85914993286133
-76 0 0 0.0259901992976665 2.87523007392883
-77 0 0 0.0264231003820896 2.8913300037384
-78 0 0 0.0268584005534649 2.9074399471283
-79 0 0 0.0272959992289543 2.92356991767883
-80 0 0 0.0277360994368792 2.93971991539001
-81 0 0 0.0281783994287252 2.95588994026184
-82 0 0 0.0286229997873306 2.97206997871399
-83 0 0 0.0290699005126953 2.98827004432678
-84 0 0 0.0295189004391432 3.00448989868164
-85 0 0 0.0299699995666742 3.0207200050354
-86 0 0 0.0304233003407717 3.03696990013123
-87 0 0 0.0308785997331142 3.05323004722595
-88 0 0 0.03133599832654 3.06950998306274
-89 0 0 0.0317953005433083 3.08580994606018
-90 0 0 0.0322565995156765 3.10210990905762
-91 0 0 0.032719798386097 3.1184298992157
-92 0 0 0.0331849008798599 3.13476991653442
-93 0 0 0.0336518995463848 3.15111994743347
-94 0 0 0.0341206006705761 3.16747999191284
-95 0 0 0.0345911011099815 3.18386006355286
-96 0 0 0.0350634008646011 3.20024991035461
-97 0 0 0.0355373993515968 3.21665000915527
-98 0 0 0.0360129997134209 3.233069896698
-99 0 0 0.036490298807621 3.2494900226593
-100 3 4 0.0369693003594875 3.26592993736267
-101 0 0 0.037449799478054 3.28238010406494
-102 0 0 0.0379319004714489 3.29885005950928
-103 0 0 0.0384154990315437 3.31532001495361
-104 0 0 0.0389005988836288 3.33180999755859
-105 0 0 0.0393872000277042 3.34829998016357
-106 0 0 0.0401197001338005 3.37307000160217
-107 0 0 0.0408554002642632 3.39786005020142
-108 0 0 0.0415941998362541 3.42266988754272
-109 0 0 0.0423359982669353 3.44749999046326
-110 0 0 0.0430806986987591 3.47235989570618
-111 0 0 0.0438282005488873 3.49724006652832
-112 0 0 0.0445783995091915 3.52213001251221
-113 0 0 0.0453312993049622 3.54704999923706
-114 0 0 0.0460867993533611 3.57199001312256
-115 0 0 0.0468447990715504 3.59694004058838
-116 0 0 0.0476052984595299 3.62192010879517
-117 0 0 0.0483681000769138 3.6469099521637
-118 0 0 0.04913330078125 3.67192006111145
-119 0 0 0.0499005988240242 3.69693994522095
-120 4 9 0.0506701990962029 3.72199010848999
