-285 14 9 -0.0503543987870216 -0.39876800775528
-284 0 0 -0.0497413985431194 -0.393970012664795
-283 0 0 -0.0491296984255314 -0.389198988676071
-282 0 0 -0.0485192015767097 -0.384454995393753
-281 0 0 -0.0479094982147217 -0.379734992980957
-280 0 0 -0.0473003014922142 -0.375039994716644
-279 0 0 -0.0466914996504784 -0.370366990566254
-278 0 0 -0.0460826009511948 -0.365716010332108
-277 0 0 -0.045473400503397 -0.361084997653961
-276 0 0 -0.0448637008666992 -0.356472998857498
-275 0 0 -0.0442529991269112 -0.351880013942719
-274 0 0 -0.0436412990093231 -0.347303986549377
-273 0 0 -0.0430281013250351 -0.342743992805481
-272 0 0 -0.0424131006002426 -0.338198989629745
-271 0 0 -0.0417960993945599 -0.333667010068893
-270 0 0 -0.041176799684763 -0.32914799451828
-269 0 0 -0.0405550003051758 -0.32464000582695
-268 0 0 -0.039930198341608 -0.32014200091362
-267 0 0 -0.0393022000789642 -0.315652996301651
-266 0 0 -0.0386708006262779 -0.311170995235443
-265 0 0 -0.0380356013774872 -0.306695997714996
-264 0 0 -0.0373964011669159 -0.302226006984711
-263 0 0 -0.0367528982460499 -0.297758996486664
-262 0 0 -0.0361048988997936 -0.293294996023178
-261 0 0 -0.0354520007967949 -0.288832008838654
-260 0 0 -0.0347940996289253 -0.284368008375168
-259 0 0 -0.0341309010982513 -0.279902011156082
-258 0 0 -0.0334620997309685 -0.275431990623474
-257 0 0 -0.032787598669529 -0.270956993103027
-256 0 0 -0.032107301056385 -0.266476005315781
-255 0 0 -0.0314208008348942 -0.26198598742485
-254 0 0 -0.0307280998677015 -0.257485002279282
-253 0 0 -0.0302629005163908 -0.254478007555008
-252 0 0 -0.0297947004437447 -0.251464992761612
-251 0 0 -0.0293237008154392 -0.248445004224777
-250 13 4 -0.0288497991859913 -0.24541799724102
-249 0 0 -0.0283730998635292 -0.242383003234863
-248 0 0 -0.0278935004025698 -0.239338994026184
-247 0 0 -0.027411000803113 -0.236286997795105
-246 0 0 -0.0269255992025137 -0.233224004507065
-245 0 0 -0.0264375004917383 -0.230150997638702
-244 0 0 -0.0259464997798204 -0.227065995335579
-243 0 0 -0.0254528000950813 -0.223968997597694
-242 0 0 -0.0251221992075443 -0.221897006034851
-241 0 0 -0.0247904993593693 -0.219818994402885
-240 0 0 -0.0244575999677181 -0.21773399412632
-239 0 0 -0.0241234991699457 -0.215643003582954
-238 0 0 -0.0237883999943733 -0.213544994592667
-237 0 0 -0.0234523005783558 -0.211439996957779
-236 0 0 -0.0231151003390551 -0.20932799577713
-235 0 0 -0.0227768998593092 -0.20720699429512
-234 0 0 -0.0224377997219563 -0.20507900416851
-233 0 0 -0.0220976993441582 -0.202941998839378
-232 0 0 -0.0217567998915911 -0.200797006487846
-231 0 0 -0.0214150995016098 -0.198642000555992
-230 0 0 -0.0210727006196976 -0.196477994322777
-229 0 0 -0.0207295008003712 -0.194305002689362
-228 0 0 -0.0203856006264687 -0.192120999097824
-227 0 0 -0.020041199401021 -0.189925998449326
-226 0 0 -0.0196963008493185 -0.187720999121666
-225 0 0 -0.0193508006632328 -0.185505002737045
-224 0 0 -0.0190050005912781 -0.183276996016502
-223 0 0 -0.0186589006334543 -0.181035995483398
-222 0 0 -0.0183125007897615 -0.178783997893333
-221 0 0 -0.0179660003632307 -0.176517993211746
-220 0 0 -0.0176193993538618 -0.174238994717598
-219 0 0 -0.0172728002071381 -0.171946004033089
-218 0 0 -0.0169261991977692 -0.169639006257057
-217 0 0 -0.0165798999369144 -0.167317003011703
-216 0 0 -0.0162339005619287 -0.164979994297028
-215 0 0 -0.015888299793005 -0.162626996636391
-214 0 0 -0.0155432000756264 -0.160258993506432
-213 0 0 -0.0151987001299858 -0.157874003052711
-212 0 0 -0.0148548996075988 -0.155472993850708
-211 0 0 -0.0145121002569795 -0.153053998947144
-210 0 0 -0.0141701996326447 -0.150618001818657
-209 0 0 -0.0138295004144311 -0.148165002465248
-208 0 0 -0.0134901003912091 -0.145694002509117
-207 0 0 -0.0131521001458168 -0.143205001950264
-206 0 0 -0.0128157995641232 -0.140698999166489
-205 0 0 -0.0124813998118043 -0.138175994157791
-204 0 0 -0.0121489996090531 -0.135635003447533
-203 0 0 -0.0118188001215458 -0.133077993988991
-202 0 0 -0.0114911999553442 -0.130505993962288
-201 0 0 -0.0111662996932864 -0.127919003367424
-200 12 4 -0.0108444998040795 -0.125320002436638
-199 0 0 -0.0105261001735926 -0.12270999699831
-198 0 0 -0.010211399756372 -0.120091997087002
-197 0 0 -0.00990078970789909 -0.117467999458313
-196 0 0 -0.00959473010152578 -0.114841997623444
-195 0 0 -0.00929361954331398 -0.112217999994755
-194 0 0 -0.00899790972471237 -0.109600000083447
-193 0 0 -0.00870805978775024 -0.106992997229099
-192 0 0 -0.00842454005032778 -0.104402996599674
-191 0 0 -0.00814781989902258 -0.101833999156952
-190 0 0 -0.00787832029163837 -0.099294401705265
-189 0 0 -0.00761645985767245 -0.0967881977558136
-188 0 0 -0.00736255990341306 -0.094321496784687
-187 0 0 -0.00711691007018089 -0.0918996036052704
-186 0 0 -0.00687971012666821 -0.0895271971821785
-185 0 0 -0.00665108999237418 -0.0872083976864815
-184 0 0 -0.00643107015639544 -0.0849464014172554
-183 0 0 -0.00621961010619998 -0.0827436968684196
-182 0 0 -0.00601659994572401 -0.0806019976735115
-181 0 0 -0.00582185015082359 -0.0785221010446548
-180 0 0 -0.00563513021916151 -0.0765042006969452
-179 0 0 -0.00545615004375577 -0.0745477974414825
-178 0 0 -0.00528461020439863 -0.0726519972085953
-177 0 0 -0.00512018008157611 -0.0708153024315834
-176 0 0 -0.00496250996366143 -0.0690359026193619
-175 0 0 -0.00481125991791487 -0.0673118010163307
-174 0 0 -0.00466608023270965 -0.0656408965587616
-173 0 0 -0.00452665006741881 -0.0640209019184113
-172 0 0 -0.00439262995496392 -0.062449399381876
-171 0 0 -0.00426369998604059 -0.0609241016209126
-170 0 0 -0.00413957983255386 -0.0594426989555359
-169 0 0 -0.00401995982974768 -0.0580026991665363
-168 0 0 -0.00390459992922843 -0.0566021017730236
-167 0 0 -0.00379322003573179 -0.0552385002374649
-166 0 0 -0.00368559989146888 -0.0539099983870983
-165 0 0 -0.00358150992542505 -0.0526143983006477
-164 0 0 -0.00348073989152908 -0.051349900662899
-163 0 0 -0.00338308000937104 -0.0501146018505096
-162 0 0 -0.0032883700914681 -0.0489066988229752
-161 0 0 -0.00319641991518438 -0.047724399715662
-160 0 0 -0.00310706999152899 -0.0465663000941277
-159 0 0 -0.00302016991190612 -0.045430701225996
-158 0 0 -0.00293557997792959 -0.0443161018192768
-157 0 0 -0.00285315001383424 -0.0432210005819798
-156 0 0 -0.00277276989072561 -0.042144201695919
-155 0 0 -0.0026943099219352 -0.0410842001438141
-154 0 0 -0.00261764996685088 -0.040039699524641
-153 0 0 -0.00254268990829587 -0.0390095002949238
-152 0 0 -0.0024693300947547 -0.0379922986030579
-151 0 0 -0.00239745993167162 -0.0369868986308575
-150 11 4 -0.0023269800003618 -0.0359921008348465
-149 0 0 -0.00225780997425318 -0.0350066013634205
-148 0 0 -0.0021898599807173 -0.0340294018387794
-147 0 0 -0.00212301989085972 -0.0330591015517712
-146 0 0 -0.00205723010003567 -0.0320945009589195
-145 0 0 -0.00199239002540708 -0.0311344005167484
-144 0 0 -0.00192841002717614 -0.0301773995161057
-143 0 0 -0.00186519999988377 -0.0292220991104841
-142 0 0 -0.00180268997792155 -0.0282671991735697
-141 0 0 -0.00174076005350798 -0.0273109991103411
-140 0 0 -0.00167934002820402 -0.0263518001884222
-139 0 0 -0.00161829998251051 -0.0253878999501467
-138 0 0 -0.00155755004379898 -0.0244171991944313
-137 0 0 -0.00149695994332433 -0.0234375
-136 0 0 -0.00143639999441803 -0.0224459990859032
-135 0 0 -0.00137571000959724 -0.0214398000389338
-134 0 0 -0.00131471001077443 -0.0204153992235661
-133 0 0 -0.0012531999964267 -0.0193684995174408
-132 0 0 -0.00121178000699729 -0.0186554994434118
-131 0 0 -0.00116993999108672 -0.0179283991456032
-130 0 0 -0.00112756004091352 -0.0171850007027388
-129 0 0 -0.00108452001586556 -0.0164225995540619
-128 0 0 -0.00104066997300833 -0.0156382005661726
-127 0 0 -0.00101090001408011 -0.0151011003181338
-126 0 0 -0.00098061899188906 -0.0145511003211141
-125 0 0 -0.000949756999034435 -0.0139865996316075
-124 0 0 -0.000918219971936196 -0.0134055996313691
-123 0 0 -0.000885894987732172 -0.0128057999536395
-122 0 0 -0.000863843015395105 -0.012394200079143
-121 0 0 -0.00084133300697431 -0.0119719002395868
-120 0 0 -0.000818309024907649 -0.0115377996116877
-119 0 0 -0.000794704013969749 -0.011090500280261
-118 0 0 -0.000770438986364752 -0.0106282997876406
-117 0 0 -0.000753848988097161 -0.0103110000491142
-116 0 0 -0.000736887974198908 -0.00998540036380291
-115 0 0 -0.000719518982805312 -0.00965079013258219
-114 0 0 -0.00070169399259612 -0.00930619984865189
-113 0 0 -0.000683359976392239 -0.00895048025995493
-112 0 0 -0.000664451974444091 -0.00858228001743555
-111 0 0 -0.00065148901194334 -0.00832908973097801
-110 0 0 -0.000638209981843829 -0.0080690598115325
-109 0 0 -0.000624581996817142 -0.00780154019594193
-108 0 0 -0.000610567978583276 -0.0075257602147758
-107 0 0 -0.000596125028096139 -0.00724080018699169
-106 0 0 -0.000581200991291553 -0.0069455998018384
-105 0 0 -0.00057095498777926 -0.00674248021095991
-104 0 0 -0.000560445012524724 -0.00653378013521433
-103 0 0 -0.000549648015294224 -0.00631897989660501
-102 0 0 -0.000538532971404493 -0.0060974801890552
-101 0 0 -0.000527066993527114 -0.00586856994777918
-100 10 4 -0.000515209976583719 -0.00563141005113721
-99 0 0 -0.000507063989061862 -0.00546824000775814
-98 0 0 -0.000498706009238958 -0.00530062010511756
-97 0 0 -0.000490116013679653 -0.00512814009562135
-96 0 0 -0.000481274008052424 -0.00495035015046597
-95 0 0 -0.00047215199447237 -0.00476671988144517
-94 0 0 -0.000462720985524356 -0.00457660993561149
-93 0 0 -0.000456243986263871 -0.00444592023268342
-92 0 0 -0.000449601007858291 -0.00431177020072937
-91 0 0 -0.000442779011791572 -0.00417387019842863
-90 0 0 -0.000435761001426727 -0.0040318900719285
-89 0 0 -0.000428528990596533 -0.00388546008616686
-88 0 0 -0.000421061995439231 -0.0037341199349612
-87 0 0 -0.00041333498666063 -0.00357735995203257
-86 0 0 -0.000408024003263563 -0.00346955005079508
-85 0 0 -0.00040257500950247 -0.00335886003449559
-84 0 0 -0.000396974995965138 -0.00324505008757114
-83 0 0 -0.000391212990507483 -0.00312784989364445
-82 0 0 -0.000385272986022756 -0.00300696003250778
-81 0 0 -0.000379137985873967 -0.00288203009404242
-80 0 0 -0.000372789014363661 -0.00275265006348491
-79 0 0 -0.000366202992154285 -0.00261836010031402
-78 0 0 -0.000359352998202667 -0.00247859000228345
-77 0 0 -0.000352206989191473 -0.00233268993906677
-76 0 0 -0.000344728992786258 -0.0021798899397254
-75 0 0 -0.000336870987666771 -0.00201924005523324
-74 0 0 -0.000328580994391814 -0.00184963003266603
-73 0 0 -0.000319791986839846 -0.00166969001293182
-72 0 0 -0.000310427014483139 -0.00147780997212976
-71 0 0 -0.000300393003271893 -0.00127208000048995
-70 0 0 -0.000289591000182554 -0.00105043000075966
-69 0 0 -0.00027792900800705 -0.000810971017926931
-68 0 0 -0.000265367998508736 -0.000552858982700855
-67 0 0 -0.000238017993979156 9.74790964392014E-06
-66 0 0 -0.000186103003215976 0.00107938994187862
-65 0 0 3.70239990843402E-06 0.0049911099486053
-64 0 0 0.000108539003122132 0.00713755981996655
-63 0 0 0.000263258989434689 0.0102661000564694
-62 0 0 0.000499103975016624 0.0149116003885865
-61 0 0 0.000699437980074435 0.0187251009047031
-60 0 0 0.000886248017195612 0.0221737008541822
-59 0 0 0.0010682400316 0.0254437997937202
-58 0 0 0.00125017005484551 0.0286375992000103
-57 0 0 0.00143523002043366 0.0318234004080296
-56 0 0 0.00162591005209833 0.0350541993975639
-55 0 0 0.0018243599915877 0.0383763015270233
-54 0 0 0.00203264993615448 0.0418348982930183
-53 0 0 0.00225283997133374 0.0454768985509872
-52 0 0 0.00248706992715597 0.049353800714016
-51 0 0 0.0027375400532037 0.0535245984792709
-50 9 4 0.00300646992400289 0.0580573007464409
-49 0 0 0.00329579995013773 0.0630299970507622
-48 0 0 0.00360670988447964 0.068529300391674
-47 0 0 0.00393853988498449 0.0746415033936501
-46 0 0 0.00428726011887193 0.0814326032996178
-45 0 0 0.00464355992153287 0.0889151990413666
-44 0 0 0.00499226991087198 0.097012996673584
-43 0 0 0.00531477015465498 0.105557002127171
-42 0 0 0.00559426983818412 0.114332996308804
-41 0 0 0.00582019984722137 0.123149000108242
-40 0 0 0.00598905980587006 0.131872996687889
-39 0 0 0.00610271980985999 0.140432998538017
-38 0 0 0.00616616010665894 0.148799002170563
37 8 2 0.00618579005822539 0.156967997550964
36 0 0 0.00618553021922708 0.157912999391556
35 0 0 0.00616429978981614 0.165870994329453
34 0 0 0.00611357996240258 0.17365400493145
33 0 0 0.00603963015601039 0.181280001997948
32 0 0 0.00594813982024789 0.188765004277229
31 0 0 0.0058442298322916 0.196124002337456
30 0 0 0.00573239009827375 0.203373000025749
29 0 0 0.00561652006581426 0.210523992776871
28 0 0 0.00549999019131064 0.217590004205704
27 0 0 0.0053856298327446 0.224581003189087
26 0 0 0.00527581013739109 0.231508001685143
25 0 0 0.0051724798977375 0.238379999995232
24 0 0 0.00507720001041889 0.245205000042915
23 0 0 0.0049912198446691 0.251991003751755
22 0 0 0.0049154800362885 0.25874599814415
21 0 0 0.00485068978741765 0.265475004911423
20 0 0 0.00479733990505338 0.272186011075974
19 0 0 0.00475574005395174 0.278883993625641
18 0 0 0.00472604995593429 0.285573989152908
17 0 0 0.00470829010009766 0.292263001203537
16 7 2 0.0047023999504745 0.298954993486404
-15 0 0 0.00470321020111442 0.301443010568619
-14 0 0 0.00471332995221019 0.308147013187408
-13 0 0 0.00473485002294183 0.314864993095398
-12 0 0 0.00476747006177902 0.321601986885071
-11 0 0 0.00481087015941739 0.328363001346588
-10 0 0 0.00486468011513352 0.335150986909866
-9 0 0 0.00490615982562304 0.339693009853363
-8 0 0 0.00493622990325093 0.342729985713959
-7 0 0 0.00495732994750142 0.344758987426758
-6 0 0 0.00497187022119761 0.346112996339798
-5 0 0 0.00498175993561745 0.347016990184784
-4 0 0 0.0049884500913322 0.347618997097015
-3 0 0 0.00499293999746442 0.348021000623703
-2 0 0 0.00499595981091261 0.348289996385574
1 0 0 0.00499999988824129 0.348646998405457
1 0 0 0.00499999988824129 0.348646998405457
-2 0 0 0.00500406976789236 0.3490050137043
-3 0 0 0.00500713987275958 0.34927299618721
-4 0 0 0.00501176016405225 0.349676012992859
-5 0 0 0.00501875998452306 0.350279986858368
-6 0 0 0.00502939987927675 0.351186990737915
-7 0 0 0.00504563981667161 0.352548003196716
-8 0 0 0.00507067004218698 0.354593992233276
-9 0 0 0.00510967010632157 0.357668995857239
-10 0 0 0.00517140002921224 0.362298995256424
-11 0 0 0.00527101010084152 0.369284987449646
-12 0 0 0.00537867983803153 0.376322001218796
-13 0 0 0.00549399992451072 0.383415997028351
-14 0 0 0.005616569891572 0.390570998191833
-15 0 0 0.00574601022526622 0.397790014743805
-16 0 0 0.00588192977011204 0.405077993869781
-17 0 0 0.00602394994348288 0.412438988685608
-18 0 0 0.00617168005555868 0.419878005981445
-19 0 0 0.00632476015016437 0.427399009466171
-20 0 0 0.00648282002657652 0.435007005929947
-21 0 0 0.00664550019428134 0.442705988883972
-22 0 0 0.00681242998689413 0.450502008199692
-23 0 0 0.00698326993733644 0.458398997783661
-24 0 0 0.00715764006599784 0.466403007507324
-25 0 0 0.00733519019559026 0.474519014358521
-26 0 0 0.00751555990427732 0.48275101184845
-27 0 0 0.00769839016720653 0.491106986999512
-28 0 0 0.00788330007344484 0.499592006206512
-29 0 0 0.00806992966681719 0.508211016654968
-30 0 0 0.00825789012014866 0.516972005367279
-31 0 0 0.00844679027795792 0.525879979133606
-32 0 0 0.00863622967153788 0.534942984580994
-33 0 0 0.00882579013705254 0.544167995452881
-34 0 0 0.00901503954082727 0.553560972213745
-35 0 0 0.00920354016125202 0.563130974769592
-36 0 0 0.00939083006232977 0.572885990142822
-37 0 0 0.00957642961293459 0.582832992076874
-38 0 0 0.00975983962416649 0.592981994152069
-39 0 0 0.00994053017348051 0.603340983390808
-40 0 0 0.0101180002093315 0.613919019699097
-41 0 0 0.0102915000170469 0.624727010726929
-42 0 0 0.0104606999084353 0.635773003101349
-43 0 0 0.0106247998774052 0.647069990634918
-44 0 0 0.0107832998037338 0.658626019954681
-45 0 0 0.0109353000298142 0.670453011989594
-46 0 0 0.0110803004354239 0.68256402015686
-47 0 0 0.0112175000831485 0.694967985153198
-48 0 0 0.0113460998982191 0.707679986953735
-49 0 0 0.0114654004573822 0.720709979534149
-50 2 4 0.0115746995434165 0.734071016311646
-51 0 0 0.0116729997098446 0.747776985168457
-52 0 0 0.0117597999051213 0.761839985847473
-53 0 0 0.0118340002372861 0.776273012161255
-54 0 0 0.0118950996547937 0.791088998317719
-55 0 0 0.0119422003626823 0.80630099773407
-56 0 0 0.0119746001437306 0.82192200422287
-57 0 0 0.0119917998090386 0.837963998317719
58 3 2 0.0119944997131824 0.84747701883316
59 0 0 0.0119863003492355 0.864207983016968
60 0 0 0.0119615998119116 0.881389975547791
61 0 0 0.0119200004264712 0.899030983448029
62 0 0 0.0118615003302693 0.917141973972321
63 0 0 0.0117859998717904 0.935729026794434
64 0 0 0.0116937002167106 0.954800009727478
65 0 0 0.0115852002054453 0.974358022212982
66 0 0 0.0114609999582171 0.994408011436462
67 0 0 0.0113220000639558 1.01495003700256
68 0 0 0.0111693004146218 1.0359799861908
69 0 0 0.0110044004395604 1.05751001834869
70 0 0 0.0108286999166012 1.07951998710632
71 0 0 0.010644200257957 1.1020200252533
72 0 0 0.0104528004303575 1.12497997283936
73 0 0 0.0102567002177238 1.14841997623444
74 0 0 0.010058400221169 1.17230999469757
75 0 0 0.00986026972532272 1.19665002822876
76 0 0 0.00966489035636187 1.22142004966736
77 0 0 0.00947488006204367 1.24661004543304
78 0 0 0.00929282978177071 1.27222001552582
79 0 0 0.00912132021039724 1.29821002483368
80 0 0 0.00896286964416504 1.32459998130798
81 0 0 0.00881986971944571 1.35134994983673
82 0 0 0.00869463011622429 1.37846004962921
83 0 0 0.00858927983790636 1.4059100151062
84 0 0 0.00850579980760813 1.43369996547699
85 0 0 0.008445980027318 1.46180999279022
86 0 0 0.00841144006699324 1.49022996425629
-87 4 2 0.00840296968817711 1.51279997825623
-88 0 0 0.00841701030731201 1.54174995422363
-89 0 0 0.00845982972532511 1.57097995281219
-90 0 0 0.00853233970701694 1.60048997402191
-91 0 0 0.00863524992018938 1.63027000427246
-92 0 0 0.00876914989203215 1.66031002998352
-93 0 0 0.00893442984670401 1.69060003757477
-94 0 0 0.00913134962320328 1.7211400270462
-95 0 0 0.00936004985123873 1.75190997123718
-96 0 0 0.00962052959948778 1.78293001651764
-97 0 0 0.00991267990320921 1.81415998935699
-98 0 0 0.0102362995967269 1.84563004970551
-99 0 0 0.0105910999700427 1.87731003761292
-100 5 4 0.0109767001122236 1.90919995307922
-101 0 0 0.0113926995545626 1.94130003452301
-102 0 0 0.0118385003879666 1.97360002994537
-103 0 0 0.0123135996982455 2.00610995292664
-104 0 0 0.0128173995763063 2.03881001472473
-105 0 0 0.0133493999019265 2.07170009613037
-106 0 0 0.0139087000861764 2.10476994514465
-107 0 0 0.0144948000088334 2.13803005218506
-108 0 0 0.015107000246644 2.17145991325378
-109 0 0 0.015744399279356 2.20507001876831
-110 0 0 0.0164065007120371 2.23884010314941
-111 0 0 0.0170923992991447 2.27277994155884
-112 0 0 0.0178014002740383 2.30689001083374
-113 0 0 0.0185329001396894 2.34114003181458
-114 0 0 0.0192860998213291 2.37555003166199
-115 0 0 0.0200602002441883 2.41010999679565
-116 0 0 0.0208544991910458 2.44480991363525
-117 0 0 0.0216684006154537 2.47965002059937
-118 0 0 0.0225010998547077 2.51463007926941
-119 0 0 0.02335200086236 2.54973006248474
-120 0 0 0.0242205001413822 2.58496999740601
-121 0 0 0.0251058004796505 2.62032008171082
-122 0 0 0.0260073002427816 2.65580010414124
-123 0 0 0.0269243996590376 2.69139003753662
-124 0 0 0.0278565008193254 2.72709989547729
-125 0 0 0.0288031008094549 2.76290988922119
-126 0 0 0.0297634992748499 2.79882001876831
-127 0 0 0.0307372007519007 2.8348400592804
-128 0 0 0.0317237004637718 2.8709499835968
-129 0 0 0.0327223986387253 2.90716004371643
-130 0 0 0.0337328985333443 2.94344997406006
-131 0 0 0.0347547009587288 2.97984004020691
-132 0 0 0.0357872992753983 3.01629996299744
-133 0 0 0.0368302017450333 3.05285000801086
-134 0 0 0.037883099168539 3.08946990966797
-135 0 0 0.0389456003904343 3.12616991996765
-136 0 0 0.0400170981884003 3.16293001174927
-137 0 0 0.0410973988473415 3.19976997375488
-138 0 0 0.0421861000359058 3.23667001724243
-139 0 0 0.0432826988399029 3.27362990379333
-140 0 0 0.0443870984017849 3.31065011024475
-141 0 0 0.0454987995326519 3.34773993492126
-142 0 0 0.0466175004839897 3.38487005233765
-143 0 0 0.0477430000901222 3.42206001281738
-144 0 0 0.0488748997449875 3.45930004119873
-145 6 9 0.0500129982829094 3.49658989906311
