-278 16 9 -0.0502692013978958 -0.409323006868362
-277 0 0 -0.0496624000370502 -0.404451996088028
-276 0 0 -0.0490579009056091 -0.399612009525299
-275 0 0 -0.048455398529768 -0.394800007343292
-274 0 0 -0.0478545017540455 -0.390015006065369
-273 0 0 -0.0472549982368946 -0.385257005691528
-272 0 0 -0.0466565005481243 -0.380524009466171
-271 0 0 -0.0460589006543159 -0.375815004110336
-270 0 0 -0.0454617999494076 -0.371129006147385
-269 0 0 -0.0448649004101753 -0.366465002298355
-268 0 0 -0.0442680008709431 -0.361822009086609
-267 0 0 -0.0436706990003586 -0.357197999954224
-266 0 0 -0.0430727005004883 -0.352593004703522
-265 0 0 -0.0424738004803658 -0.348004996776581
-264 0 0 -0.0418736003339291 -0.343432992696762
-263 0 0 -0.0412718988955021 -0.338876992464066
-262 0 0 -0.0406683012843132 -0.33433398604393
-261 0 0 -0.0400625988841057 -0.329802989959717
-260 0 0 -0.0394544005393982 -0.325284987688065
-259 0 0 -0.0388435013592243 -0.320775985717773
-258 0 0 -0.0382295995950699 -0.316276013851166
-257 0 0 -0.0376124009490013 -0.311785012483597
-256 0 0 -0.0369915999472141 -0.307298988103867
-255 0 0 -0.0363668985664845 -0.302819013595581
-254 0 0 -0.0357380993664265 -0.298343002796173
-253 0 0 -0.0351048000156879 -0.293868988752365
-252 0 0 -0.0344668999314308 -0.289395987987518
-251 0 0 -0.0338240005075932 -0.284922987222672
-250 15 4 -0.0331760011613369 -0.280447989702225
-249 0 0 -0.0325226001441479 -0.275968998670578
-248 0 0 -0.0318634994328022 -0.27148500084877
-247 0 0 -0.031198700889945 -0.266995012760162
-246 0 0 -0.030527900904417 -0.262495994567871
-245 0 0 -0.0298510994762182 -0.25798699259758
-244 0 0 -0.0293963998556137 -0.254974007606506
-243 0 0 -0.0289389006793499 -0.25195500254631
-242 0 0 -0.0284786000847816 -0.248930007219315
-241 0 0 -0.028015399351716 -0.245896995067596
-240 0 0 -0.0275494996458292 -0.242856994271278
-239 0 0 -0.027080699801445 -0.239807993173599
-238 0 0 -0.0266091004014015 -0.23675000667572
-237 0 0 -0.0261346995830536 -0.233680993318558
-236 0 0 -0.0256574992090464 -0.230602994561195
-235 0 0 -0.0251775998622179 -0.227512001991272
-234 0 0 -0.0246951002627611 -0.224409997463226
-233 0 0 -0.024371899664402 -0.222333997488022
-232 0 0 -0.0240476001054049 -0.220253005623817
-231 0 0 -0.0237220991402864 -0.218164995312691
-230 0 0 -0.023395599797368 -0.216069996356964
-229 0 0 -0.0230679996311665 -0.213969007134438
-228 0 0 -0.0227393992245197 -0.211860001087189
-227 0 0 -0.022409800440073 -0.20974400639534
-226 0 0 -0.022079199552536 -0.207619994878769
-225 0 0 -0.0217477008700371 -0.205487996339798
-224 0 0 -0.0214153006672859 -0.203346997499466
-223 0 0 -0.0210820995271206 -0.201197996735573
-222 0 0 -0.0207480993121862 -0.199039995670319
-221 0 0 -0.0204134006053209 -0.196871995925903
-220 0 0 -0.0200778990983963 -0.194694995880127
-219 0 0 -0.0197419002652168 -0.19250699877739
-218 0 0 -0.0194052997976542 -0.190309002995491
-217 0 0 -0.0190682001411915 -0.18809999525547
-216 0 0 -0.0187307000160217 -0.18587900698185
-215 0 0 -0.0183927994221449 -0.183647006750107
-214 0 0 -0.0180546008050442 -0.181402996182442
-213 0 0 -0.0177162997424603 -0.179146006703377
-212 0 0 -0.0173777993768454 -0.176875993609428
-211 0 0 -0.0170392002910376 -0.17459300160408
-210 0 0 -0.0167006999254227 -0.17229600250721
-209 0 0 -0.0163624007254839 -0.169983997941017
-208 0 0 -0.0160243008285761 -0.167658001184464
-207 0 0 -0.0156865008175373 -0.165316000580788
-206 0 0 -0.0153491999953985 -0.16295899450779
-205 0 0 -0.0150124002248049 -0.160585999488831
-204 0 0 -0.0146762998774648 -0.158196002244949
-203 0 0 -0.0143411001190543 -0.155789002776146
-202 0 0 -0.0140067003667355 -0.15336599946022
-201 0 0 -0.0136733995750546 -0.150923997163773
-200 14 4 -0.0133413001894951 -0.148464992642403
-199 0 0 -0.0130105996504426 -0.145989000797272
-198 0 0 -0.0126814004033804 -0.143493995070457
-197 0 0 -0.0123538998886943 -0.140981003642082
-196 0 0 -0.0120281996205449 -0.138450995087624
-195 0 0 -0.0117047000676394 -0.135903999209404
-194 0 0 -0.0113834999501705 -0.133340001106262
-193 0 0 -0.01106490008533 -0.130759999155998
-192 0 0 -0.0107490997761488 -0.128166005015373
-191 0 0 -0.0104363998398185 -0.125558003783226
-190 0 0 -0.0101271001622081 -0.122939996421337
-189 0 0 -0.00982160959392786 -0.120313003659248
-188 0 0 -0.00952024012804031 -0.117679998278618
-187 0 0 -0.00922340992838144 -0.115043997764587
-186 0 0 -0.00893152970820665 -0.112410001456738
-185 0 0 -0.00864503998309374 -0.109783001244068
-184 0 0 -0.00836439989507198 -0.10716599971056
-183 0 0 -0.0080900602042675 -0.104565002024174
-182 0 0 -0.00782246980816126 -0.10198699682951
-181 0 0 -0.00756203988566995 -0.0994362980127335
-180 0 0 -0.00730914995074272 -0.0969199985265732
-179 0 0 -0.00706413993611932 -0.0944434031844139
-178 0 0 -0.00682725990191102 -0.0920118987560272
-177 0 0 -0.00659869983792305 -0.0896302983164787
-176 0 0 -0.0063785701058805 -0.0873027965426445
-175 0 0 -0.00616688001900911 -0.0850325971841812
-174 0 0 -0.00596358999609947 -0.0828222036361694
-173 0 0 -0.0057685598731041 -0.0806733965873718
-172 0 0 -0.00558158988133073 -0.0785870030522346
-171 0 0 -0.00540246022865176 -0.0765630975365639
-170 0 0 -0.0052308700978756 -0.0746012032032013
-169 0 0 -0.00506650982424617 -0.0727004036307335
-168 0 0 -0.00490905996412039 -0.0708592012524605
-167 0 0 -0.00475816987454891 -0.0690757036209106
-166 0 0 -0.00461348984390497 -0.0673480033874512
-165 0 0 -0.00447469996288419 -0.0656737983226776
-164 0 0 -0.0043414500541985 -0.0640508010983467
-163 0 0 -0.00421342998743057 -0.0624766014516354
-162 0 0 -0.00409031985327601 -0.0609489008784294
-161 0 0 -0.00397183978930116 -0.0594651997089386
-160 0 0 -0.00385769992135465 -0.0580233000218868
-159 0 0 -0.00374763994477689 -0.0566208995878696
-158 0 0 -0.00364142004400492 -0.055255800485611
-157 0 0 -0.00353879993781447 -0.0539258010685444
-156 0 0 -0.0034395600669086 -0.0526289008557796
-155 0 0 -0.0033434999641031 -0.0513631999492645
-154 0 0 -0.00325043010525405 -0.050126701593399
-153 0 0 -0.00316017004661262 -0.0489178001880646
-152 0 0 -0.00307255005463958 -0.0477347001433372
-151 0 0 -0.00298740994185209 -0.0465757995843887
-150 13 4 -0.00290461000986397 -0.0454393997788429
-149 0 0 -0.00282401009462774 -0.0443241000175476
-148 0 0 -0.00274547003209591 -0.0432283990085125
-147 0 0 -0.00266887992620468 -0.0421510003507137
-146 0 0 -0.00259411009028554 -0.0410903990268707
-145 0 0 -0.00252105994150043 -0.0400454998016357
-144 0 0 -0.00244962004944682 -0.0390148013830185
-143 0 0 -0.00237969006411731 -0.0379972010850906
-142 0 0 -0.00231117010116577 -0.036991398781538
-141 0 0 -0.0022439700551331 -0.0359961986541748
-140 0 0 -0.00217801006510854 -0.035010501742363
-139 0 0 -0.00211318000219762 -0.0340328998863697
-138 0 0 -0.00204942002892494 -0.0330623015761375
-137 0 0 -0.00198663002811372 -0.0320973992347717
-136 0 0 -0.00192473002243787 -0.0311370994895697
-135 0 0 -0.00186364003457129 -0.030179800465703
-134 0 0 -0.00180326995905489 -0.0292243007570505
-133 0 0 -0.00174353003967553 -0.02826919965446
-132 0 0 -0.00168433994986117 -0.0273128002882004
-131 0 0 -0.00162560003809631 -0.0263534002006054
-130 0 0 -0.00156721996609122 -0.0253893006592989
-129 0 0 -0.00150907004717737 -0.0244184993207455
-128 0 0 -0.00145105994306505 -0.0234385002404451
-127 0 0 -0.00139303994365036 -0.0224469006061554
-126 0 0 -0.00133485998958349 -0.0214405003935099
-125 0 0 -0.00127637002151459 -0.0204160008579493
-124 0 0 -0.00121734000276774 -0.0193688999861479
-123 0 0 -0.00117757997941226 -0.0186557993292809
-122 0 0 -0.00113738002255559 -0.0179284997284412
-121 0 0 -0.00109666003845632 -0.0171850007027388
-120 0 0 -0.00105527997948229 -0.016422500833869
-119 0 0 -0.00101310003083199 -0.0156379006803036
-118 0 0 -0.000984454993158579 -0.0151006001979113
-117 0 0 -0.000955310009885579 -0.0145504996180534
-116 0 0 -0.000925593019928783 -0.013985900208354
-115 0 0 -0.000895213976036757 -0.0134047996252775
-114 0 0 -0.000864065019413829 -0.0128049002960324
-113 0 0 -0.000842807989101857 -0.0123931001871824
-112 0 0 -0.000821104971691966 -0.0119706997647882
-111 0 0 -0.000798898981884122 -0.0115365004166961
-110 0 0 -0.000776128028519452 -0.0110889999195933
-109 0 0 -0.000752713007386774 -0.0106266997754574
-108 0 0 -0.000736700021661818 -0.0103091998025775
-107 0 0 -0.000720325973816216 -0.00998350977897644
-106 0 0 -0.000703554018400609 -0.00964875984936953
-105 0 0 -0.00068633898627013 -0.00930400006473064
-104 0 0 -0.000668628024868667 -0.00894809979945421
-103 0 0 -0.000650357978884131 -0.00857970025390387
-102 0 0 -0.000637830991763622 -0.00832636002451181
-101 0 0 -0.000624996027909219 -0.00806616991758347
-100 12 4 -0.00061182101489976 -0.00779847009107471
-99 0 0 -0.000598271028138697 -0.007522480096668
-98 0 0 -0.000584303983487189 -0.007237299811095
-97 0 0 -0.000569868017919362 -0.00694184005260468
-96 0 0 -0.000559955020435154 -0.00673852022737265
-95 0 0 -0.00054978602565825 -0.00652961013838649
-94 0 0 -0.000539336993824691 -0.00631457986310124
-93 0 0 -0.000528579985257238 -0.00609283009544015
-92 0 0 -0.000517480017151684 -0.00586363021284342
-91 0 0 -0.000505999021697789 -0.00562614994123578
-90 0 0 -0.000498110020998865 -0.00546274008229375
-89 0 0 -0.000490015023387969 -0.00529485009610653
-88 0 0 -0.000481694005429745 -0.00512207997962832
-87 0 0 -0.000473127001896501 -0.00494397012516856
-86 0 0 -0.000464287004433572 -0.00475997989997268
-85 0 0 -0.000455144996521994 -0.00456948019564152
-84 0 0 -0.000448865990620106 -0.00443849014118314
-83 0 0 -0.000442424992797896 -0.00430400995537639
-82 0 0 -0.000435808004112914 -0.00416575977578759
-81 0 0 -0.000429000006988645 -0.00402338989078999
-80 0 0 -0.000421982986154035 -0.00387652008794248
-79 0 0 -0.000414735986851156 -0.00372470007278025
-78 0 0 -0.000407234008889645 -0.00356739992275834
-77 0 0 -0.000399448006646708 -0.00340401008725166
-76 0 0 -0.000391342997318134 -0.00323377992026508
-75 0 0 -0.000382877013180405 -0.00305580999702215
-74 0 0 -0.000373999995645136 -0.00286900997161865
-73 0 0 -0.000364647014066577 -0.00267202011309564
-72 0 0 -0.000354738003807142 -0.00246311002410948
-71 0 0 -0.00034416900598444 -0.00224008993245661
-70 0 0 -0.000332806986989453 -0.002000069944188
-69 0 0 -0.000320471008308232 -0.00173924001865089
-68 0 0 -0.000306925998302177 -0.00145254004746675
-67 0 0 -0.000291867007035762 -0.00113345996942371
-66 0 0 -0.000255855993600562 -0.000369104003766552
-65 0 0 -0.000178371003130451 0.00127996003720909
-64 0 0 5.36348998139147E-05 0.00621702009811997
-63 0 0 0.000179702998138964 0.00887249037623405
-62 0 0 0.000525403011124581 0.0159501004964113
-61 0 0 0.00080230098683387 0.0213638003915548
-60 0 0 0.00106335000600666 0.0262758992612362
-59 0 0 0.00132516003213823 0.031054999679327
-58 0 0 0.00159697001799941 0.0359070003032684
-57 0 0 0.00188581005204469 0.040991298854351
-56 0 0 0.00219821999780834 0.0464636981487274
-55 0 0 0.00254089990630746 0.0525008998811245
-54 0 0 0.00292064994573593 0.0593185983598232
-53 0 0 0.0033429900649935 0.0671823993325233
-52 0 0 0.0038077998906374 0.0763863027095795
-51 0 0 0.00429977010935545 0.0871390029788017
-50 11 4 0.00477777980268002 0.0993264988064766
-49 0 0 0.00518340012058616 0.112389996647835
-48 0 0 0.00547331990674138 0.125639006495476
-47 0 0 0.00563703989610076 0.138630002737045
-46 10 2 0.00568703003227711 0.151195004582405
45 0 0 0.00568284001201391 0.154943004250526
44 0 0 0.00561692006886005 0.166932001709938
43 0 0 0.00548818986862898 0.178533002734184
42 0 0 0.00531686004251242 0.18979999423027
41 0 0 0.00512024993076921 0.200786992907524
40 0 0 0.00491261994466186 0.211542993783951
39 0 0 0.00470538018271327 0.222109004855156
38 0 0 0.00450736004859209 0.232520997524261
37 0 0 0.00432521011680365 0.242809996008873
36 0 0 0.00416368991136551 0.253004997968674
35 0 0 0.00402603996917605 0.263130992650986
34 0 0 0.0039142700843513 0.273209005594254
33 0 0 0.00382942007854581 0.283259987831116
32 0 0 0.00377180008217692 0.293301999568939
31 0 0 0.00374116003513336 0.303353011608124
30 9 2 0.00373539002612233 0.310066014528275
-29 0 0 0.00373908993788064 0.315495997667313
-28 0 0 0.00375374988652766 0.322241008281708
-27 0 0 0.00377922994084656 0.329008996486664
-26 0 0 0.00381515990011394 0.335804998874664
-25 0 0 0.00384474010206759 0.3403539955616
-24 0 0 0.00387867004610598 0.344918012619019
-23 0 0 0.0039168200455606 0.349498003721237
-22 0 0 0.00395908998325467 0.354097008705139
-21 0 0 0.00400535017251968 0.358714997768402
-20 0 0 0.00405547022819519 0.363353997468948
-19 0 0 0.0041093397885561 0.368014007806778
-18 0 0 0.00416682008653879 0.372696995735168
-17 0 0 0.00422779005020857 0.377404004335403
-16 0 0 0.00429213978350163 0.382135987281799
-15 0 0 0.00435975007712841 0.386895000934601
-14 0 0 0.00443047983571887 0.391681998968124
-13 0 0 0.00450422987341881 0.396497994661331
-12 0 0 0.0045808800496161 0.401345014572144
-11 0 0 0.00466031022369862 0.406221985816956
-10 0 0 0.00474239978939295 0.411132991313934
-9 0 0 0.00482703978195786 0.416078001260757
-8 0 0 0.0048848302103579 0.419394999742508
-7 0 0 0.00492394994944334 0.42161500453949
-6 0 0 0.00495027983561158 0.423099011182785
-5 0 0 0.00496794003993273 0.424089998006821
-4 0 0 0.00497975992038846 0.42475101351738
-3 0 0 0.00498767010867596 0.425193011760712
-2 0 0 0.00499294977635145 0.425487011671066
1 0 0 0.00499999988824129 0.425880014896393
1 0 0 0.00499999988824129 0.425880014896393
-2 0 0 0.00500707002356648 0.426272988319397
-3 0 0 0.00501237018033862 0.426568001508713
-4 0 0 0.00502035021781921 0.427011013031006
-5 0 0 0.00503234006464481 0.427675008773804
-6 0 0 0.00505041005089879 0.4286729991436
-7 0 0 0.00507766008377075 0.430173009634018
-8 0 0 0.00511887995526195 0.432428985834122
-9 0 0 0.00518148997798562 0.435829013586044
-10 0 0 0.00527705997228622 0.440961986780167
-11 0 0 0.00537452008575201 0.446137994527817
-12 0 0 0.00547375995665789 0.451357990503311
-13 0 0 0.00557467993348837 0.456622987985611
-14 0 0 0.00567715987563133 0.461935013532639
-15 0 0 0.00578110013157129 0.467294991016388
-16 0 0 0.00588638987392187 0.472705990076065
-17 0 0 0.00599292013794184 0.47816801071167
-18 0 0 0.00610056985169649 0.483684003353119
-19 0 0 0.00620925007387996 0.489255011081696
-20 0 0 0.0063188299536705 0.494881987571716
-21 0 0 0.00642920006066561 0.500567972660065
-22 0 0 0.00654025003314018 0.506314992904663
-23 0 0 0.00665186997503042 0.512124001979828
-24 0 0 0.00676392996683717 0.517997026443481
-25 0 0 0.00687632011249661 0.523935973644257
-26 0 0 0.00698891002684832 0.529942989349365
-27 0 0 0.00710158003494143 0.536020994186401
-28 0 0 0.00721420999616385 0.542171001434326
-29 0 0 0.00732666021212935 0.548394978046417
-30 0 0 0.00743879983201623 0.554696977138519
-31 0 0 0.00755049986764789 0.561076998710632
-32 0 0 0.00766162015497684 0.567538976669312
-33 0 0 0.00777200004085898 0.574084997177124
-34 0 0 0.00788151007145643 0.580717980861664
-35 0 0 0.00798999983817339 0.587439000606537
-36 0 0 0.00809730961918831 0.594251990318298
-37 0 0 0.00820326991379261 0.601158976554871
-38 0 0 0.00830772984772921 0.608162999153137
-39 0 0 0.00841051992028952 0.615266025066376
-40 0 0 0.00851145014166832 0.622473001480103
-41 0 0 0.00861036032438278 0.629785001277924
-42 0 0 0.00870705023407936 0.637206017971039
-43 0 0 0.00880134012550116 0.644738972187042
-44 0 0 0.00889304000884295 0.652387022972107
-45 0 0 0.00898193009197712 0.660152971744537
-46 0 0 0.00906782038509846 0.668039977550507
-47 0 0 0.0091505004093051 0.676052987575531
-48 0 0 0.00922975037246943 0.684194028377533
-49 0 0 0.00930534023791552 0.692467987537384
-50 2 4 0.00937706977128983 0.700877010822296
-51 0 0 0.00944469962269068 0.70942497253418
-52 0 0 0.0095079904422164 0.718115985393524
-53 0 0 0.00956671964377165 0.726953983306885
-54 0 0 0.00962064974009991 0.735943019390106
-55 0 0 0.00966954044997692 0.745086014270782
-56 0 0 0.00971314962953329 0.754387021064758
-57 0 0 0.00975126028060913 0.76385098695755
-58 0 0 0.00978362001478672 0.773479998111725
-59 0 0 0.0098099997267127 0.78328001499176
-60 0 0 0.00983017962425947 0.793253004550934
-61 0 0 0.00984395015984774 0.803403973579407
-62 0 0 0.00985108036547899 0.813736021518707
63 3 2 0.00985211040824652 0.819455981254578
64 0 0 0.00984861981123686 0.830075979232788
65 0 0 0.00983802042901516 0.840887010097504
66 0 0 0.00982015021145344 0.851891994476318
67 0 0 0.00979487970471382 0.863094985485077
68 0 0 0.00976208969950676 0.874498009681702
69 0 0 0.00972167961299419 0.886105000972748
70 0 0 0.00967358984053135 0.897918999195099
71 0 0 0.00961778964847326 0.909941971302032
72 0 0 0.00955427996814251 0.922176003456116
73 0 0 0.0094830896705389 0.934625029563904
74 0 0 0.00940429978072643 0.947287976741791
75 0 0 0.00931802019476891 0.960169970989227
76 0 0 0.0092244204133749 0.973268985748291
77 0 0 0.00912370998412371 0.986588001251221
78 0 0 0.00901613011956215 1.0001300573349
79 0 0 0.008901990018785 1.01389002799988
80 0 0 0.00878163985908031 1.02786004543304
81 0 0 0.00865546986460686 1.04206001758575
82 0 0 0.00852392986416817 1.05648005008698
83 0 0 0.00838751997798681 1.07111001014709
84 0 0 0.00824678037315607 1.08596003055573
85 0 0 0.00810228008776903 1.10102999210358
86 0 0 0.00795464031398296 1.11631000041962
87 0 0 0.00780453020706773 1.13179004192352
88 0 0 0.00765263987705112 1.14749002456665
89 0 0 0.00749967992305756 1.16338002681732
90 0 0 0.00734640005975962 1.17947995662689
91 0 0 0.00719355000182986 1.19578003883362
92 0 0 0.00704191997647285 1.2122700214386
93 0 0 0.00689228996634483 1.22895002365112
94 0 0 0.00674545019865036 1.24581003189087
95 0 0 0.00660216994583607 1.26285994052887
96 0 0 0.00646325014531612 1.28008997440338
97 0 0 0.00632944982498884 1.29749000072479
98 0 0 0.00620152009651065 1.3150600194931
99 0 0 0.00608019018545747 1.33280003070831
100 4 4 0.00596618000417948 1.35071003437042
101 0 0 0.0058601601049304 1.36877000331879
102 0 0 0.00576278986409307 1.38698995113373
103 0 0 0.00567469000816345 1.40535998344421
104 0 0 0.00559643981978297 1.42386996746063
105 0 0 0.00552859017625451 1.44254004955292
106 0 0 0.00547167006880045 1.46133995056152
107 0 0 0.00542612979188561 1.48029005527496
108 0 0 0.00539242988452315 1.4993599653244
109 0 0 0.00537096010521054 1.51856994628906
110 0 0 0.00536207016557455 1.53790998458862
-111 5 2 0.00536184012889862 1.54163002967834
-112 0 0 0.00536837009713054 1.56112003326416
-113 0 0 0.00538815977051854 1.58072996139526
-114 0 0 0.00542144989594817 1.60046994686127
-115 0 0 0.0054684397764504 1.62031996250153
-116 0 0 0.00552931008860469 1.64029002189636
-117 0 0 0.00560420006513596 1.66036999225616
-118 0 0 0.00569324009120464 1.68057000637054
-119 0 0 0.00579650001600385 1.70088005065918
-120 0 0 0.00591403990983963 1.72128999233246
-121 0 0 0.00604589004069567 1.74180996417999
-122 0 0 0.00619206018745899 1.76243996620178
-123 0 0 0.00635252986103296 1.7831699848175
-124 0 0 0.00652727019041777 1.80400002002716
-125 0 0 0.00671620992943645 1.82492995262146
-126 0 0 0.00691926991567016 1.84596002101898
-127 0 0 0.00713637983426452 1.86707997322083
-128 0 0 0.00736741023138165 1.8882999420166
-129 0 0 0.0076122498139739 1.90961003303528
-130 0 0 0.00787075981497765 1.9310200214386
-131 0 0 0.00814277958124876 1.95252001285553
-132 0 0 0.00842817034572363 1.97409999370575
-133 0 0 0.00872675981372595 1.9957799911499
-134 0 0 0.00903835985809565 2.01753997802734
-135 0 0 0.00936280004680157 2.03938007354736
-136 0 0 0.00969988014549017 2.0613100528717
-137 0 0 0.0100493999198079 2.08332991600037
-138 0 0 0.0104112001135945 2.10542011260986
-139 0 0 0.0107850003987551 2.1275999546051
-140 0 0 0.0111705996096134 2.1498498916626
-141 0 0 0.0115678999572992 2.17218995094299
-142 0 0 0.0119765996932983 2.19460010528564
-143 0 0 0.0123963998630643 2.21708011627197
-144 0 0 0.012827199883759 2.2396399974823
-145 0 0 0.0132688004523516 2.26226997375488
-146 0 0 0.0137208998203278 2.28498005867004
-147 0 0 0.0141832996159792 2.30774998664856
-148 0 0 0.0146557996049523 2.33059000968933
-149 0 0 0.0151381995528936 2.35349988937378
-150 6 4 0.0156302005052567 2.37648010253906
-151 0 0 0.0161316990852356 2.39951992034912
-152 0 0 0.0166423991322517 2.42263007164001
-153 0 0 0.017162099480629 2.44580006599426
-154 0 0 0.0176906995475292 2.46902990341187
-155 0 0 0.0182278007268906 2.4923300743103
-156 0 0 0.0187733005732298 2.51568007469177
-157 0 0 0.019327100366354 2.5390899181366
-158 0 0 0.0198887996375561 2.56255006790161
-159 0 0 0.0204582996666431 2.5860800743103
-160 0 0 0.0210354998707771 2.6096498966217
-161 0 0 0.021620100364089 2.63328003883362
-162 0 0 0.0222118999809027 2.65697002410889
-163 0 0 0.0228106994181871 2.68070006370544
-164 0 0 0.0234163999557495 2.70447993278503
-165 0 0 0.0240288004279137 2.72831010818481
-166 0 0 0.0246476996690035 2.75219011306763
-167 0 0 0.0252730008214712 2.77611994743347
-168 0 0 0.0259044002741575 2.80009007453918
-169 0 0 0.0265418998897076 2.82411003112793
-170 0 0 0.0271851997822523 2.84816002845764
-171 0 0 0.0278341993689537 2.87226009368896
-172 0 0 0.0284886993467808 2.89640998840332
-173 0 0 0.0291486997157335 2.92058992385864
-174 0 0 0.0298139005899429 2.94480991363525
-175 0 0 0.0304841995239258 2.96906995773315
-176 0 0 0.0311594996601343 2.99337005615234
-177 0 0 0.0318396016955376 3.01769995689392
-178 0 0 0.032524399459362 3.04206991195679
-179 0 0 0.0332138016819954 3.06646990776062
-180 0 0 0.0339075997471809 3.09090995788574
-181 0 0 0.0346058011054993 3.11538004875183
-182 0 0 0.0353081002831459 3.13987994194031
-183 0 0 0.0360146015882492 3.16441011428833
-184 0 0 0.0367249995470047 3.18897008895874
-185 0 0 0.0374392010271549 3.21356010437012
-186 0 0 0.0381571985781193 3.23817992210388
-187 0 0 0.0388788990676403 3.26282000541687
-188 0 0 0.0396041013300419 3.28749990463257
-189 0 0 0.0403327010571957 3.31220006942749
-190 0 0 0.0410646982491016 3.33692002296448
-191 0 0 0.0417998991906643 3.36167001724243
-192 0 0 0.0425383001565933 3.38645005226135
-193 0 0 0.0432798005640507 3.4112401008606
-194 0 0 0.0440242998301983 3.43605995178223
-195 0 0 0.0447716005146503 3.4609100818634
-196 0 0 0.0455217994749546 3.48576998710632
-197 0 0 0.0462746992707253 3.51065993309021
-198 0 0 0.0470302999019623 3.53555989265442
-199 0 0 0.0477884002029896 3.56048011779785
-200 7 4 0.0485491007566452 3.58542990684509
-201 0 0 0.049312200397253 3.61038994789124
-202 8 9 0.0500776991248131 3.63537001609802
