-270 16 9 -0.0503280013799667 -0.404027998447418
-269 0 0 -0.0497181005775928 -0.399194985628128
-268 0 0 -0.0491099990904331 -0.394389986991882
-267 0 0 -0.0485034994781017 -0.38961198925972
-266 0 0 -0.0478980988264084 -0.384860992431641
-265 0 0 -0.0472938008606434 -0.380134999752045
-264 0 0 -0.0466901995241642 -0.375432997941971
-263 0 0 -0.0460868999361992 -0.37075400352478
-262 0 0 -0.0454838015139103 -0.366095989942551
-261 0 0 -0.0448804013431072 -0.361458986997604
-260 0 0 -0.0442765988409519 -0.356842011213303
-259 0 0 -0.0436720997095108 -0.352243006229401
-258 0 0 -0.0430665016174316 -0.34766098856926
-257 0 0 -0.042459599673748 -0.343095004558563
-256 0 0 -0.0418509989976883 -0.338544011116028
-255 0 0 -0.0412404984235764 -0.334006994962692
-254 0 0 -0.0406277999281883 -0.329481989145279
-253 0 0 -0.040012501180172 -0.324968993663788
-252 0 0 -0.0393945015966892 -0.320466011762619
-251 0 0 -0.0387733988463879 -0.315972000360489
-250 15 4 -0.0381488017737865 -0.31148499250412
-249 0 0 -0.0375205986201763 -0.307004988193512
-248 0 0 -0.0368884988129139 -0.302529990673065
-247 0 0 -0.0362522006034851 -0.29805800318718
-246 0 0 -0.0356113016605377 -0.293588995933533
-245 0 0 -0.0349657014012337 -0.289121001958847
-244 0 0 -0.0343151986598969 -0.2846519947052
-243 0 0 -0.0336593985557556 -0.280182003974915
-242 0 0 -0.0329980999231339 -0.275707989931107
-241 0 0 -0.0323311984539032 -0.27122899889946
-240 0 0 -0.0316583998501301 -0.266743004322052
-239 0 0 -0.0309797003865242 -0.262248009443283
-238 0 0 -0.0302946995943785 -0.257743000984192
-237 0 0 -0.0298346001654863 -0.254732996225357
-236 0 0 -0.0293716993182898 -0.251717001199722
-235 0 0 -0.028906000778079 -0.248695001006126
-234 0 0 -0.0284374002367258 -0.245664998888969
-233 0 0 -0.0279658995568752 -0.242626994848251
-232 0 0 -0.0274915993213654 -0.239581003785133
-231 0 0 -0.0270144995301962 -0.236525997519493
-230 0 0 -0.0265344996005297 -0.233459994196892
-229 0 0 -0.0260518006980419 -0.230384007096291
-228 0 0 -0.0255661997944117 -0.227296993136406
-227 0 0 -0.0250780005007982 -0.224197000265121
-226 0 0 -0.0247511006891727 -0.222122997045517
-225 0 0 -0.024422999471426 -0.220043003559113
-224 0 0 -0.0240937992930412 -0.217957004904747
-223 0 0 -0.0237633995711803 -0.21586400270462
-222 0 0 -0.0234319996088743 -0.213763996958733
-221 0 0 -0.0230995994061232 -0.211658000946045
-220 0 0 -0.022766100242734 -0.209543004631996
-219 0 0 -0.0224316995590925 -0.207421004772186
-218 0 0 -0.0220963004976511 -0.205291002988815
-217 0 0 -0.0217599999159575 -0.203152000904083
-216 0 0 -0.0214229002594948 -0.20100499689579
-215 0 0 -0.0210849996656179 -0.198848992586136
-214 0 0 -0.0207464005798101 -0.196683004498482
-213 0 0 -0.0204070005565882 -0.194507002830505
-212 0 0 -0.0200670007616282 -0.192322000861168
-211 0 0 -0.019726499915123 -0.190125003457069
-210 0 0 -0.0193853992968798 -0.18791800737381
-209 0 0 -0.0190439000725746 -0.185699999332428
-208 0 0 -0.0187020003795624 -0.183469995856285
-207 0 0 -0.0183598008006811 -0.181226998567581
-206 0 0 -0.0180172994732857 -0.178973004221916
-205 0 0 -0.0176748000085354 -0.176705002784729
-204 0 0 -0.017332099378109 -0.17442399263382
-203 0 0 -0.0169894993305206 -0.17212900519371
-202 0 0 -0.0166469998657703 -0.169818997383118
-201 0 0 -0.0163048002868891 -0.167494997382164
-200 14 4 -0.0159628000110388 -0.165156006813049
-199 0 0 -0.0156212998554111 -0.162800997495651
-198 0 0 -0.0152802998200059 -0.160429999232292
-197 0 0 -0.0149400001391768 -0.158042997121811
-196 0 0 -0.0146003998816013 -0.155638992786407
-195 0 0 -0.0142617002129555 -0.153218001127243
-194 0 0 -0.0139241004362702 -0.150778993964195
-193 0 0 -0.013587599620223 -0.148322999477386
-192 0 0 -0.0132525004446507 -0.145849004387856
-191 0 0 -0.0129188997671008 -0.143358007073402
-190 0 0 -0.0125869000330567 -0.140847995877266
-189 0 0 -0.0122568001970649 -0.138320997357368
-188 0 0 -0.0119287995621562 -0.135776996612549
-187 0 0 -0.0116031002253294 -0.133217006921768
-186 0 0 -0.0112798996269703 -0.130640998482704
-185 0 0 -0.0109595004469156 -0.128049999475479
-184 0 0 -0.0106421997770667 -0.125447005033493
-183 0 0 -0.0103283002972603 -0.122832998633385
-182 0 0 -0.0100181000307202 -0.120209999382496
-181 0 0 -0.00971208978444338 -0.117581002414227
-180 0 0 -0.00941057968884706 -0.114950999617577
-179 0 0 -0.00911402981728315 -0.112320996820927
-178 0 0 -0.00882287044078112 -0.109697997570038
-177 0 0 -0.00853755977004766 -0.107086002826691
-176 0 0 -0.00825858023017645 -0.104491002857685
-175 0 0 -0.00798636022955179 -0.101916998624802
-174 0 0 -0.00772133003920317 -0.0993720963597298
-173 0 0 -0.00746389990672469 -0.0968606993556023
-172 0 0 -0.00721439020708203 -0.0943889021873474
-171 0 0 -0.00697307009249926 -0.0919620022177696
-170 0 0 -0.0067401397973299 -0.0895847976207733
-169 0 0 -0.00651569990441203 -0.087261401116848
-168 0 0 -0.0062997997738421 -0.0849950984120369
-167 0 0 -0.00609237980097532 -0.0827884003520012
-166 0 0 -0.00589331006631255 -0.0806429013609886
-165 0 0 -0.00570240989327431 -0.0785595998167992
-164 0 0 -0.00551943993195891 -0.0765385031700134
-163 0 0 -0.00534411985427141 -0.0745792016386986
-162 0 0 -0.00517613999545574 -0.0726806968450546
-161 0 0 -0.00501515995711088 -0.0708414986729622
-160 0 0 -0.00486085005104542 -0.0690599009394646
-159 0 0 -0.00471286009997129 -0.0673338994383812
-158 0 0 -0.00457085017114878 -0.0656611993908882
-157 0 0 -0.00443449011072516 -0.0640394985675812
-156 0 0 -0.00430343998596072 -0.062466599047184
-155 0 0 -0.00417739991098642 -0.0609400011599064
-154 0 0 -0.00405607977882028 -0.0594572983682156
-153 0 0 -0.00393918994814157 -0.058016300201416
-152 0 0 -0.00382646010257304 -0.0566146001219749
-151 0 0 -0.00371763994917274 -0.0552502013742924
-150 13 4 -0.0036125099286437 -0.0539208017289639
-149 0 0 -0.00351082999259233 -0.0526245012879372
-148 0 0 -0.00341239990666509 -0.051359299570322
-147 0 0 -0.0033170199021697 -0.0501234009861946
-146 0 0 -0.003224530024454 -0.0489148981869221
-145 0 0 -0.00313473003916442 -0.047732200473547
-144 0 0 -0.00304748001508415 -0.0465736016631126
-143 0 0 -0.00296261999756098 -0.0454374998807907
-142 0 0 -0.00288001005537808 -0.0443224981427193
-141 0 0 -0.00279952003620565 -0.0432270988821983
-140 0 0 -0.00272103003226221 -0.0421499013900757
-139 0 0 -0.00264440989121795 -0.0410896018147469
-138 0 0 -0.00256954994983971 -0.0400447994470596
-137 0 0 -0.00249634007923305 -0.0390142984688282
-136 0 0 -0.00242468994110823 -0.0379968993365765
-135 0 0 -0.00235449010506272 -0.0369912981987
-134 0 0 -0.00228564999997616 -0.0359962992370129
-133 0 0 -0.00221806997433305 -0.0350106991827488
-132 0 0 -0.00215167994610965 -0.0340332016348839
-131 0 0 -0.00208638003095984 -0.0330628007650375
-130 0 0 -0.00202207989059389 -0.0320979990065098
-129 0 0 -0.00195870990864933 -0.0311377998441458
-128 0 0 -0.00189616996794939 -0.030180599540472
-127 0 0 -0.00183437997475266 -0.0292252991348505
-126 0 0 -0.0017732500564307 -0.0282701998949051
-125 0 0 -0.00171268999110907 -0.0273138992488384
-124 0 0 -0.00165261002257466 -0.0263547003269196
-123 0 0 -0.00159289001021534 -0.025390699505806
-122 0 0 -0.00153344997670501 -0.0244199000298977
-121 0 0 -0.00147413997910917 -0.0234401002526283
-120 0 0 -0.00141485000494868 -0.0224485006183386
-119 0 0 -0.00135541998315603 -0.021442299708724
-118 0 0 -0.00129567005205899 -0.0204179007560015
-117 0 0 -0.00123539997730404 -0.0193709004670382
-116 0 0 -0.00119481002911925 -0.0186579003930092
-115 0 0 -0.00115379004273564 -0.0179308000952005
-114 0 0 -0.00111224001739174 -0.0171872992068529
-113 0 0 -0.00107003003358841 -0.0164250005036592
-112 0 0 -0.00102702004369348 -0.0156404990702868
-111 0 0 -0.000997817027382553 -0.0151033997535706
-110 0 0 -0.000968107022345066 -0.0145533997565508
-109 0 0 -0.000937820004764944 -0.0139888999983668
-108 0 0 -0.00090686499606818 -0.0134079996496439
-107 0 0 -0.000875132973305881 -0.0128081999719143
-106 0 0 -0.000853481004014611 -0.0123966000974178
-105 0 0 -0.000831376994028687 -0.0119743002578616
-104 0 0 -0.000808765995316207 -0.0115401996299624
-103 0 0 -0.000785582000389695 -0.0110929999500513
-102 0 0 -0.000761747010983527 -0.0106308003887534
-101 0 0 -0.000745447992812842 -0.0103134997189045
-100 12 4 -0.000728785002138466 -0.00998794008046389
-99 0 0 -0.000711718981619924 -0.00965335965156555
-98 0 0 -0.000694203015882522 -0.00930880010128021
-97 0 0 -0.000676185998599976 -0.00895311031490564
-96 0 0 -0.000657604017760605 -0.00858495011925697
-95 0 0 -0.000644863990601152 -0.00833178963512182
-94 0 0 -0.000631810980848968 -0.00807179044932127
-93 0 0 -0.000618415011558682 -0.0078043001703918
-92 0 0 -0.000604639993980527 -0.00752854999154806
-91 0 0 -0.000590440991800278 -0.00724363001063466
-90 0 0 -0.000575769983697683 -0.00694847013801336
-89 0 0 -0.000565694994293153 -0.00674537988379598
-88 0 0 -0.000555362028535455 -0.00653671007603407
-87 0 0 -0.000544745998922735 -0.00632194988429546
-86 0 0 -0.000533816986717284 -0.00610047997906804
-85 0 0 -0.000522542977705598 -0.00587160978466272
-84 0 0 -0.000510882993694395 -0.00563450017943978
-83 0 0 -0.000502872979268432 -0.0054713599383831
-82 0 0 -0.000494653999339789 -0.00530376983806491
-81 0 0 -0.000486206990899518 -0.00513132009655237
-80 0 0 -0.00047751099918969 -0.0049535701982677
-79 0 0 -0.000468540005385876 -0.00476997997611761
-78 0 0 -0.000459264992969111 -0.00457991007715464
-77 0 0 -0.000452895008493215 -0.00444925017654896
-76 0 0 -0.000446362013462931 -0.00431512016803026
-75 0 0 -0.000439652008935809 -0.00417726021260023
-74 0 0 -0.000432750006439164 -0.00403530988842249
-73 0 0 -0.000425637001171708 -0.0038888999260962
-72 0 0 -0.000418292998801917 -0.00373759004287422
-71 0 0 -0.000410692009609193 -0.00358087010681629
-70 0 0 -0.000402806006604806 -0.00341812008991838
-69 0 0 -0.000394600006984547 -0.00324861006811261
-68 0 0 -0.000386033003451303 -0.00307147996500134
-67 0 0 -0.000377052987460047 -0.00288563990034163
-66 0 0 -0.000367597996955737 -0.00268977996893227
-65 0 0 -0.000357587006874382 -0.00248221005313098
-64 0 0 -0.000346919987350702 -0.00226080999709666
-63 0 0 -0.000335463002556935 -0.00202278001233935
-62 0 0 -0.000323040992952883 -0.00176444998942316
-61 0 0 -0.000309422990540043 -0.00148094003088772
-60 0 0 -0.000294311001198366 -0.00116598000749946
-59 0 0 -0.000277371989795938 -0.000812558981124312
-58 0 0 -0.000258432002738118 -0.000416944007156417
-57 0 0 -0.000238006003201008 1.01531995824189E-05
-56 0 0 -0.000198520006961189 0.000836845021694899
-55 0 0 -3.70591005776078E-05 0.00422080978751183
-54 0 0 5.20924986631144E-05 0.00608245981857181
-53 0 0 0.000285521004116163 0.0108896000310779
-52 0 0 0.000609905982855707 0.0173255000263453
-51 0 0 0.000886586029082537 0.0225658006966114
-50 11 4 0.00115296000149101 0.0274216998368502
-49 0 0 0.001423169975169 0.0322018004953861
-48 0 0 0.00170586002059281 0.0370948016643524
-47 0 0 0.00200802995823324 0.0422563999891281
-46 0 0 0.00233645993284881 0.0478453002870083
-45 0 0 0.00269817002117634 0.0540455989539623
-44 0 0 0.00310021010227501 0.0610839985311031
-43 0 0 0.0035477199126035 0.0692360997200012
-42 0 0 0.00403844006359577 0.0787895023822784
-41 0 0 0.00455179018899798 0.0898990035057068
-40 0 0 0.00504015013575554 0.102342002093792
-39 0 0 0.0054444600827992 0.1154899969697
-38 0 0 0.00572774978354573 0.128692999482155
-37 0 0 0.00588562991470098 0.141579002141953
36 10 2 0.00593343982473016 0.154027000069618
35 0 0 0.00592161016538739 0.160463005304337
34 0 0 0.00584409013390541 0.172259002923965
33 0 0 0.00571249006316066 0.183693006634712
32 0 0 0.00554584991186857 0.194819003343582
31 0 0 0.00536013022065163 0.205688998103142
30 0 0 0.00516834994778037 0.216348007321358
29 0 0 0.00498078018426895 0.226833999156952
28 0 0 0.00480527011677623 0.237182006239891
27 0 0 0.00464762002229691 0.247420996427536
26 0 0 0.00451189978048205 0.257577002048492
25 0 0 0.00440081022679806 0.267673999071121
24 0 0 0.00431592995300889 0.277732998132706
23 0 0 0.00425799004733562 0.287773013114929
22 0 0 0.00422703009098768 0.29781299829483
21 9 2 0.00422119023278356 0.304513990879059
-20 0 0 0.00422212015837431 0.307202011346817
-19 0 0 0.00423244014382362 0.313919991254807
-18 0 0 0.0042539699934423 0.320657998323441
-17 0 0 0.00428635999560356 0.327416986227036
-16 0 0 0.00432925019413233 0.334203988313675
-15 0 0 0.0043822699226439 0.34102201461792
-14 0 0 0.00444502010941505 0.347874999046326
-13 0 0 0.00451709004119039 0.354768007993698
-12 0 0 0.00459808018058538 0.361703991889954
-11 0 0 0.00468757981434464 0.368687987327576
-10 0 0 0.00478516984730959 0.375723987817764
-9 0 0 0.00485453009605408 0.38044598698616
-8 0 0 0.00490261008962989 0.383608013391495
-7 0 0 0.00493546016514301 0.385722994804382
-6 0 0 0.00495770014822483 0.387134999036789
-5 0 0 0.00497268978506327 0.388078987598419
-4 0 0 0.00498274015262723 0.388707995414734
-3 0 0 0.00498948013409972 0.389127999544144
-2 0 0 0.00499397981911898 0.389407992362976
1 0 0 0.00499999988824129 0.389782011508942
1 0 0 0.00499999988824129 0.389782011508942
-2 0 0 0.00500603998079896 0.390154987573624
-3 0 0 0.00501058017835021 0.390435993671417
-4 0 0 0.00501741003245115 0.390855997800827
-5 0 0 0.00502770021557808 0.39148798584938
-6 0 0 0.00504323979839683 0.392435997724533
-7 0 0 0.00506675988435745 0.393860995769501
-8 0 0 0.00510253012180328 0.396003007888794
-9 0 0 0.00515726022422314 0.399226993322372
-10 0 0 0.00524171022698283 0.404089003801346
-11 0 0 0.00532888993620872 0.408984005451202
-12 0 0 0.00541866989806294 0.413911998271942
-13 0 0 0.00551094999536872 0.418875008821487
-14 0 0 0.00560561986640096 0.423873990774155
-15 0 0 0.00570257008075714 0.428911000490189
-16 0 0 0.00580168003216386 0.433986991643906
-17 0 0 0.00590285006910563 0.439103007316589
-18 0 0 0.00600596005097032 0.444261014461517
-19 0 0 0.00611092010512948 0.44946300983429
-20 0 0 0.00621761009097099 0.454708993434906
-21 0 0 0.00632592989131808 0.46000200510025
-22 0 0 0.00643577007576823 0.465342998504639
-23 0 0 0.00654701003804803 0.470732986927032
-24 0 0 0.00665955990552902 0.476173996925354
-25 0 0 0.00677330978214741 0.481667995452881
-26 0 0 0.00688813999295235 0.487215995788574
-27 0 0 0.00700394995510578 0.492819994688034
-28 0 0 0.00712061021476984 0.49848198890686
-29 0 0 0.00723804021254182 0.504203975200653
-30 0 0 0.00735609978437424 0.509986996650696
-31 0 0 0.00747467996552587 0.515833973884583
-32 0 0 0.00759366992861032 0.521745979785919
-33 0 0 0.00771294021978974 0.527724981307983
-34 0 0 0.00783238001167774 0.533774018287659
-35 0 0 0.00795185007154942 0.539893984794617
-36 0 0 0.00807124003767967 0.546087980270386
-37 0 0 0.00819041021168232 0.552357971668243
-38 0 0 0.00830923020839691 0.558705985546112
-39 0 0 0.00842756032943726 0.56513500213623
-40 0 0 0.00854527018964291 0.571645975112915
-41 0 0 0.00866219960153103 0.578243017196655
-42 0 0 0.00877820979803801 0.584927022457123
-43 0 0 0.00889314990490675 0.591701984405518
-44 0 0 0.00900685973465443 0.598569989204407
-45 0 0 0.00911918003112078 0.605534017086029
-46 0 0 0.00922994036227465 0.612596988677979
-47 0 0 0.00933897029608488 0.619760990142822
-48 0 0 0.0094461003318429 0.627029001712799
-49 0 0 0.00955114979296923 0.634405016899109
-50 2 4 0.00965392030775547 0.641891002655029
-51 0 0 0.00975423958152533 0.649491012096405
-52 0 0 0.00985188968479633 0.657208025455475
-53 0 0 0.00994668994098902 0.665044009685516
-54 0 0 0.0100384000688791 0.673004984855652
-55 0 0 0.0101268999278545 0.681092023849487
-56 0 0 0.0102118002250791 0.689310014247894
-57 0 0 0.0102930003777146 0.697661995887756
-58 0 0 0.0103703001514077 0.706152021884918
-59 0 0 0.0104435002431273 0.714781999588013
-60 0 0 0.0105122001841664 0.723558008670807
-61 0 0 0.0105763003230095 0.73248302936554
-62 0 0 0.0106354998424649 0.741559982299805
-63 0 0 0.0106896003708243 0.750793993473053
-64 0 0 0.010738399811089 0.760187983512878
-65 0 0 0.0107816001400352 0.769747018814087
-66 0 0 0.0108190001919866 0.779473006725311
-67 0 0 0.0108503000810742 0.789372026920319
-68 0 0 0.0108754998072982 0.799445986747742
-69 0 0 0.0108941001817584 0.809700012207031
-70 0 0 0.0109061002731323 0.820137023925781
-71 0 0 0.0109112001955509 0.830761015415192
72 3 2 0.0109114004299045 0.833257019519806
73 0 0 0.010907799936831 0.844116985797882
74 0 0 0.0108970999717712 0.855171024799347
75 0 0 0.0108789000660181 0.866423010826111
76 0 0 0.0108532998710871 0.877875983715057
77 0 0 0.0108201000839472 0.889533996582031
78 0 0 0.0107794003561139 0.901398003101349
79 0 0 0.0107308998703957 0.91347199678421
80 0 0 0.0106749003753066 0.925758004188538
81 0 0 0.0106113003566861 0.938256978988647
82 0 0 0.0105400998145342 0.950972974300385
83 0 0 0.0104615995660424 0.963904976844788
84 0 0 0.0103759998455644 0.977055013179779
85 0 0 0.0102832997217774 0.990423977375031
86 0 0 0.0101838996633887 1.00400996208191
87 0 0 0.0100780995562673 1.0178200006485
88 0 0 0.009966179728508 1.03184998035431
89 0 0 0.00984867010265589 1.04610002040863
90 0 0 0.00972595997154713 1.06055998802185
91 0 0 0.00959856994450092 1.07524001598358
92 0 0 0.00946701969951391 1.09013998508453
93 0 0 0.00933192018419504 1.10525000095367
94 0 0 0.00919387955218554 1.12056994438171
95 0 0 0.00905357021838427 1.13610005378723
96 0 0 0.00891168043017387 1.15182995796204
97 0 0 0.00876891985535622 1.16777002811432
98 0 0 0.00862604007124901 1.18391001224518
99 0 0 0.00848380010575056 1.20024001598358
100 4 4 0.00834297016263008 1.21677005290985
101 0 0 0.00820432975888252 1.23347997665405
102 0 0 0.00806865002959967 1.25038003921509
103 0 0 0.00793673004955053 1.26745998859406
104 0 0 0.00780931999906898 1.28471994400024
105 0 0 0.0076871900819242 1.30215001106262
106 0 0 0.00757107976824045 1.31974995136261
107 0 0 0.00746170990169048 1.33752000331879
108 0 0 0.0073597701266408 1.35545003414154
109 0 0 0.00726593984290957 1.37354004383087
110 0 0 0.00718085980042815 1.39178001880646
111 0 0 0.00710512977093458 1.4101699590683
112 0 0 0.00703932996839285 1.42870998382568
113 0 0 0.00698398984968662 1.447389960289
114 0 0 0.00693961000069976 1.46622002124786
115 0 0 0.00690667005255818 1.48518002033234
116 0 0 0.0068855700083077 1.50427997112274
117 0 0 0.00687672011554241 1.52350997924805
-118 5 2 0.00687645003199577 1.5275000333786
-119 0 0 0.00688283005729318 1.54689002037048
-120 0 0 0.00690218014642596 1.56640005111694
-121 0 0 0.00693474989384413 1.58603000640869
-122 0 0 0.00698078982532024 1.60578000545502
-123 0 0 0.00704050017520785 1.62565004825592
-124 0 0 0.00711404019966722 1.64564001560211
-125 0 0 0.00720153981819749 1.66574001312256
-126 0 0 0.00730312010273337 1.68595004081726
-127 0 0 0.00741884019225836 1.70626997947693
-128 0 0 0.0075487601570785 1.72669994831085
-129 0 0 0.0076929097995162 1.747230052948
-130 0 0 0.00785128027200699 1.76786994934082
-131 0 0 0.00802384968847036 1.78860998153687
-132 0 0 0.00821057986468077 1.80946004390717
-133 0 0 0.00841140002012253 1.83039999008179
-134 0 0 0.0086262496188283 1.85143995285034
-135 0 0 0.0088550103828311 1.87258005142212
-136 0 0 0.00909757986664772 1.89381003379822
-137 0 0 0.00935383979231119 1.91513001918793
-138 0 0 0.009623640216887 1.93655002117157
-139 0 0 0.00990683026611805 1.95806002616882
-140 0 0 0.0102033000439405 1.97965002059937
-141 0 0 0.0105127999559045 2.00133991241455
-142 0 0 0.0108350999653339 2.02310991287231
-143 0 0 0.0111702000722289 2.04497003555298
-144 0 0 0.0115178003907204 2.06691002845764
-145 0 0 0.0118776997551322 2.0889298915863
-146 0 0 0.0122498003765941 2.11103010177612
-147 0 0 0.0126336999237537 2.13321995735168
-148 0 0 0.0130292996764183 2.1554799079895
-149 0 0 0.0134364999830723 2.17782998085022
-150 6 4 0.0138547997921705 2.20023989677429
-151 0 0 0.0142842996865511 2.22273993492126
-152 0 0 0.0147246001288295 2.24531006813049
-153 0 0 0.0151754999533296 2.2679500579834
-154 0 0 0.0156367998570204 2.29065990447998
-155 0 0 0.016108300536871 2.3134400844574
-156 0 0 0.0165897998958826 2.33628988265991
-157 0 0 0.0170809999108315 2.35921001434326
-158 0 0 0.0175816994160414 2.38218998908997
-159 0 0 0.0180917996913195 2.40524005889893
-160 0 0 0.0186110008507967 2.42835998535156
-161 0 0 0.0191390998661518 2.45153999328613
-162 0 0 0.0196758005768061 2.47477006912231
-163 0 0 0.0202210992574692 2.49807000160217
-164 0 0 0.0207746997475624 2.52143001556396
-165 0 0 0.0213363002985716 2.54485011100769
-166 0 0 0.0219058003276587 2.56832003593445
-167 0 0 0.0224830005317926 2.59185004234314
-168 0 0 0.0230676997452974 2.61543011665344
-169 0 0 0.0236597005277872 2.63906002044678
-170 0 0 0.0242589004337788 2.66275000572205
-171 0 0 0.0248649995774031 2.68649005889893
-172 0 0 0.0254778005182743 2.71027994155884
-173 0 0 0.0260972995311022 2.73411011695862
-174 0 0 0.026723200455308 2.75799989700317
-175 0 0 0.0273553002625704 2.7819299697876
-176 0 0 0.0279935002326965 2.80590009689331
-177 0 0 0.0286375992000103 2.82992005348206
-178 0 0 0.0292875003069639 2.85399007797241
-179 0 0 0.0299430005252361 2.87808990478516
-180 0 0 0.030603900551796 2.90224003791809
-181 0 0 0.0312701985239983 2.92641997337341
-182 0 0 0.0319416001439095 2.95064997673035
-183 0 0 0.0326180011034012 2.97491002082825
-184 0 0 0.0332993008196354 2.99920988082886
-185 0 0 0.033985398709774 3.02355003356934
-186 0 0 0.0346761010587215 3.0479199886322
-187 0 0 0.0353712998330593 3.07231998443604
-188 0 0 0.0360708981752396 3.09676003456116
-189 0 0 0.0367746986448765 3.12122988700867
-190 0 0 0.037482600659132 3.14573001861572
-191 0 0 0.0381944999098778 3.17026996612549
-192 0 0 0.0389104001224041 3.1948299407959
-193 0 0 0.0396299995481968 3.21941995620728
-194 0 0 0.0403532981872559 3.24405002593994
-195 0 0 0.0410800985991955 3.26869010925293
-196 0 0 0.0418105013668537 3.29337000846863
-197 0 0 0.0425442010164261 3.31806993484497
-198 0 0 0.0432812012732029 3.34279990196228
-199 0 0 0.0440214015543461 3.36754989624023
-200 7 4 0.0447647012770176 3.39231991767883
-201 0 0 0.0455109998583794 3.4171199798584
-202 0 0 0.0462602004408836 3.44194006919861
-203 0 0 0.0470122992992401 3.46678996086121
-204 0 0 0.047767098993063 3.49165010452271
-205 0 0 0.0485245995223522 3.51654005050659
-206 0 0 0.0492847003042698 3.5414400100708
-207 8 9 0.0500474013388157 3.56637001037598
