-344 19 9 -0.0504284985363483 -0.389198988676071
-343 0 0 -0.049694299697876 -0.38358798623085
-342 0 0 -0.0489608012139797 -0.378012001514435
-341 0 0 -0.0482276007533073 -0.372469007968903
-340 0 0 -0.0474942997097969 -0.366957008838654
-339 0 0 -0.0467603988945484 -0.361474007368088
-338 0 0 -0.0460254997014999 -0.356018006801605
-337 0 0 -0.0452889986336231 -0.350587993860245
-336 0 0 -0.0445505008101463 -0.345182001590729
-335 0 0 -0.043809499591589 -0.339796990156174
-334 0 0 -0.0430656000971794 -0.334432989358902
-333 0 0 -0.0423182994127274 -0.329084992408752
-332 0 0 -0.0415670983493328 -0.323754012584686
-331 0 0 -0.0408115014433861 -0.31843701004982
-330 0 0 -0.0400510989129543 -0.313131004571915
-329 0 0 -0.0392854996025562 -0.307835012674332
-328 0 0 -0.0385139994323254 -0.302547007799149
-327 0 0 -0.0377364009618759 -0.297264009714127
-326 0 0 -0.0369521006941795 -0.291983991861343
-325 0 0 -0.0361608006060123 -0.286704003810883
-324 0 0 -0.0353620983660221 -0.281423002481461
-323 0 0 -0.0345554985105991 -0.276138007640839
-322 0 0 -0.0340132005512714 -0.272610992193222
-321 0 0 -0.0334671996533871 -0.269080013036728
-320 0 0 -0.0329174995422363 -0.265545010566711
-319 0 0 -0.032363798469305 -0.262003988027573
-318 0 0 -0.0318061001598835 -0.258455991744995
-317 0 0 -0.0312444996088743 -0.254902005195618
-316 0 0 -0.0306787006556988 -0.251338988542557
-315 0 0 -0.0301089007407427 -0.247766003012657
-314 0 0 -0.029534999281168 -0.244184002280235
-313 0 0 -0.0289568994194269 -0.240590006113052
-312 0 0 -0.0283746998757124 -0.236983999609947
-311 0 0 -0.0279842000454664 -0.234571993350983
-310 0 0 -0.0275919996201992 -0.232153996825218
-309 0 0 -0.0271979998797178 -0.229728996753693
-308 0 0 -0.0268022008240223 -0.227296993136406
-307 0 0 -0.0264046993106604 -0.224857002496719
-306 0 0 -0.0260054003447294 -0.22240999341011
-305 0 0 -0.0256044995039701 -0.219953998923302
-304 0 0 -0.0252018999308348 -0.217489004135132
-303 0 0 -0.0247977003455162 -0.215016007423401
-302 0 0 -0.0243919007480145 -0.212531998753548
-301 0 0 -0.0239845998585224 -0.210038006305695
-300 18 4 -0.0235759001225233 -0.207534000277519
-299 0 0 -0.0231656990945339 -0.205017998814583
-298 0 0 -0.0227543003857136 -0.202491000294685
-297 0 0 -0.0223415996879339 -0.199952006340027
-296 0 0 -0.0219276994466782 -0.197399005293846
-295 0 0 -0.0215127002447844 -0.194833993911743
-294 0 0 -0.0210967995226383 -0.19225400686264
-293 0 0 -0.0206799004226923 -0.189659997820854
-292 0 0 -0.0202622003853321 -0.187050998210907
-291 0 0 -0.0198439005762339 -0.184425994753838
-290 0 0 -0.0194249004125595 -0.181784003973007
-289 0 0 -0.0190056003630161 -0.179124996066093
-288 0 0 -0.0185858998447657 -0.176448002457619
-287 0 0 -0.0181660000234842 -0.173752993345261
-286 0 0 -0.0177461002022028 -0.171039000153542
-285 0 0 -0.0173262003809214 -0.168303996324539
-284 0 0 -0.0169066991657019 -0.165548995137215
-283 0 0 -0.0164874996989965 -0.162771999835968
-282 0 0 -0.0160690005868673 -0.159972995519638
-281 0 0 -0.0156513005495071 -0.157150998711586
-280 0 0 -0.0152345998212695 -0.154306992888451
-279 0 0 -0.0148190995678306 -0.151437997817993
-278 0 0 -0.0144050996750593 -0.148544996976852
-277 0 0 -0.0139926997944713 -0.14562800526619
-276 0 0 -0.0135823003947735 -0.142685994505882
-275 0 0 -0.0131740998476744 -0.139719992876053
-274 0 0 -0.0127684995532036 -0.136730000376701
-273 0 0 -0.0123658999800682 -0.133717000484467
-272 0 0 -0.0119665004312992 -0.13068200647831
-271 0 0 -0.0115710003301501 -0.127627998590469
-270 0 0 -0.0111795999109745 -0.124555997550488
-269 0 0 -0.0107931001111865 -0.121469996869564
-268 0 0 -0.0104120001196861 -0.11837500333786
-267 0 0 -0.0100368997082114 -0.115275003015995
-266 0 0 -0.00966855976730585 -0.11217600107193
-265 0 0 -0.00930779986083508 -0.109085999429226
-264 0 0 -0.00895536970347166 -0.106013000011444
-263 0 0 -0.00861207954585552 -0.102966003119946
-262 0 0 -0.00827869959175587 -0.0999538972973824
-261 0 0 -0.00795594975352287 -0.0969865992665291
-260 0 0 -0.00764444004744291 -0.0940734967589378
-259 0 0 -0.0073446799069643 -0.0912230983376503
-258 0 0 -0.00705699995160103 -0.0884430035948753
-257 0 0 -0.00678159017115831 -0.0857395008206367
-256 0 0 -0.00651845009997487 -0.0831172987818718
-255 0 0 -0.00626744003966451 -0.080579400062561
-254 0 0 -0.00602828990668058 -0.0781276002526283
-253 0 0 -0.00580060994252563 -0.0757618993520737
-252 0 0 -0.00558392982929945 -0.0734814032912254
-251 0 0 -0.00537772011011839 -0.0712841972708702
-250 17 4 -0.0051814098842442 -0.0691675990819931
-249 0 0 -0.00499443989247084 -0.0671285018324852
-248 0 0 -0.0048162299208343 -0.0651632025837898
-247 0 0 -0.0046462002210319 -0.0632679983973503
-246 0 0 -0.00448381993919611 -0.0614391006529331
-245 0 0 -0.00432858010753989 -0.0596725009381771
-244 0 0 -0.00417996989563107 -0.057964600622654
-243 0 0 -0.00403755018487573 -0.0563113987445831
-242 0 0 -0.00390087999403477 -0.0547095984220505
-241 0 0 -0.00376956001855433 -0.0531556010246277
-240 0 0 -0.00364322005771101 -0.0516461990773678
-239 0 0 -0.00352151994593441 -0.050178200006485
-238 0 0 -0.00340414000675082 -0.0487487986683846
-237 0 0 -0.00329077988862991 -0.0473549999296665
-236 0 0 -0.00318116997368634 -0.0459943003952503
-235 0 0 -0.00307503994554281 -0.0446639992296696
-234 0 0 -0.00297217001207173 -0.0433618016541004
-233 0 0 -0.00287232990376651 -0.0420854017138481
-232 0 0 -0.00277532008476555 -0.0408324003219604
-231 0 0 -0.00268092006444931 -0.0396008007228374
-230 0 0 -0.00258896988816559 -0.0383884012699127
-229 0 0 -0.00249928003177047 -0.037193201482296
-228 0 0 -0.00241169007495046 -0.036013200879097
-227 0 0 -0.00232603005133569 -0.0348463989794254
-226 0 0 -0.00224216002970934 -0.0336906984448433
-225 0 0 -0.00215991004370153 -0.0325441993772984
-224 0 0 -0.00207914994098246 -0.0314048007130623
-223 0 0 -0.00199970998801291 -0.0302703008055687
-222 0 0 -0.0019214500207454 -0.0291383992880583
-221 0 0 -0.00184420996811241 -0.0280067007988691
-220 0 0 -0.00176784000359476 -0.0268727000802755
-219 0 0 -0.00169216003268957 -0.0257332995533943
-218 0 0 -0.00161698996089399 -0.0245855003595352
-217 0 0 -0.00154212000779808 -0.0234254002571106
-216 0 0 -0.00146733003202826 -0.022248899564147
-215 0 0 -0.00141737994272262 -0.0214529000222683
-214 0 0 -0.00136724999174476 -0.0206454992294312
-213 0 0 -0.00131683994550258 -0.0198247991502285
-212 0 0 -0.0012660400243476 -0.0189883001148701
-211 0 0 -0.001214690040797 -0.0181332007050514
-210 0 0 -0.00116263004019856 -0.017255999147892
-209 0 0 -0.00112743000499904 -0.0166570004075766
-208 0 0 -0.00109174998942763 -0.0160447992384434
-207 0 0 -0.00105550000444055 -0.0154178002849221
-206 0 0 -0.00101858004927635 -0.0147738000378013
-205 0 0 -0.000980879995040596 -0.0141104003414512
-204 0 0 -0.000955233001150191 -0.0136559000238776
-203 0 0 -0.000929117028135806 -0.0131903002038598
-202 0 0 -0.000902470026630908 -0.012712400406599
-201 0 0 -0.000875218014698476 -0.0122207002714276
-200 16 4 -0.000847276009153575 -0.0117133995518088
-199 0 0 -0.00082821398973465 -0.0113655002787709
-198 0 0 -0.000808760989457369 -0.0110090002417564
-197 0 0 -0.000788874982390553 -0.0106429997831583
-196 0 0 -0.000768508005421609 -0.010266600176692
-195 0 0 -0.000747598998714238 -0.00987845007330179
-194 0 0 -0.000726078986190259 -0.0094772195443511
-193 0 0 -0.000711351982317865 -0.00920163001865149
-192 0 0 -0.000696288014296442 -0.00891887024044991
-191 0 0 -0.000680850993376225 -0.00862825009971857
-190 0 0 -0.000665003026369959 -0.00832897983491421
-189 0 0 -0.000648697023279965 -0.00802011974155903
-188 0 0 -0.000631877977866679 -0.00770054012537003
-187 0 0 -0.000620347971562296 -0.00748089980334044
-186 0 0 -0.000608537986408919 -0.00725544011220336
-185 0 0 -0.00059642200358212 -0.0070236399769783
-184 0 0 -0.000583968008868396 -0.00678486982360482
-183 0 0 -0.000571141019463539 -0.00653841998428106
-182 0 0 -0.000557898019906133 -0.0062834401614964
-181 0 0 -0.000548815005458891 -0.00610820995643735
-180 0 0 -0.000539507018402219 -0.00592839997261763
-179 0 0 -0.000529956014361233 -0.00574359018355608
-178 0 0 -0.000520137022249401 -0.00555334007367492
-177 0 0 -0.00051002501277253 -0.00535710016265512
-176 0 0 -0.000499587971717119 -0.00515425996854901
-175 0 0 -0.000488790974486619 -0.00494408002123237
-174 0 0 -0.000481371011119336 -0.00479944981634617
-173 0 0 -0.000473755993880332 -0.00465088011696935
-172 0 0 -0.000465929013444111 -0.00449799979105592
-171 0 0 -0.000457869988167658 -0.00434042979031801
-170 0 0 -0.000449557002866641 -0.00417771004140377
-169 0 0 -0.000440962001448497 -0.00400929013267159
-168 0 0 -0.000435060006566346 -0.00389354000799358
-167 0 0 -0.00042900801054202 -0.00377475004643202
-166 0 0 -0.000422793993493542 -0.00365269999019802
-165 0 0 -0.000416402996052057 -0.00352708995342255
-164 0 0 -0.000409820990171283 -0.00339761003851891
-163 0 0 -0.00040302801062353 -0.00326389004476368
-162 0 0 -0.00039600400486961 -0.00312550994567573
-161 0 0 -0.000388723012292758 -0.00298196007497609
-160 0 0 -0.000381157005904242 -0.0028326699975878
-159 0 0 -0.00037327001336962 -0.00267693004570901
-158 0 0 -0.000365020998287946 -0.00251391995698214
-157 0 0 -0.000356359989382327 -0.00234260992147028
-156 0 0 -0.000347224005963653 -0.00216176989488304
-155 0 0 -0.000337536999722943 -0.00196985993534327
-154 0 0 -0.000327204004861414 -0.00176498002838343
-153 0 0 -0.000316107005346566 -0.00154476996976882
-152 0 0 -0.000304103014059365 -0.00130636000540107
-151 0 0 -0.000291030999505892 -0.00104648002889007
-150 15 4 -0.000276740989647806 -0.000762154988478869
-149 0 0 -0.000261195003986359 -0.000452570006018505
-148 0 0 -0.000244652008404955 -0.000122843994176947
-147 0 0 -0.000211292994208634 0.000542738009244204
-146 0 0 -5.78461986151524E-05 0.00360815995372832
-145 0 0 9.16288990993053E-05 0.00657929992303252
-144 0 0 0.000197282002773136 0.00865709967911243
-143 0 0 0.000285538990283385 0.010373099707067
-142 0 0 0.000364070001523942 0.0118824001401663
-141 0 0 0.000436350994277745 0.0132558001205325
-140 0 0 0.000504298019222915 0.0145324999466538
-139 0 0 0.000569103984162211 0.0157367996871471
-138 0 0 0.000631565984804183 0.0168852992355824
-137 0 0 0.00069225300103426 0.0179897006601095
-136 0 0 0.000751585001125932 0.0190586000680923
-135 0 0 0.000809888006187975 0.0200989004224539
-134 0 0 0.000867418013513088 0.0211158990859985
-133 0 0 0.00092438398860395 0.0221139006316662
-132 0 0 0.000980959972366691 0.0230964999645948
-131 0 0 0.00103728997055441 0.0240668002516031
-130 0 0 0.00109350995626301 0.0250272992998362
-129 0 0 0.00114971003495157 0.0259805005043745
-128 0 0 0.00120600999798626 0.0269283000379801
-127 0 0 0.00126249005552381 0.0278724990785122
-126 0 0 0.00131923996377736 0.0288149006664753
-125 0 0 0.00137631001416594 0.0297568999230862
-124 0 0 0.00143379997462034 0.0307001005858183
-123 0 0 0.00149176002014428 0.0316455997526646
-122 0 0 0.00153069000225514 0.0322780013084412
-121 0 0 0.00156988005619496 0.0329125002026558
-120 0 0 0.00160934997256845 0.0335493013262749
-119 0 0 0.00164909998420626 0.03418879956007
-118 0 0 0.00168917002156377 0.0348315015435219
-117 0 0 0.00172955996822566 0.0354776009917259
-116 0 0 0.0017702899640426 0.0361275002360344
-115 0 0 0.00181138003244996 0.0367815010249615
-114 0 0 0.00185284996405244 0.0374399982392788
-113 0 0 0.00189471000339836 0.0381033010780811
-112 0 0 0.00193698995281011 0.0387718006968498
-111 0 0 0.00197968003340065 0.039445798844099
-110 0 0 0.00202282005921006 0.0401257015764713
-109 0 0 0.00206641992554069 0.04081179946661
-108 0 0 0.00211049988865852 0.0415044017136097
-107 0 0 0.00215505994856358 0.0422040000557899
-106 0 0 0.00220013991929591 0.0429108999669552
-105 0 0 0.00224575004540384 0.0436256006360054
-104 0 0 0.0022764599416405 0.0441064015030861
-103 0 0 0.00230740988627076 0.044591099023819
-102 0 0 0.00233861990272999 0.0450794994831085
-101 0 0 0.00237008999101818 0.0455719009041786
-100 14 4 0.00240181991830468 0.046068400144577
-99 0 0 0.00243380991742015 0.046569000929594
-98 0 0 0.00246609002351761 0.0470740012824535
-97 0 0 0.00249863998033106 0.0475835017859936
-96 0 0 0.00253148004412651 0.0480975992977619
-95 0 0 0.00256460998207331 0.0486164018511772
-94 0 0 0.0025980300270021 0.0491400994360447
-93 0 0 0.00263175996951759 0.0496686995029449
-92 0 0 0.00266580004245043 0.0502026006579399
-91 0 0 0.00270014000125229 0.0507416985929012
-90 0 0 0.00273481011390686 0.0512862987816334
-89 0 0 0.00276979990303516 0.0518365018069744
-88 0 0 0.00280512007884681 0.0523924008011818
-87 0 0 0.00284077995456755 0.05295430123806
-86 0 0 0.00287676998414099 0.0535221993923187
-85 0 0 0.00291311996988952 0.0540964007377625
-84 0 0 0.00294980988837779 0.0546769984066486
-83 0 0 0.00298685999587178 0.0552641004323959
-82 0 0 0.00302428007125854 0.0558580011129379
-81 0 0 0.00304941996000707 0.0562577992677689
-80 0 0 0.00307473004795611 0.0566607005894184
-79 0 0 0.00310021010227501 0.057066798210144
-78 0 0 0.00312585989013314 0.0574760995805264
-77 0 0 0.00315167009830475 0.0578887015581131
-76 0 0 0.00317766005173326 0.058304701000452
-75 0 0 0.00320380995981395 0.0587241016328335
-74 0 0 0.00323014007881284 0.0591468997299671
-73 0 0 0.00325664994306862 0.0595733001828194
-72 0 0 0.00328333000652492 0.0600031986832619
-71 0 0 0.00331018003635108 0.060436800122261
-70 0 0 0.00333722005598247 0.0608741007745266
-69 0 0 0.00336443004198372 0.0613151006400585
-68 0 0 0.00339182000607252 0.0617599003016949
-67 0 0 0.00341939995996654 0.0622086003422737
-66 0 0 0.00344715011306107 0.062661200761795
-65 0 0 0.00347509002313018 0.0631178990006447
-64 0 0 0.00350320991128683 0.0635785013437271
-63 0 0 0.00353151001036167 0.0640432983636856
-62 0 0 0.00356000009924173 0.064512200653553
-61 0 0 0.0035886699333787 0.0649854019284248
-60 0 0 0.00361751997843385 0.0654627978801727
-59 0 0 0.00364656001329422 0.0659445971250534
-58 0 0 0.00367578002624214 0.0664307996630669
-57 0 0 0.0037051800172776 0.0669215023517609
-56 0 0 0.00373476999811828 0.0674166977405548
-55 0 0 0.00376453995704651 0.0679164975881577
-54 0 0 0.00379448989406228 0.0684209018945694
-53 0 0 0.00382463005371392 0.0689300000667572
-52 0 0 0.00385493994690478 0.0694437995553017
-51 0 0 0.00388543005101383 0.0699625015258789
-50 13 4 0.0039160898886621 0.0704860016703606
-49 0 0 0.0039469301700592 0.0710143968462944
-48 0 0 0.00397795019671321 0.0715477019548416
-47 0 0 0.003998720087111 0.0719060972332954
-46 0 0 0.00401955982670188 0.0722666010260582
-45 0 0 0.00404048012569547 0.0726294964551926
-44 0 0 0.00406146980822086 0.0729945972561836
-43 0 0 0.00408254005014896 0.0733619034290314
-42 0 0 0.00410366989672184 0.0737316012382507
-41 0 0 0.00412487983703613 0.0741034969687462
-40 0 0 0.00414614984765649 0.0744777992367744
-39 0 0 0.00416749017313123 0.0748543962836266
-38 0 0 0.00418889988213778 0.0752333030104637
-37 0 0 0.00421037990599871 0.0756144970655441
-36 0 0 0.0042319200001657 0.0759980976581573
-35 0 0 0.00425352016463876 0.076384000480175
-34 0 0 0.00427517993375659 0.0767723023891449
-33 0 0 0.00429689977318048 0.077163003385067
-32 0 0 0.00431868014857173 0.0775559991598129
-31 0 0 0.00434050988405943 0.0779514014720917
-30 0 0 0.00436240015551448 0.0783492028713226
-29 0 0 0.00438433978706598 0.0787492990493774
-28 0 0 0.00440633995458484 0.0791518986225128
-27 0 0 0.0044283801689744 0.0795568004250526
-26 0 0 0.00445045996457338 0.0799641013145447
-25 0 0 0.0044725900515914 0.0803738012909889
-24 0 0 0.00449476996436715 0.0807859003543854
-23 0 0 0.00451698014512658 0.0812003016471863
-22 0 0 0.00453922990709543 0.0816171988844872
-21 0 0 0.00456150993704796 0.0820363983511925
-20 0 0 0.00458383001387119 0.0824579000473022
-19 0 0 0.00460617011412978 0.0828818008303642
-18 0 0 0.00462854001671076 0.0833081007003784
-17 0 0 0.00465094018727541 0.0837367027997971
-16 0 0 0.00467335013672709 0.0841675996780396
-15 0 0 0.00469578988850117 0.0846009030938148
-14 0 0 0.00471823988482356 0.0850363969802856
-13 0 0 0.00474070012569427 0.0854742005467415
-12 0 0 0.00476317014545202 0.0859142988920212
-11 0 0 0.00478564016520977 0.0863566994667053
-10 0 0 0.00480811996385455 0.0868012979626656
-9 0 0 0.0048305899836123 0.0872481018304825
-8 0 0 0.00485306000337005 0.0876971036195755
-7 0 0 0.00487553002312779 0.0881483033299446
-6 0 0 0.00489798001945019 0.0886015966534615
-5 0 0 0.00492040999233723 0.0890571027994156
-4 0 0 0.00494283018633723 0.0895147025585175
-3 0 0 0.00496522011235356 0.0899742990732193
-2 0 0 0.0049801398999989 0.0902818962931633
1 0 0 0.00499999988824129 0.090693399310112
1 0 0 0.00499999988824129 0.090693399310112
-2 0 0 0.00501983985304832 0.0911064967513084
-3 0 0 0.00503470003604889 0.0914172977209091
-4 0 0 0.00505696004256606 0.0918852016329765
-5 0 0 0.00507918000221252 0.0923549979925156
-6 0 0 0.00510135013610125 0.0928267017006874
-7 0 0 0.00512346997857094 0.0933002978563309
-8 0 0 0.00514553021639585 0.0937756970524788
-9 0 0 0.00516754016280174 0.0942528992891312
-10 0 0 0.00518947979435325 0.0947318002581596
-11 0 0 0.00521135982125998 0.095212496817112
-12 0 0 0.00523316999897361 0.0956948027014732
-13 0 0 0.00525490008294582 0.09617879986763
-14 0 0 0.00527655985206366 0.0966643020510674
-15 0 0 0.00529813021421432 0.0971513986587524
-16 0 0 0.00531962001696229 0.0976400002837181
-17 0 0 0.00534101016819477 0.0981300994753838
-18 0 0 0.00536232022568583 0.09862170368433
-19 0 0 0.00538351992145181 0.0991145968437195
-20 0 0 0.0054046199657023 0.099608801305294
-21 0 0 0.00542561989277601 0.100103996694088
-22 0 0 0.00544650992378592 0.100601002573967
-23 0 0 0.00546727981418371 0.101098999381065
-24 0 0 0.00548793980851769 0.101598002016544
-25 0 0 0.00550846988335252 0.102099001407623
-26 0 0 0.00552889006212354 0.102600000798702
-27 0 0 0.00554917007684708 0.103102996945381
-28 0 0 0.00556932995095849 0.103606000542641
-29 0 0 0.00558935012668371 0.1041110008955
-30 0 0 0.00560923013836145 0.10461600124836
-31 0 0 0.00562896998599172 0.105121999979019
-32 0 0 0.00564857013523579 0.105628997087479
-33 0 0 0.00566801987588406 0.106137000024319
-34 0 0 0.00568732991814613 0.106645002961159
-35 0 0 0.00570647977292538 0.107153996825218
-36 0 0 0.00572546990588307 0.107663996517658
-37 0 0 0.00574431009590626 0.108175002038479
-38 0 0 0.00576297985389829 0.108686000108719
-39 0 0 0.00578148989006877 0.109196998178959
-40 0 0 0.00579984020441771 0.109709002077579
-41 0 0 0.00581802008673549 0.110221996903419
-42 0 0 0.0058360300026834 0.11073499917984
-43 0 0 0.00585386017337441 0.111248001456261
-44 0 0 0.00587151991203427 0.111762002110481
-45 0 0 0.00588901014998555 0.112274996936321
-46 0 0 0.00590632017701864 0.112790003418922
-47 0 0 0.00592344021424651 0.113303996622562
-48 0 0 0.00594038981944323 0.113819003105164
-49 0 0 0.00595714990049601 0.114332996308804
-50 2 4 0.00597371999174356 0.114848002791405
-51 0 0 0.00599010987207294 0.115363001823425
-52 0 0 0.00600631022825837 0.115878000855446
-53 0 0 0.00602232990786433 0.116392999887466
-54 0 0 0.00603814981877804 0.116907998919487
-55 0 0 0.00605378020554781 0.117422997951508
-56 0 0 0.00606922013685107 0.117937996983528
-57 0 0 0.00608447007834911 0.118453003466129
-58 0 0 0.00609951978549361 0.11896800249815
-59 0 0 0.00611437996849418 0.11948200315237
-60 0 0 0.0061290399171412 0.119997002184391
-61 0 0 0.00614350009709597 0.120511002838612
-62 0 0 0.00615776982158422 0.121025003492832
-63 0 0 0.00617185002192855 0.121538996696472
-64 0 0 0.0061857202090323 0.122051998972893
-65 0 0 0.00619939994066954 0.122565999627113
-66 0 0 0.00621287990361452 0.123078003525734
-67 0 0 0.00622616009786725 0.123590998351574
-68 0 0 0.00624572020024061 0.124358996748924
-69 0 0 0.00626482022926211 0.125127002596855
-70 0 0 0.00628348998725414 0.125892996788025
-71 0 0 0.0063017001375556 0.126659005880356
-72 0 0 0.00631948001682758 0.127424001693726
-73 0 0 0.00633681006729603 0.128187000751495
-74 0 0 0.00635368982329965 0.128949999809265
-75 0 0 0.00637013977393508 0.129711002111435
-76 0 0 0.00638615014031529 0.130472004413605
-77 0 0 0.00640172977000475 0.131230995059013
-78 0 0 0.00641686981543899 0.131988003849983
-79 0 0 0.00643158005550504 0.132744997739792
-80 0 0 0.00644586002454162 0.133499994874001
-81 0 0 0.00645971018821001 0.134253993630409
-82 0 0 0.00647313985973597 0.135006994009018
-83 0 0 0.00648616021499038 0.135757997632027
-84 0 0 0.00649874983355403 0.136508002877235
-85 0 0 0.00651093013584614 0.137255996465683
-86 0 0 0.00652270996943116 0.138003006577492
-87 0 0 0.00653406977653503 0.138748005032539
-88 0 0 0.00654503982514143 0.139492005109787
-89 0 0 0.00655560009181499 0.140235006809235
-90 0 0 0.0065657701343298 0.140975996851921
-91 0 0 0.00657554995268583 0.141716003417969
-92 0 0 0.00658494979143143 0.142453998327255
-93 0 0 0.00659395987167954 0.143189996480942
-94 0 0 0.00660260021686554 0.143924996256828
-95 0 0 0.0066108601167798 0.144658997654915
-96 0 0 0.00661874981597066 0.145391002297401
-97 0 0 0.00662628002464771 0.146120995283127
-98 0 0 0.00663344003260136 0.146850004792213
-99 0 0 0.00664024986326694 0.147578001022339
-100 3 4 0.00664670998230577 0.148304000496864
-101 0 0 0.00665574986487627 0.149389997124672
-102 0 0 0.00666402000933886 0.15047299861908
-103 0 0 0.00667155021801591 0.151552006602287
-104 0 0 0.00667834002524614 0.152628004550934
-105 0 0 0.0066844099201262 0.153699994087219
-106 0 0 0.00668977992609143 0.154769003391266
-107 0 0 0.0066944700665772 0.155835002660751
-108 0 0 0.0066984798759222 0.156898006796837
-109 0 0 0.00670184008777142 0.157957002520561
-110 0 0 0.00670456001535058 0.159013003110886
-111 0 0 0.00670666014775634 0.160065993666649
-112 0 0 0.0067081400193274 0.161116003990173
-113 0 0 0.00670904014259577 0.162162005901337
-114 0 0 0.00670936005190015 0.163205996155739
115 4 2 0.00670936005190015 0.163268998265266
116 0 0 0.00670908018946648 0.164309993386269
117 0 0 0.00670763989910483 0.165864005684853
118 0 0 0.00670502986758947 0.167411997914314
119 0 0 0.00670129014179111 0.168953001499176
120 0 0 0.00669647008180618 0.170487999916077
121 0 0 0.00669061997905374 0.172015994787216
122 0 0 0.00668379012495279 0.173538997769356
123 0 0 0.00667602987959981 0.175054997205734
124 0 0 0.00666738022118807 0.176565006375313
125 0 0 0.00665787979960442 0.178068995475769
126 0 0 0.00664757983759046 0.179567992687225
127 0 0 0.00663653016090393 0.181060999631882
128 0 0 0.00662476988509297 0.182548001408577
129 0 0 0.00661233020946383 0.184029996395111
130 0 0 0.00659926980733871 0.185506999492645
131 0 0 0.00658561009913683 0.186978995800018
132 0 0 0.00657139997929335 0.188446000218391
133 0 0 0.00655667996034026 0.189907997846603
134 0 0 0.00654147984459996 0.191365003585815
135 0 0 0.00652584014460444 0.192818000912666
136 0 0 0.00650979997590184 0.194266006350517
137 0 0 0.0064933798275888 0.195710003376007
138 0 0 0.00647662999108434 0.197148993611336
139 0 0 0.00645093014463782 0.19930000603199
140 0 0 0.00642465986311436 0.201442003250122
141 0 0 0.00639790017157793 0.203575000166893
142 0 0 0.00637076003476977 0.205699995160103
143 0 0 0.00634332001209259 0.207816004753113
144 0 0 0.00631568999961019 0.2099249958992
145 0 0 0.00628793984651566 0.212026000022888
146 0 0 0.00626013986766338 0.214120000600815
147 0 0 0.00623239018023014 0.21620699763298
148 0 0 0.00620474992319942 0.218288004398346
149 0 0 0.00617728009819984 0.220361992716789
150 5 4 0.00615007011219859 0.222430005669594
151 0 0 0.00612316001206636 0.224491998553276
152 0 0 0.00609660986810923 0.226548001170158
153 0 0 0.00605760002508759 0.229623004794121
154 0 0 0.00601969985291362 0.232685998082161
155 0 0 0.00598307978361845 0.23573899269104
156 0 0 0.00594787998124957 0.238782003521919
157 0 0 0.00591422989964485 0.241815999150276
158 0 0 0.00588223990052938 0.244840994477272
159 0 0 0.00585201987996697 0.247859001159668
160 0 0 0.00582366995513439 0.250869989395142
161 0 0 0.00579725997522473 0.253874987363815
162 0 0 0.00577287003397942 0.25687301158905
163 0 0 0.0057505602017045 0.259867012500763
164 0 0 0.00573039008304477 0.262854993343353
165 0 0 0.00570423994213343 0.267331004142761
166 0 0 0.00568311987444758 0.271798998117447
167 0 0 0.00566712999716401 0.276261001825333
168 0 0 0.00565632991492748 0.280719012022018
169 0 0 0.00565074989572167 0.285174012184143
170 6 2 0.00564992008730769 0.287692993879318
-171 0 0 0.00565253011882305 0.292147994041443
-172 0 0 0.00566620985046029 0.298833012580872
-173 0 0 0.00569147011265159 0.305525988340378
-174 0 0 0.00572811020538211 0.312231987714767
-175 0 0 0.00577586982399225 0.31895500421524
-176 0 0 0.00583445001393557 0.325699001550674
-177 0 0 0.00590350013226271 0.332469999790192
-178 0 0 0.00598269002512097 0.339269995689392
-179 0 0 0.00607162015512586 0.346105009317398
-180 0 0 0.00616991985589266 0.352977991104126
-181 0 0 0.00627719983458519 0.359892994165421
-182 0 0 0.00639306008815765 0.36685499548912
-183 0 0 0.00651710014790297 0.373867988586426
-184 0 0 0.00664894003421068 0.38093501329422
-185 0 0 0.00678818020969629 0.388062000274658
-186 0 0 0.0069344500079751 0.395251005887985
-187 0 0 0.0070873498916626 0.402507990598679
-188 0 0 0.00724651990458369 0.409835994243622
-189 0 0 0.00741158984601498 0.417239993810654
-190 0 0 0.00758218998089433 0.424724996089935
-191 0 0 0.00775797013193369 0.432294011116028
-192 0 0 0.00793856009840965 0.439952999353409
-193 0 0 0.00812362972646952 0.447706997394562
-194 0 0 0.00831279996782541 0.455559998750687
-195 0 0 0.00850575044751167 0.463517010211945
-196 0 0 0.00870210956782103 0.471583992242813
-197 0 0 0.00890152994543314 0.479764997959137
-198 0 0 0.00910366978496313 0.488068014383316
-199 0 0 0.0093081695958972 0.496495991945267
-200 7 4 0.00951465032994747 0.505056977272034
-201 0 0 0.00972275994718075 0.513756990432739
-202 0 0 0.00993212033063173 0.522601008415222
-203 0 0 0.0101423002779484 0.531597018241882
-204 0 0 0.0103529999032617 0.540750980377197
-205 0 0 0.0105637004598975 0.550071001052856
-206 0 0 0.0107739996165037 0.559563994407654
-207 0 0 0.0109834996983409 0.569238007068634
-208 0 0 0.0111916996538639 0.579101026058197
-209 0 0 0.0113981002941728 0.589161992073059
-210 0 0 0.0116023002192378 0.599427998065948
-211 0 0 0.0118036000058055 0.609910011291504
-212 0 0 0.0120016001164913 0.620616972446442
-213 0 0 0.0121956001967192 0.631556987762451
-214 0 0 0.0123851001262665 0.642742991447449
-215 0 0 0.0125695001333952 0.654182970523834
-216 0 0 0.0127480002120137 0.665889978408813
-217 0 0 0.0129201002418995 0.677873015403748
-218 0 0 0.0130850002169609 0.690145015716553
-219 0 0 0.0132419001311064 0.702717006206512
-220 0 0 0.0133902002125978 0.715602993965149
-221 0 0 0.0135289998725057 0.728812992572784
-222 0 0 0.0136577002704144 0.74235999584198
-223 0 0 0.0137753998860717 0.756259024143219
-224 0 0 0.0138812996447086 0.770519971847534
-225 0 0 0.0139745995402336 0.785157978534698
-226 0 0 0.0140546998009086 0.800184011459351
-227 0 0 0.0141209000721574 0.815612018108368
-228 0 0 0.0141722997650504 0.83145397901535
-229 0 0 0.0142085002735257 0.847721993923187
-230 0 0 0.0142289996147156 0.864426970481873
231 8 2 0.0142337996512651 0.877466976642609
232 0 0 0.0142254997044802 0.894967973232269
233 0 0 0.0142007004469633 0.912934005260468
234 0 0 0.0141591997817159 0.931371986865997
235 0 0 0.0141014000400901 0.950289011001587
236 0 0 0.0140273999422789 0.969690024852753
237 0 0 0.0139378998428583 0.989579021930695
238 0 0 0.0138336000964046 1.00996005535126
239 0 0 0.0137157002463937 1.03083002567291
240 0 0 0.0135853998363018 1.05218005180359
241 0 0 0.0134440995752811 1.07403004169464
242 0 0 0.0132935997098684 1.0963499546051
243 0 0 0.0131358997896314 1.11915004253387
244 0 0 0.0129730002954602 1.14241003990173
245 0 0 0.0128071997314692 1.16612994670868
246 0 0 0.0126409996300936 1.19029998779297
247 0 0 0.0124768000096083 1.21490001678467
248 0 0 0.0123170996084809 1.23993003368378
249 0 0 0.0121646001935005 1.26535999774933
250 9 4 0.0120216999202967 1.29120004177094
251 0 0 0.0118909999728203 1.31742000579834
252 0 0 0.0117749003693461 1.34402000904083
253 0 0 0.0116755999624729 1.37097001075745
254 0 0 0.011595300398767 1.39827001094818
255 0 0 0.0115360002964735 1.42590999603271
256 0 0 0.0114994999021292 1.45387005805969
-257 10 2 0.0114874998107553 1.48137998580933
-258 0 0 0.0115007003769279 1.50996005535126
-259 0 0 0.011540999636054 1.53882002830505
-260 0 0 0.0116095999255776 1.56797003746033
-261 0 0 0.0117073003202677 1.59739995002747
-262 0 0 0.0118349995464087 1.62709999084473
-263 0 0 0.0119930999353528 1.6570600271225
-264 0 0 0.0121820997446775 1.68727004528046
-265 0 0 0.0124024003744125 1.7177300453186
-266 0 0 0.0126539003103971 1.74843001365662
-267 0 0 0.0129367997869849 1.77936005592346
-268 0 0 0.0132509004324675 1.81052005290985
-269 0 0 0.0135960998013616 1.84191000461578
-270 0 0 0.0139720998704433 1.87352001667023
-271 0 0 0.0143785998225212 1.90533995628357
-272 0 0 0.0148149998858571 1.9373699426651
-273 0 0 0.0152808995917439 1.96960997581482
-274 0 0 0.0157757997512817 2.00204992294312
-275 0 0 0.0162991993129253 2.03467988967896
-276 0 0 0.0168503001332283 2.06750011444092
-277 0 0 0.0174285005778074 2.10050988197327
-278 0 0 0.0180331002920866 2.13370990753174
-279 0 0 0.0186636000871658 2.16707992553711
-280 0 0 0.019319100305438 2.2006299495697
-281 0 0 0.0199989005923271 2.23433995246887
-282 0 0 0.0207023993134499 2.26822996139526
-283 0 0 0.0214287005364895 2.30226993560791
-284 0 0 0.0221772007644176 2.33646988868713
-285 0 0 0.0229471996426582 2.37083005905151
-286 0 0 0.0237377993762493 2.40532994270325
-287 0 0 0.0245485994964838 2.43998003005981
-288 0 0 0.0253785997629166 2.47477006912231
-289 0 0 0.0262272991240025 2.50970005989075
-290 0 0 0.0270939990878105 2.54475998878479
-291 0 0 0.0279779005795717 2.57995009422302
-292 0 0 0.0288785994052887 2.61525988578796
-293 0 0 0.0297951996326447 2.65070009231567
-294 0 0 0.0307273007929325 2.68624997138977
-295 0 0 0.0316741988062859 2.72190999984741
-296 0 0 0.032635398209095 2.75767993927002
-297 0 0 0.0336101986467838 2.79356002807617
-298 0 0 0.0345981009304523 2.82953000068665
-299 0 0 0.035598699003458 2.86560988426208
-300 11 4 0.0366112999618053 2.90177989006042
-301 0 0 0.0376355014741421 2.93804001808167
-302 0 0 0.038670901209116 2.97439002990723
-303 0 0 0.039716899394989 3.01081991195679
-304 0 0 0.0407730005681515 3.04732990264893
-305 0 0 0.0418389998376369 3.08393001556396
-306 0 0 0.0429143011569977 3.12058997154236
-307 0 0 0.0439985990524292 3.15733003616333
-308 0 0 0.0450914986431599 3.19413995742798
-309 0 0 0.0461926013231277 3.23100996017456
-310 0 0 0.0473016016185284 3.2679500579834
-311 0 0 0.0484181009232998 3.30493998527527
-312 0 0 0.0495418012142181 3.34200000762939
-313 12 9 0.0506723001599312 3.37911009788513
