-386 19 9 -0.0500068999826908 -0.39088499546051
-385 0 0 -0.0491863004863262 -0.384557992219925
-384 0 0 -0.0483669005334377 -0.378275007009506
-383 0 0 -0.0475482009351254 -0.372034013271332
-382 0 0 -0.0467294007539749 -0.365833014249802
-381 0 0 -0.0459100008010864 -0.359667986631393
-380 0 0 -0.0450892001390457 -0.353536993265152
-379 0 0 -0.0442663989961147 -0.347436994314194
-378 0 0 -0.0434408001601696 -0.34136500954628
-377 0 0 -0.04261190071702 -0.335319012403488
-376 0 0 -0.0417788997292519 -0.329295992851257
-375 0 0 -0.0409412011504173 -0.323293000459671
-374 0 0 -0.04009810090065 -0.317308008670807
-373 0 0 -0.0392488017678261 -0.311336010694504
-372 0 0 -0.0383928008377552 -0.305375993251801
-371 0 0 -0.0375294014811516 -0.29942399263382
-370 0 0 -0.0369492992758751 -0.295459002256393
-369 0 0 -0.0363655015826225 -0.291496008634567
-368 0 0 -0.0357777997851372 -0.28753200173378
-367 0 0 -0.0351858995854855 -0.283567994832993
-366 0 0 -0.0345898009836674 -0.279601991176605
-365 0 0 -0.0339892990887165 -0.275633007287979
-364 0 0 -0.0333842001855373 -0.271660000085831
-363 0 0 -0.0327743999660015 -0.267681986093521
-362 0 0 -0.0321598015725613 -0.263698011636734
-361 0 0 -0.0315403006970882 -0.259705990552902
-360 0 0 -0.0309156998991966 -0.255704998970032
-359 0 0 -0.0302860997617245 -0.251693993806839
-358 0 0 -0.0296513997018337 -0.247670993208885
-357 0 0 -0.0292252991348505 -0.244982004165649
-356 0 0 -0.0287970006465912 -0.242286995053291
-355 0 0 -0.0283663999289274 -0.239584997296333
-354 0 0 -0.0279334001243114 -0.236874997615814
-353 0 0 -0.0274982005357742 -0.234157994389534
-352 0 0 -0.0270607993006706 -0.231433004140854
-351 0 0 -0.0266210995614529 -0.228698998689651
-350 18 4 -0.0261792000383139 -0.225955992937088
-349 0 0 -0.0257351007312536 -0.223203003406525
-348 0 0 -0.025288900360465 -0.220439001917839
-347 0 0 -0.0248406995087862 -0.217664003372192
-346 0 0 -0.0243903994560242 -0.214877992868423
-345 0 0 -0.0240890998393297 -0.213012993335724
-344 0 0 -0.0237869992852211 -0.211143001914024
-343 0 0 -0.0234840996563435 -0.209267005324364
-342 0 0 -0.0231803990900517 -0.207385003566742
-341 0 0 -0.0228758994489908 -0.205495998263359
-340 0 0 -0.0225706994533539 -0.203601002693176
-339 0 0 -0.0222647991031408 -0.201700001955032
-338 0 0 -0.0219582002609968 -0.199790999293327
-337 0 0 -0.0216508992016315 -0.197874993085861
-336 0 0 -0.0213431008160114 -0.195950999855995
-335 0 0 -0.0210347007960081 -0.194020003080368
-334 0 0 -0.0207256991416216 -0.19208100438118
-333 0 0 -0.0204163007438183 -0.19013300538063
-332 0 0 -0.0201063994318247 -0.18817700445652
-331 0 0 -0.0197962000966072 -0.186212003231049
-330 0 0 -0.0194856002926826 -0.184238001704216
-329 0 0 -0.0191747006028891 -0.182254999876022
-328 0 0 -0.0188634991645813 -0.180261999368668
-327 0 0 -0.0185522008687258 -0.178259000182152
-326 0 0 -0.018240699544549 -0.176246002316475
-325 0 0 -0.0179290995001793 -0.174222007393837
-324 0 0 -0.0176174994558096 -0.172187000513077
-323 0 0 -0.017305999994278 -0.170141994953156
-322 0 0 -0.0169945992529392 -0.168083995580673
-321 0 0 -0.0166833996772766 -0.16601599752903
-320 0 0 -0.016372399404645 -0.163935005664825
-319 0 0 -0.0160617008805275 -0.161841005086899
-318 0 0 -0.0157514996826649 -0.15973499417305
-317 0 0 -0.0154416998848319 -0.157616004347801
-316 0 0 -0.0151326004415751 -0.15548400580883
-315 0 0 -0.0148240001872182 -0.153338998556137
-314 0 0 -0.0145162995904684 -0.151179999113083
-313 0 0 -0.0142093002796173 -0.149006992578506
-312 0 0 -0.0139033999294043 -0.14682100713253
-311 0 0 -0.0135984998196363 -0.144620999693871
-310 0 0 -0.0132948001846671 -0.14240600168705
-309 0 0 -0.0129923997446895 -0.140177994966507
-308 0 0 -0.0126914996653795 -0.137936994433403
-307 0 0 -0.0123920999467373 -0.135682001709938
-306 0 0 -0.0120944995433092 -0.133414000272751
-305 0 0 -0.0117988996207714 -0.131134003400803
-304 0 0 -0.0115053001791239 -0.128842994570732
-303 0 0 -0.0112140001729131 -0.126541003584862
-302 0 0 -0.0109253004193306 -0.12423100322485
-301 0 0 -0.0106392996385694 -0.121912002563477
-300 17 4 -0.0103564001619816 -0.119586996734142
-299 0 0 -0.0100766997784376 -0.117259003221989
-298 0 0 -0.00980061013251543 -0.114928998053074
-297 0 0 -0.00952839013189077 -0.11260099709034
-296 0 0 -0.00926036015152931 -0.110275998711586
-295 0 0 -0.00899686012417078 -0.107960000634193
-294 0 0 -0.00873822998255491 -0.105654999613762
-293 0 0 -0.00848477985709906 -0.103364996612072
-292 0 0 -0.00823685992509127 -0.101094000041485
-291 0 0 -0.00799474958330393 -0.0988468006253242
-290 0 0 -0.00775873987004161 -0.096626803278923
-289 0 0 -0.00752907991409302 -0.0944380983710289
-288 0 0 -0.00730596017092466 -0.0922843962907791
-287 0 0 -0.00708953989669681 -0.0901689007878304
-286 0 0 -0.00687992013990879 -0.0880948007106781
-285 0 0 -0.00667716003954411 -0.0860643982887268
-284 0 0 -0.00648124981671572 -0.084079697728157
-283 0 0 -0.0062921498902142 -0.0821421965956688
-282 0 0 -0.00610974989831448 -0.0802529007196426
-281 0 0 -0.00593393016606569 -0.078412301838398
-280 0 0 -0.00576451001688838 -0.0766203999519348
-279 0 0 -0.00560131017118692 -0.0748770013451576
-278 0 0 -0.00544410990551114 -0.0731813013553619
-277 0 0 -0.00529268011450768 -0.0715325996279716
-276 0 0 -0.00514676980674267 -0.0699295029044151
-275 0 0 -0.00500616012141109 -0.0683709010481834
-274 0 0 -0.00487060006707907 -0.0668551996350288
-273 0 0 -0.00473984004929662 -0.065380796790123
-272 0 0 -0.00461365003138781 -0.0639462992548943
-271 0 0 -0.0044917999766767 -0.062550000846386
-270 0 0 -0.00437405984848738 -0.0611900985240936
-269 0 0 -0.00426022009924054 -0.0598650984466076
-268 0 0 -0.0041500898078084 -0.0585733987390995
-267 0 0 -0.00404345011338592 -0.0573134012520313
-266 0 0 -0.00394013989716768 -0.0560835003852844
-265 0 0 -0.00383996008895338 -0.0548821985721588
-264 0 0 -0.00374277005903423 -0.0537079982459545
-263 0 0 -0.00364839006215334 -0.0525596998631954
-262 0 0 -0.00355667993426323 -0.0514357015490532
-261 0 0 -0.00346749997697771 -0.0503349006175995
-260 0 0 -0.00338072003796697 -0.0492560006678104
-259 0 0 -0.00329619995318353 -0.0481977015733719
-258 0 0 -0.00321385008282959 -0.0471589006483555
-257 0 0 -0.00313353003002703 -0.0461384989321232
-256 0 0 -0.00305514992214739 -0.0451355017721653
-255 0 0 -0.00297860009595752 -0.0441486984491348
-254 0 0 -0.0029037999920547 -0.0431771986186504
-253 0 0 -0.00283063994720578 -0.0422198995947838
-252 0 0 -0.00275904010049999 -0.0412761010229588
-251 0 0 -0.00268891989253461 -0.040344700217247
-250 16 4 -0.00262019992806017 -0.0394248999655247
-249 0 0 -0.00255280989222229 -0.0385156981647015
-248 0 0 -0.00248666992411017 -0.0376163013279438
-247 0 0 -0.0024217099417001 -0.0367259010672569
-246 0 0 -0.00235787010751665 -0.0358435995876789
-245 0 0 -0.00229507009498775 -0.0349684990942478
-244 0 0 -0.00223326007835567 -0.0340998992323875
-243 0 0 -0.00217235996387899 -0.0332368016242981
-242 0 0 -0.00211232993751764 -0.032378401607275
-241 0 0 -0.00205308990553021 -0.0315238013863564
-240 0 0 -0.00199458003044128 -0.0306720994412899
-239 0 0 -0.00193674000911415 -0.0298223998397589
-238 0 0 -0.00187952001579106 -0.028973700478673
-237 0 0 -0.00182282994501293 -0.028124799951911
-236 0 0 -0.00176662998273969 -0.0272748004645109
-235 0 0 -0.00171083002351224 -0.0264224000275135
-234 0 0 -0.00165535998530686 -0.0255663990974426
-233 0 0 -0.00160015001893044 -0.0247053001075983
-232 0 0 -0.00154511001892388 -0.023837499320507
-231 0 0 -0.00149014999624342 -0.0229614991694689
-230 0 0 -0.00143516005482525 -0.0220750998705626
-229 0 0 -0.0013800299493596 -0.0211760997772217
-228 0 0 -0.00132462999317795 -0.0202619004994631
-227 0 0 -0.00126879999879748 -0.0193293001502752
-226 0 0 -0.00121235998813063 -0.0183748006820679
-225 0 0 -0.00117427995428443 -0.0177238993346691
-224 0 0 -0.00113575998693705 -0.0170595999807119
-223 0 0 -0.00109668995719403 -0.0163800995796919
-222 0 0 -0.00105696998070925 -0.0156829003244638
-221 0 0 -0.00101647002156824 -0.0149654000997543
-220 0 0 -0.000988960964605212 -0.0144742000848055
-219 0 0 -0.000960974022746086 -0.0139714004471898
-218 0 0 -0.000932445982471108 -0.013455499894917
-217 0 0 -0.000903297972399741 -0.0129249002784491
-216 0 0 -0.00087343598715961 -0.0123776998370886
-215 0 0 -0.000853075995109975 -0.0120026003569365
-214 0 0 -0.000832309015095234 -0.0116181997582316
-213 0 0 -0.000811088015325367 -0.0112236002460122
-212 0 0 -0.000789358979091048 -0.0108176004141569
-211 0 0 -0.000767057004850358 -0.0103991003707051
-210 0 0 -0.000744106015190482 -0.00996623001992702
-209 0 0 -0.000728400016669184 -0.00966882985085249
-208 0 0 -0.000712330976966769 -0.00936358980834484
-207 0 0 -0.000695861992426217 -0.00904973037540913
-206 0 0 -0.000678948999848217 -0.00872632954269648
-205 0 0 -0.000661538972053677 -0.00839232001453638
-204 0 0 -0.000643569976091385 -0.00804642029106617
-203 0 0 -0.00063124398002401 -0.00780847016721964
-202 0 0 -0.000618609017692506 -0.00756399985402822
-201 0 0 -0.000605635985266417 -0.00731241004541516
-200 15 4 -0.00059228902682662 -0.00705295009538531
-199 0 0 -0.000578525010496378 -0.00678477017208934
-198 0 0 -0.000564295973163098 -0.00650685979053378
-197 0 0 -0.000554521975573152 -0.00631558010354638
-196 0 0 -0.000544493028428406 -0.00611899979412556
-195 0 0 -0.000534186023287475 -0.00591662991791964
-194 0 0 -0.000523571972735226 -0.00570790003985167
-193 0 0 -0.000512618978973478 -0.00549214985221624
-192 0 0 -0.000501288974191993 -0.00526857003569603
-191 0 0 -0.000493502011522651 -0.00511472020298243
-190 0 0 -0.000485511001897976 -0.00495663983747363
-189 0 0 -0.000477297988254577 -0.00479398015886545
-188 0 0 -0.000468840007670224 -0.00462628994137049
-187 0 0 -0.000460114009911194 -0.00445306999608874
-186 0 0 -0.000451089988928288 -0.00427372986450791
-185 0 0 -0.000444892997620627 -0.00415043998509645
-184 0 0 -0.000438535993453115 -0.00402388023212552
-183 0 0 -0.000432006985647604 -0.00389379006810486
-182 0 0 -0.000425290985731408 -0.00375986006110907
-181 0 0 -0.000418370007537305 -0.00362174003385007
-180 0 0 -0.000411223998526111 -0.00347899994812906
-179 0 0 -0.000403829995775595 -0.00333118997514248
-178 0 0 -0.000398748990846798 -0.00322955008596182
-177 0 0 -0.000393536000046879 -0.0031252100598067
-176 0 0 -0.000388181011658162 -0.00301796989515424
-175 0 0 -0.000382672005798668 -0.00290755997411907
-174 0 0 -0.000376993993995711 -0.00279373000375926
-173 0 0 -0.000371133006410673 -0.00267615006305277
-172 0 0 -0.000365070998668671 -0.00255444995127618
-171 0 0 -0.000360907986760139 -0.00247084000147879
-170 0 0 -0.000356639007804915 -0.00238507008180022
-169 0 0 -0.000352256989572197 -0.00229699001647532
-168 0 0 -0.000347752997186035 -0.00220643007196486
-167 0 0 -0.000343118997989222 -0.0021131900139153
-166 0 0 -0.000338342011673376 -0.00201707007363439
-165 0 0 -0.000333411997416988 -0.00191780994646251
-164 0 0 -0.00032831501448527 -0.00181516003794968
-163 0 0 -0.000323037005728111 -0.0017088099848479
-162 0 0 -0.00031756199314259 -0.00159842998255044
-161 0 0 -0.00031187100103125 -0.00148365995846689
-160 0 0 -0.000305944995488971 -0.00136410002596676
-159 0 0 -0.000299762992653996 -0.00123932003043592
-158 0 0 -0.000293304998194799 -0.00110891996882856
-157 0 0 -0.000286552007310092 -0.000972473004367203
-156 0 0 -0.000279486994259059 -0.000829680997412652
-155 0 0 -0.000272103992756456 -0.000680401979479939
-154 0 0 -0.00025642299442552 -0.000363113009370863
-153 0 0 -0.000140571995871142 0.00198658998124301
-152 0 0 -2.90362004307099E-05 0.00424923002719879
-151 0 0 0.00010613699851092 0.00697543984279037
-150 14 4 0.000206183001864702 0.00897234957665205
-149 0 0 0.000290933006908745 0.0106455003842711
-148 0 0 0.000366850988939404 0.0121277002617717
-147 0 0 0.000436995993368328 0.0134822996333241
-146 0 0 0.000503095972817391 0.0147452000528574
-145 0 0 0.000566241971682757 0.0159389991313219
-144 0 0 0.000627173983957618 0.0170792005956173
-143 0 0 0.000686421990394592 0.0181770008057356
-142 0 0 0.000744380988180637 0.0192405991256237
-141 0 0 0.000801358022727072 0.0202766004949808
-140 0 0 0.000857596984133124 0.0212900992482901
-139 0 0 0.000913297000806779 0.0222852993756533
-138 0 0 0.000968622975051403 0.0232656002044678
-137 0 0 0.00102372001856565 0.0242340993136168
-136 0 0 0.00107869994826615 0.0251934006810188
-135 0 0 0.00113367999438196 0.0261454991996288
-134 0 0 0.00118874001782387 0.0270927008241415
-133 0 0 0.00124398001935333 0.0280365999788046
-132 0 0 0.00129947997629642 0.0289788991212845
-131 0 0 0.0013553099706769 0.0299210995435715
-130 0 0 0.00141151994466782 0.0308647006750107
-129 0 0 0.00146820000372827 0.031810998916626
-128 0 0 0.00150627002585679 0.0324440002441406
-127 0 0 0.00154458999168128 0.0330790989100933
-126 0 0 0.0015831800410524 0.0337166003882885
-125 0 0 0.0016220499528572 0.034357100725174
-124 0 0 0.00166121998336166 0.0350007005035877
-123 0 0 0.00170070002786815 0.0356478989124298
-122 0 0 0.00174052000511438 0.0362989008426666
-121 0 0 0.00178069004323334 0.0369542017579079
-120 0 0 0.00182122003752738 0.0376139990985394
-119 0 0 0.00186214002314955 0.0382787995040417
-118 0 0 0.00190345000009984 0.0389488004148006
-117 0 0 0.0019451699918136 0.0396244004368782
-116 0 0 0.00198732991702855 0.0403059981763363
-115 0 0 0.00202993000857532 0.0409938991069794
-114 0 0 0.00207298994064331 0.0416885018348694
-113 0 0 0.00211652996949852 0.0423901006579399
-112 0 0 0.00216056988574564 0.0430991984903812
-111 0 0 0.00220511993393302 0.0438161008059978
-110 0 0 0.00223511992953718 0.0442984998226166
-109 0 0 0.00226534996181726 0.0447847992181778
-108 0 0 0.00229583005420864 0.0452748984098434
-107 0 0 0.00232656998559833 0.0457689985632896
-106 0 0 0.00235754996538162 0.0462672002613544
-105 0 0 0.00238880002871156 0.0467697009444237
-104 0 0 0.00242031994275749 0.0472766011953354
-103 0 0 0.00245209992863238 0.0477880984544754
-102 0 0 0.00248417002148926 0.0483042001724243
-101 0 0 0.00251650996506214 0.0488249994814396
-100 13 4 0.00254915002733469 0.0493508018553257
-99 0 0 0.00258206995204091 0.0498817004263401
-98 0 0 0.00261530000716448 0.0504177995026112
-97 0 0 0.00264882994815707 0.050959300249815
-96 0 0 0.00268266000784934 0.0515061989426613
-95 0 0 0.00271680997684598 0.0520589016377926
-94 0 0 0.00275129009969532 0.0526174008846283
-93 0 0 0.00278607988730073 0.0531818009912968
-92 0 0 0.00282121007330716 0.0537525005638599
-91 0 0 0.002856669947505 0.0543293990194798
-90 0 0 0.00289246998727322 0.0549128018319607
-89 0 0 0.00292861997149885 0.0555028989911079
-88 0 0 0.00296510988846421 0.0560997985303402
-87 0 0 0.00298963999375701 0.0565016008913517
-86 0 0 0.003014330053702 0.0569065995514393
-85 0 0 0.00303918006829917 0.0573147982358932
-84 0 0 0.00306419003754854 0.0577263012528419
-83 0 0 0.00308936997316778 0.0581411011517048
-82 0 0 0.00311470008455217 0.0585592985153198
-81 0 0 0.00314020994119346 0.0589810013771057
-80 0 0 0.00316587998531759 0.0594061985611916
-79 0 0 0.00319171999581158 0.0598349012434483
-78 0 0 0.00321772997267544 0.060267198830843
-77 0 0 0.00324390991590917 0.0607032999396324
-76 0 0 0.00327026005834341 0.0611429996788502
-75 0 0 0.00329677993431687 0.0615865997970104
-74 0 0 0.00332347000949085 0.0620339997112751
-73 0 0 0.00335034006275237 0.0624853000044823
-72 0 0 0.00337739009410143 0.0629405975341797
-71 0 0 0.00340460008010268 0.0633999034762383
-70 0 0 0.00343200005590916 0.0638633966445923
-69 0 0 0.0034595699980855 0.0643308982253075
-68 0 0 0.00348730990663171 0.0648026987910271
-67 0 0 0.00351523002609611 0.0652787983417511
-66 0 0 0.0035433298908174 0.0657591968774796
-65 0 0 0.00357159995473921 0.0662439987063408
-64 0 0 0.00360003998503089 0.0667331963777542
-63 0 0 0.00362865999341011 0.0672269985079765
-62 0 0 0.00365745997987688 0.0677253007888794
-61 0 0 0.00368642993271351 0.0682282000780106
-60 0 0 0.00371557008475065 0.0687358975410461
-59 0 0 0.00374487997032702 0.0692482963204384
-58 0 0 0.00377437006682158 0.0697653964161873
-57 0 0 0.00380401988513768 0.070287398993969
-56 0 0 0.00383383990265429 0.0708142966032028
-55 0 0 0.00386382010765374 0.0713462010025978
-54 0 0 0.00388389988802373 0.0717035979032516
-53 0 0 0.00390404998324811 0.0720631033182144
-52 0 0 0.00392427016049623 0.0724250003695488
-51 0 0 0.00394455017521977 0.0727891027927399
-50 12 4 0.00396490981802344 0.073155403137207
-49 0 0 0.0039853397756815 0.0735241025686264
-48 0 0 0.00400582980364561 0.0738949999213219
-47 0 0 0.00402639014646411 0.0742682963609695
-46 0 0 0.00404701009392738 0.0746439024806023
-45 0 0 0.00406769989058375 0.0750218033790588
-44 0 0 0.00408845022320747 0.0754019990563393
-43 0 0 0.00410924991592765 0.0757846012711525
-42 0 0 0.00413011992350221 0.0761696025729179
-41 0 0 0.00415105000138283 0.0765568986535072
-40 0 0 0.00417202990502119 0.076946496963501
-39 0 0 0.00419306010007858 0.0773385986685753
-38 0 0 0.00421414989978075 0.077733002603054
-37 0 0 0.00423528999090195 0.0781299024820328
-36 0 0 0.00425647990778089 0.0785290971398354
-35 0 0 0.00427772011607885 0.0789306983351707
-34 0 0 0.00429899990558624 0.0793346986174583
-33 0 0 0.00432032998651266 0.0797410979866982
-32 0 0 0.00434170011430979 0.0801497995853424
-31 0 0 0.0043631000444293 0.0805609971284866
-30 0 0 0.00438454002141953 0.0809746012091637
-29 0 0 0.00440602004528046 0.0813905000686646
-28 0 0 0.00442752987146378 0.0818087980151176
-27 0 0 0.00444906996563077 0.0822295024991035
-26 0 0 0.00447063008323312 0.0826525986194611
-25 0 0 0.00449222000315785 0.083077996969223
-24 0 0 0.00451382994651794 0.0835058018565178
-23 0 0 0.00453545991331339 0.0839359015226364
-22 0 0 0.00455710012465715 0.0843684002757072
-21 0 0 0.00457875989377499 0.0848030969500542
-20 0 0 0.00460042990744114 0.0852402001619339
-19 0 0 0.00462209992110729 0.0856795981526375
-18 0 0 0.00464378017932177 0.0861212015151978
-17 0 0 0.00466545019298792 0.0865650996565819
-16 0 0 0.00468712998554111 0.0870112031698227
-15 0 0 0.00470879022032022 0.0874596014618874
-14 0 0 0.00473044998943806 0.0879101008176804
-13 0 0 0.00475209020078182 0.0883629024028778
-12 0 0 0.00477372016757727 0.088817797601223
-11 0 0 0.00479531986638904 0.0892748013138771
-10 0 0 0.00481690000742674 0.089733898639679
-9 0 0 0.00483846012502909 0.0901950001716614
-8 0 0 0.00485998019576073 0.0906582996249199
-7 0 0 0.00488146021962166 0.0911234989762306
-6 0 0 0.00490290997549891 0.0915907025337219
-5 0 0 0.00492430990561843 0.0920599028468132
-4 0 0 0.00494566978886724 0.0925310030579567
-3 0 0 0.00496697006747127 0.0930040031671524
-2 0 0 0.00498114014044404 0.0933203995227814
1 0 0 0.00499999988824129 0.0937435030937195
1 0 0 0.00499999988824129 0.0937435030937195
-2 0 0 0.0050188098102808 0.0941679999232292
-3 0 0 0.00503288023173809 0.094487302005291
-4 0 0 0.00505394022911787 0.0949676036834717
-5 0 0 0.00507492013275623 0.0954497009515762
-6 0 0 0.0050958301872015 0.0959334969520569
-7 0 0 0.00511664990335703 0.0964189022779465
-8 0 0 0.00513739977031946 0.0969057977199554
-9 0 0 0.00515806023031473 0.0973943024873734
-10 0 0 0.00517862988635898 0.0978842973709106
-11 0 0 0.00519909989088774 0.0983757972717285
-12 0 0 0.00521946977823973 0.0988686978816986
-13 0 0 0.00523974979296327 0.0993629023432732
-14 0 0 0.00525991013273597 0.0998585000634193
-15 0 0 0.00527996988967061 0.100354999303818
-16 0 0 0.00529990997165442 0.100853003561497
-17 0 0 0.00531974015757442 0.101352997124195
-18 0 0 0.00533945020288229 0.101852998137474
-19 0 0 0.00535902986302972 0.102355003356934
-20 0 0 0.00537848006933928 0.102857001125813
-21 0 0 0.00539781013503671 0.103361003100872
-22 0 0 0.00541700003668666 0.103866003453732
-23 0 0 0.00543604977428913 0.10437099635601
-24 0 0 0.00545495981350541 0.104878000915051
-25 0 0 0.0054737301543355 0.10538499802351
-26 0 0 0.00549235008656979 0.10589300096035
-27 0 0 0.00551082007586956 0.10640200227499
-28 0 0 0.00552914012223482 0.10691200196743
-29 0 0 0.00554731022566557 0.10742200165987
-30 0 0 0.00556530989706516 0.10793299973011
-31 0 0 0.00558316009119153 0.10844399780035
-32 0 0 0.00560083985328674 0.108956001698971
-33 0 0 0.00561835989356041 0.109468996524811
-34 0 0 0.00563570996746421 0.109981998801231
-35 0 0 0.00565289007499814 0.110495001077652
-36 0 0 0.00566988997161388 0.111009001731873
-37 0 0 0.00568673014640808 0.111523002386093
-38 0 0 0.00570337986573577 0.112038001418114
-39 0 0 0.00571986008435488 0.112552002072334
-40 0 0 0.0057361600920558 0.113067001104355
-41 0 0 0.00575227988883853 0.113582998514175
-42 0 0 0.00576821994036436 0.114097997546196
-43 0 0 0.00578397000208497 0.114612996578217
-44 0 0 0.00579953007400036 0.115129001438618
-45 0 0 0.00581490993499756 0.115644998848438
-46 0 0 0.00583009980618954 0.116159997880459
-47 0 0 0.00584510015323758 0.11667600274086
-48 0 0 0.00585991004481912 0.117192000150681
-49 0 0 0.0058745201677084 0.117707997560501
-50 2 4 0.00588895007967949 0.118222996592522
-51 0 0 0.00590318022295833 0.118739001452923
-52 0 0 0.00591721991077065 0.119254000484943
-53 0 0 0.00593105982989073 0.119768999516964
-54 0 0 0.00594469998031855 0.120283998548985
-55 0 0 0.00595815014094114 0.120798997581005
-56 0 0 0.00597140984609723 0.121313996613026
-57 0 0 0.00598446978256106 0.121827997267246
-58 0 0 0.00599732995033264 0.122341997921467
-59 0 0 0.00600998988375068 0.122855998575687
-60 0 0 0.00602245982736349 0.123369000852108
-61 0 0 0.00603473000228405 0.123882003128529
-62 0 0 0.00605275994166732 0.124651998281479
-63 0 0 0.00607034983113408 0.12542000412941
-64 0 0 0.0060874898917973 0.12618699669838
-65 0 0 0.00610418990254402 0.12695300579071
-66 0 0 0.00612046010792255 0.12771899998188
-67 0 0 0.00613628001883626 0.12848299741745
-68 0 0 0.00615165987983346 0.12924599647522
-69 0 0 0.00616660015657544 0.13000799715519
-70 0 0 0.00618111016228795 0.130768999457359
-71 0 0 0.00619518011808395 0.131528005003929
-72 0 0 0.00620883004739881 0.132285997271538
-73 0 0 0.00622205017134547 0.133043006062508
-74 0 0 0.00623484002426267 0.133799001574516
-75 0 0 0.00624720985069871 0.134553000330925
-76 0 0 0.00625916011631489 0.135306000709534
-77 0 0 0.00627068988978863 0.136058002710342
-78 0 0 0.00628180988132954 0.13680799305439
-79 0 0 0.00629252986982465 0.137556999921799
-80 0 0 0.00630282983183861 0.138303995132446
-81 0 0 0.00631274003535509 0.139050006866455
-82 0 0 0.00632223999127746 0.139794006943703
-83 0 0 0.00633135996758938 0.140536993741989
-84 0 0 0.0063400799408555 0.141277998685837
-85 0 0 0.00634841015562415 0.142018005251884
-86 0 0 0.00635637016966939 0.142756000161171
-87 0 0 0.00636395020410419 0.143492996692657
-88 0 0 0.00637114979326725 0.144227996468544
-89 0 0 0.00637798989191651 0.144961997866631
-90 0 0 0.00638445978984237 0.145694002509117
-91 0 0 0.00639057019725442 0.146424993872643
-92 0 0 0.0063963201828301 0.147154003381729
-93 0 0 0.00640171999111772 0.147881999611855
-94 0 0 0.00640917988494039 0.148969992995262
-95 0 0 0.00641587004065514 0.150056004524231
-96 0 0 0.00642181001603603 0.151136994361877
-97 0 0 0.00642701983451843 0.152216002345085
-98 0 0 0.00643151998519897 0.153291001915932
-99 0 0 0.00643531000241637 0.154361993074417
-100 3 4 0.00643840990960598 0.155430004000664
-101 0 0 0.00644084997475147 0.156495004892349
-102 0 0 0.00644263019785285 0.157556995749474
-103 0 0 0.00644377013668418 0.158614993095398
-104 0 0 0.00644428003579378 0.159670993685722
105 4 2 0.00644432008266449 0.160038992762566
106 0 0 0.00644402019679546 0.16109000146389
107 0 0 0.00644247978925705 0.162660002708435
108 0 0 0.00643966998904943 0.164223998785019
109 0 0 0.00643564015626907 0.165779992938042
110 0 0 0.00643044989556074 0.167329996824265
111 0 0 0.00642414018511772 0.168872997164726
112 0 0 0.00641675991937518 0.170408993959427
113 0 0 0.00640835985541344 0.171939998865128
114 0 0 0.00639900006353855 0.173463001847267
115 0 0 0.00638870988041162 0.174980998039246
116 0 0 0.00637754006311297 0.176493003964424
117 0 0 0.00636553997173905 0.177999004721642
118 0 0 0.00635275011882186 0.179499000310898
119 0 0 0.00633921008557081 0.180993005633354
120 0 0 0.00632497994229198 0.182482004165649
121 0 0 0.00631008017808199 0.183965995907784
122 0 0 0.00629456015303731 0.185444995760918
123 0 0 0.00627845991402864 0.186918005347252
124 0 0 0.00626181997358799 0.188385993242264
125 0 0 0.00624467991292477 0.189849004149437
126 0 0 0.00622706022113562 0.191308006644249
127 0 0 0.00620902003720403 0.1927620023489
128 0 0 0.00619057985022664 0.194211006164551
129 0 0 0.00617178017273545 0.195656001567841
130 0 0 0.00615264987573028 0.19709700345993
131 0 0 0.00612341007217765 0.199249997735023
132 0 0 0.00609361007809639 0.201392993330956
133 0 0 0.00606334023177624 0.203528001904488
134 0 0 0.00603270996361971 0.205654993653297
135 0 0 0.00600181007757783 0.207773000001907
136 0 0 0.00597072998061776 0.209883004426956
137 0 0 0.00593955023214221 0.211986005306244
138 0 0 0.00590834021568298 0.214082002639771
139 0 0 0.00587718980386853 0.216169998049736
140 0 0 0.00584616977721453 0.218252003192902
141 0 0 0.00581534998491406 0.220328003168106
142 0 0 0.00578479003161192 0.222396999597549
143 0 0 0.00575454998761415 0.224460005760193
144 0 0 0.00572470016777515 0.226518005132675
145 0 0 0.00568073987960815 0.229595005512238
146 0 0 0.00563794001936913 0.232659995555878
147 0 0 0.00559645006433129 0.235715001821518
148 0 0 0.00555641017854214 0.238759994506836
149 0 0 0.00551794981583953 0.241796001791954
150 5 4 0.00548119004815817 0.24482299387455
151 0 0 0.00544621981680393 0.247842997312546
152 0 0 0.00541314017027617 0.250854998826981
153 0 0 0.00538204004988074 0.253861993551254
154 0 0 0.00535297999158502 0.256862014532089
155 0 0 0.00532602984458208 0.259856998920441
156 0 0 0.00530123012140393 0.262847006320953
157 0 0 0.00526819005608559 0.267325013875961
158 0 0 0.00524022988975048 0.271795004606247
159 0 0 0.00521745020523667 0.276259988546371
160 0 0 0.0051998901180923 0.280719995498657
161 0 0 0.00518759991973639 0.285178005695343
162 0 0 0.00518058007583022 0.289635002613068
163 6 2 0.0051787500269711 0.293359011411667
-164 0 0 0.0051813698373735 0.297818005084991
-165 0 0 0.00519500020891428 0.30451300740242
-166 0 0 0.00522009981796145 0.311219990253448
-167 0 0 0.0052564200013876 0.317943006753922
-168 0 0 0.00530365016311407 0.324687987565994
-169 0 0 0.00536144990473986 0.331456989049911
-170 0 0 0.00542946998029947 0.338256001472473
-171 0 0 0.00550732016563416 0.345088005065918
-172 0 0 0.00559462001547217 0.351958990097046
-173 0 0 0.00569096999242902 0.358871012926102
-174 0 0 0.00579597009345889 0.365828990936279
-175 0 0 0.00590921984985471 0.372837990522385
-176 0 0 0.00603032018989325 0.379900008440018
-177 0 0 0.00615887995809317 0.387021005153656
-178 0 0 0.00629450008273125 0.394203990697861
-179 0 0 0.00643680989742279 0.401454001665115
-180 0 0 0.00658540986478329 0.408775001764297
-181 0 0 0.00673994980752468 0.416171997785568
-182 0 0 0.0069000399671495 0.423647999763489
-183 0 0 0.00706533016636968 0.431208997964859
-184 0 0 0.00723545020446181 0.438858985900879
-185 0 0 0.00741004990413785 0.446601986885071
-186 0 0 0.00758875999599695 0.454445004463196
-187 0 0 0.00777124986052513 0.46239098906517
-188 0 0 0.00795713998377323 0.470445990562439
-189 0 0 0.00814609974622726 0.478614985942841
-190 0 0 0.00833775009959936 0.486905008554459
-191 0 0 0.00853173993527889 0.495319992303848
-192 0 0 0.00872770044952631 0.503866970539093
-193 0 0 0.00892526004463434 0.512551009654999
-194 0 0 0.00912403967231512 0.521380007266998
-195 0 0 0.00932365003973246 0.530359983444214
-196 0 0 0.00952367018908262 0.539497017860413
-197 0 0 0.00972369965165854 0.548799991607666
-198 0 0 0.00992329977452755 0.558274984359741
-199 0 0 0.0101220002397895 0.567929983139038
-200 7 4 0.0103193996474147 0.577772974967957
-201 0 0 0.0105149997398257 0.587813019752502
-202 0 0 0.010708199813962 0.598057985305786
-203 0 0 0.0108986003324389 0.608516991138458
-204 0 0 0.0110855996608734 0.619201004505157
-205 0 0 0.011268500238657 0.630118012428284
-206 0 0 0.0114468997344375 0.641278028488159
-207 0 0 0.0116200996562839 0.652692973613739
-208 0 0 0.0117873996496201 0.664372980594635
-209 0 0 0.0119481002911925 0.676329016685486
-210 0 0 0.0121015999466181 0.688573002815247
-211 0 0 0.0122469998896122 0.701116025447845
-212 0 0 0.0123837999999523 0.713971018791199
-213 0 0 0.0125110000371933 0.727150976657867
-214 0 0 0.012627899646759 0.74066698551178
-215 0 0 0.0127338003367186 0.754532992839813
-216 0 0 0.0128277996554971 0.768761992454529
-217 0 0 0.0129092000424862 0.783366024494171
-218 0 0 0.0129771996289492 0.798358976840973
-219 0 0 0.013031099922955 0.813753008842468
-220 0 0 0.0130701996386051 0.829559981822968
-221 0 0 0.0130938999354839 0.845793008804321
-222 8 2 0.0131018003448844 0.862185001373291
223 0 0 0.0130936000496149 0.879294991493225
224 0 0 0.01306870020926 0.896863996982574
225 0 0 0.0130270998924971 0.914898991584778
226 0 0 0.0129685997962952 0.933408975601196
227 0 0 0.0128936003893614 0.952400028705597
228 0 0 0.0128023996949196 0.97187602519989
229 0 0 0.0126954996958375 0.991841971874237
230 0 0 0.0125738997012377 1.01230001449585
231 0 0 0.0124385999515653 1.03324997425079
232 0 0 0.0122910002246499 1.05469000339508
233 0 0 0.0121325002983212 1.0766099691391
234 0 0 0.011964900419116 1.09902000427246
235 0 0 0.0117902997881174 1.12189996242523
236 0 0 0.0116106998175383 1.1452499628067
237 0 0 0.0114284995943308 1.16904997825623
238 0 0 0.0112461997196078 1.1933000087738
239 0 0 0.0110662998631597 1.21798002719879
240 0 0 0.0108912996947765 1.24309003353119
241 0 0 0.0107238003984094 1.26861000061035
242 0 0 0.0105664003640413 1.29453003406525
243 0 0 0.0104216001927853 1.32082998752594
244 0 0 0.010291799902916 1.3474999666214
245 0 0 0.0101792998611927 1.3745299577713
246 0 0 0.0100862002000213 1.40190994739532
247 0 0 0.0100144995376468 1.42962002754211
248 0 0 0.00996606983244419 1.45765995979309
249 0 0 0.0099424896761775 1.48599994182587
-250 9 2 0.00994035042822361 1.49744999408722
-251 0 0 0.00995398033410311 1.5262199640274
-252 0 0 0.00999561976641417 1.55526995658875
-253 0 0 0.0100662996992469 1.58460998535156
-254 0 0 0.0101666999980807 1.61422002315521
-255 0 0 0.0102976998314261 1.64409005641937
-256 0 0 0.0104596000164747 1.67421996593475
-257 0 0 0.010652800090611 1.70459997653961
-258 0 0 0.0108775002881885 1.73522996902466
-259 0 0 0.0111338002607226 1.76609003543854
-260 0 0 0.0114217000082135 1.79718005657196
-261 0 0 0.0117408996447921 1.82850003242493
-262 0 0 0.0120911998674273 1.86003994941711
-263 0 0 0.0124722998589277 1.89179003238678
-264 0 0 0.0128838997334242 1.92376005649567
-265 0 0 0.0133253000676632 1.95592999458313
-266 0 0 0.0137962000444531 1.98830997943878
-267 0 0 0.014295999892056 2.02087998390198
-268 0 0 0.0148238996043801 2.05363988876343
-269 0 0 0.0153794996440411 2.08660006523132
-270 0 0 0.0159619990736246 2.11972999572754
-271 0 0 0.0165708009153605 2.1530499458313
-272 0 0 0.0172051005065441 2.18654990196228
-273 0 0 0.0178641993552446 2.22021007537842
-274 0 0 0.0185474008321762 2.25404000282288
-275 0 0 0.0192540008574724 2.28803992271423
-276 0 0 0.0199832003563643 2.32220005989075
-277 0 0 0.0207343008369207 2.35650992393494
-278 0 0 0.0215066000819206 2.39096999168396
-279 0 0 0.0222993995994329 2.42557001113892
-280 0 0 0.0231120008975267 2.46031999588013
-281 0 0 0.0239436998963356 2.49520993232727
-282 0 0 0.0247936993837357 2.5302300453186
-283 0 0 0.0256615001708269 2.56538009643555
-284 0 0 0.0265464000403881 2.60065007209778
-285 0 0 0.0274477005004883 2.63604998588562
-286 0 0 0.0283647999167442 2.67157006263733
-287 0 0 0.0292971003800631 2.707200050354
-288 0 0 0.0302441008388996 2.74293994903564
-289 0 0 0.0312050003558397 2.77877998352051
-290 0 0 0.0321795009076595 2.81472992897034
-291 0 0 0.0331669002771378 2.85078001022339
-292 0 0 0.0341667011380196 2.88691997528076
-293 0 0 0.0351784005761147 2.92316007614136
-294 0 0 0.036201499402523 2.95948004722595
-295 0 0 0.0372355990111828 2.99588990211487
-296 0 0 0.038280300796032 3.03238010406494
-297 0 0 0.0393349006772041 3.06894993782043
-298 0 0 0.0403992012143135 3.10560011863708
-299 0 0 0.0414728000760078 3.14231991767883
-300 10 4 0.0425552017986774 3.17911005020142
-301 0 0 0.0436460003256798 3.21596002578735
-302 0 0 0.044744998216629 3.25288009643555
-303 0 0 0.0458518005907536 3.28986001014709
-304 0 0 0.0469659008085728 3.32690000534058
-305 0 0 0.0480871982872486 3.36400008201599
-306 0 0 0.0492152981460094 3.40116000175476
-307 11 9 0.0503498986363411 3.43835997581482
