1000 34 29 -0.000209143006941304 -0.051706500351429
999 0 0 -0.000220422996790148 -0.0515578985214233
998 0 0 -0.000231554004130885 -0.0514101982116699
997 0 0 -0.00024253899755422 -0.0512633994221687
996 0 0 -0.00025337899569422 -0.0511174015700817
995 0 0 -0.000264075992163271 -0.0509723015129566
994 0 0 -0.000274632999207824 -0.0508279986679554
993 0 0 -0.000285048998193815 -0.0506846010684967
992 0 0 -0.000295328005449846 -0.0505420006811619
991 0 0 -0.000305469991872087 -0.0504002012312412
990 0 0 -0.00031547699472867 -0.0502592995762825
989 0 0 -0.000325350993080065 -0.0501190982758999
988 0 0 -0.000335091986926273 -0.0499797984957695
987 0 0 -0.000344700994901359 -0.0498412996530533
986 0 0 -0.000354180985596031 -0.0497036017477512
985 0 0 -0.000363530998583883 -0.0495668016374111
984 0 0 -0.000372753012925386 -0.0494306981563568
983 0 0 -0.000381846999516711 -0.049295499920845
982 0 0 -0.000390814995625988 -0.0491609983146191
981 0 0 -0.000399657001253217 -0.0490273982286453
980 0 0 -0.00040837298729457 -0.0488946996629238
979 0 0 -0.000416964991018176 -0.0487627014517784
978 0 0 -0.000425431993789971 -0.0486316010355949
977 0 0 -0.00043377501424402 -0.0485013984143734
976 0 0 -0.000441993994172662 -0.0483720004558563
975 0 0 -0.000450090010417625 -0.0482435002923012
974 0 0 -0.000458061986137182 -0.0481158010661602
973 0 0 -0.000465910998173058 -0.0479891002178192
972 0 0 -0.000473635998787358 -0.0478633008897305
971 0 0 -0.000481236987980083 -0.0477383993566036
970 0 0 -0.000488714023958892 -0.0476144999265671
969 0 0 -0.000496066000778228 -0.0474914982914925
968 0 0 -0.000503293995279819 -0.0473695993423462
967 0 0 -0.000510396028403193 -0.0472486987709999
966 0 0 -0.000517370994202793 -0.0471288003027439
965 0 0 -0.000524219998624176 -0.047010000795126
964 0 0 -0.000530940014868975 -0.0468924008309841
963 0 0 -0.000537531974259764 -0.0467758998274803
962 0 0 -0.000543994014151394 -0.0466605983674526
961 0 0 -0.000550323980860412 -0.0465466007590294
960 0 0 -0.000556521001271904 -0.046433798968792
959 0 0 -0.000562584027647972 -0.0463224016129971
958 0 0 -0.000568512012250721 -0.046212300658226
957 0 0 -0.000574300996959209 -0.0461038015782833
956 0 0 -0.000579951971303672 -0.0459966994822025
955 0 0 -0.000585460977163166 -0.0458911992609501
954 0 0 -0.00059082597726956 -0.045787401497364
953 0 0 -0.000596045982092619 -0.0456851981580257
952 0 0 -0.000601118023041636 -0.04558489844203
951 0 0 -0.000606039015110582 -0.0454864986240864
950 33 24 -0.000610808026976883 -0.0453900992870331
949 0 0 -0.00061541999457404 -0.0452957004308701
948 0 0 -0.000619872997049242 -0.0452036000788212
947 0 0 -0.000624164997134358 -0.0451137013733387
946 0 0 -0.000628291978500783 -0.0450262017548084
945 0 0 -0.000632250972557813 -0.0449412986636162
944 0 0 -0.00063603901071474 -0.0448589995503426
943 0 0 -0.000639653007965535 -0.0447795987129211
942 0 0 -0.000643088016659021 -0.0447029992938042
941 0 0 -0.000646341009996831 -0.0446295998990536
940 0 0 -0.000649410008918494 -0.0445595011115074
939 0 0 -0.000652289018034935 -0.0444927997887135
938 0 0 -0.000654976000078022 -0.0444296002388
937 0 0 -0.000657466996926814 -0.0443703010678291
936 0 0 -0.000659758981782943 -0.0443149991333485
935 0 0 -0.000661847006995231 -0.0442637987434864
934 0 0 -0.00066372798755765 -0.0442170016467571
933 0 0 -0.000665399013087153 -0.0441748984158039
932 0 0 -0.000666856009047478 -0.0441376008093357
931 0 0 -0.000668096006847918 -0.0441052988171577
930 0 0 -0.000669117027428001 -0.0440783016383648
929 0 0 -0.000669915985781699 -0.0440568998456001
928 0 0 -0.000670488981995732 -0.0440412983298302
927 0 0 -0.000670835026539862 -0.044031698256731
926 32 22 -0.000670950976200402 -0.0440284013748169
925 0 0 -0.000670950976200402 -0.0440284013748169
924 0 0 -0.00067082402529195 -0.0440321005880833
923 0 0 -0.000670465000439435 -0.0440425984561443
922 0 0 -0.000669873028527945 -0.0440602004528046
921 0 0 -0.000669046014081687 -0.0440852008759975
920 0 0 -0.000667985004838556 -0.0441179014742374
919 0 0 -0.000666690000798553 -0.0441584996879101
918 0 0 -0.000665161001961678 -0.0442073009908199
917 0 0 -0.000663398997858167 -0.0442647002637386
916 0 0 -0.00066140602575615 -0.0443308018147945
915 0 0 -0.000659183016978204 -0.0444060005247593
914 0 0 -0.00065673200879246 -0.0444905012845993
913 0 0 -0.000654056027997285 -0.0445846989750862
912 0 0 -0.00065115699544549 -0.0446887984871864
911 0 0 -0.000648037006612867 -0.0448031015694141
910 0 0 -0.00064470199868083 -0.0449278987944126
909 0 0 -0.000641151971649379 -0.0450634993612766
908 0 0 -0.000637392979115248 -0.0452102012932301
907 0 0 -0.000633427989669144 -0.0453681983053684
906 0 0 -0.000629261019639671 -0.0455380007624626
905 0 0 -0.00062489602714777 -0.0457197986543179
904 0 0 -0.000620337028522044 -0.045914001762867
903 0 0 -0.000615587981883436 -0.0461209006607533
902 0 0 -0.000610653019975871 -0.0463409014046192
901 0 0 -0.000605536974035203 -0.0465742982923985
900 31 24 -0.000600242987275124 -0.0468215011060238
899 0 0 -0.000594775017816573 -0.0470830015838146
898 0 0 -0.00058913801331073 -0.0473591983318329
897 0 0 -0.000583335990086198 -0.0476504005491734
896 0 0 -0.000577370985411108 -0.0479573011398315
895 0 0 -0.000571248994674534 -0.0482802987098694
894 0 0 -0.000564971996936947 -0.0486198998987675
893 0 0 -0.000558544998057187 -0.0489767007529736
892 0 0 -0.000551969977095723 -0.0493513010442257
891 0 0 -0.000545251008588821 -0.0497444011271
890 0 0 -0.00053839199244976 -0.0501566007733345
889 0 0 -0.000531395024154335 -0.0505887009203434
888 0 0 -0.000524264003615826 -0.0510413981974125
887 0 0 -0.000517002015840262 -0.0515155009925365
886 0 0 -0.000509610981680453 -0.052012000232935
885 0 0 -0.000502096023410559 -0.0525318011641502
884 0 0 -0.000494459003675729 -0.0530758015811443
883 0 0 -0.000486703997012228 -0.0536451004445553
882 0 0 -0.000478834001114592 -0.0542409010231495
881 0 0 -0.000470852013677359 -0.0548643991351128
880 0 0 -0.00046276199282147 -0.0555167011916637
879 0 0 -0.000454569992143661 -0.0561993010342121
878 0 0 -0.000446277990704402 -0.0569135993719101
877 0 0 -0.000437893002526835 -0.0576610006392002
876 0 0 -0.000429420993896201 -0.0584431998431683
875 0 0 -0.000420867989305407 -0.0592615008354187
874 0 0 -0.000412243010941893 -0.0601177997887135
873 0 0 -0.000403556012315676 -0.0610136017203331
872 0 0 -0.000394817005144432 -0.0619504004716873
871 0 0 -0.000386041996534914 -0.0629298016428947
870 0 0 -0.000377246004063636 -0.0639529973268509
869 0 0 -0.000368451001122594 -0.0650210008025169
868 0 0 -0.000359680998371914 -0.0661341026425362
867 0 0 -0.000350966001860797 -0.0672919973731041
866 0 0 -0.000342345010722056 -0.0684932023286819
865 0 0 -0.000333859992679209 -0.0697347968816757
864 0 0 -0.000325564993545413 -0.0710119009017944
863 0 0 -0.000317520985845476 -0.0723169967532158
862 0 0 -0.000309797003865242 -0.0736398994922638
861 0 0 -0.000302463013213128 -0.0749673992395401
860 0 0 -0.000295589998131618 -0.076283797621727
859 0 0 -0.000289237010292709 -0.0775721967220306
858 0 0 -0.000283445988316089 -0.0788156986236572
857 0 0 -0.000278238003375009 -0.0799999013543129
856 0 0 -0.000273606012342498 -0.081113800406456
855 0 0 -0.000269523996394128 -0.0821506977081299
854 0 0 -0.000265951995970681 -0.083108201622963
853 0 0 -0.000262838002527133 -0.0839871019124985
852 0 0 -0.000260130007518455 -0.0847906023263931
851 0 0 -0.000257776002399623 -0.0855235010385513
850 30 24 -0.000255727994954214 -0.0861912965774536
849 0 0 -0.000253942998824641 -0.0867995992302895
848 0 0 -0.00025238300440833 -0.0873541980981827
847 0 0 -0.000251018005656078 -0.0878603979945183
846 0 0 -0.000249817996518686 -0.0883229002356529
845 0 0 -0.000248761993134394 -0.0887463018298149
844 0 0 -0.000247827003477141 -0.0891344994306564
843 0 0 -0.000246998999500647 -0.0894912034273148
842 0 0 -0.000246262992732227 -0.089819498360157
841 0 0 -0.000245606992393732 -0.0901222005486488
840 0 0 -0.000245019007707015 -0.0904017984867096
839 0 0 -0.00024449301417917 -0.0906606018543243
838 0 0 -0.000244019000092521 -0.0909005030989647
837 0 0 -0.000243592992774211 -0.0911232009530067
836 0 0 -0.000243207003222778 -0.091330498456955
835 0 0 -0.000242858004639857 -0.091523602604866
834 0 0 -0.000242541005718522 -0.0917036980390549
833 0 0 -0.000242252004682086 -0.0918721035122871
832 0 0 -0.000241988993366249 -0.0920296981930733
831 0 0 -0.000241749003180303 -0.0921773016452789
830 0 0 -0.000241529996856116 -0.0923158973455429
829 0 0 -0.000241328001720831 -0.0924461036920547
828 0 0 -0.000241143003222533 -0.0925685986876488
827 0 0 -0.00024097299319692 -0.0926840007305145
826 0 0 -0.000240816996665671 -0.0927928015589714
825 0 0 -0.000240672001382336 -0.0928955003619194
824 0 0 -0.000240538996877149 -0.0929924994707108
823 0 0 -0.000240415000007488 -0.0930842980742455
822 0 0 -0.000240299996221438 -0.0931712985038757
821 0 0 -0.000240194000070915 -0.0932537019252777
820 0 0 -0.000240095992921852 -0.093331903219223
819 0 0 -0.000240003995713778 -0.0934061035513878
818 0 0 -0.000239917993894778 -0.0934766978025436
817 0 0 -0.000239839006098919 -0.0935437977313995
816 0 0 -0.000239764005527832 -0.0936077013611794
815 0 0 -0.000239695000345819 -0.0936684980988503
814 0 0 -0.000239629996940494 -0.0937265977263451
813 0 0 -0.000239568995311856 -0.0937820002436638
812 0 0 -0.000239511995459907 -0.0938348025083542
811 0 0 -0.000239458997384645 -0.0938853994011879
810 0 0 -0.00023940899700392 -0.0939337015151978
809 0 0 -0.000239361994317733 -0.0939799025654793
808 0 0 -0.000239318003877997 -0.0940240994095802
807 0 0 -0.000239276007050648 -0.0940665006637573
806 0 0 -0.000239236993365921 -0.0941072031855583
805 0 0 -0.000239200002397411 -0.0941461026668549
804 0 0 -0.000239165005041286 -0.0941834971308708
803 0 0 -0.000239132001297548 -0.0942194014787674
802 0 0 -0.000239101005718112 -0.0942538976669312
801 0 0 -0.000239072003751062 -0.094287097454071
800 29 24 -0.000239044005866162 -0.0943188965320587
799 0 0 -0.000239018001593649 -0.0943496003746986
798 0 0 -0.000238993001403287 -0.0943790972232819
797 0 0 -0.000238969994825311 -0.0944074988365173
796 0 0 -0.000238948006881401 -0.0944349020719528
795 0 0 -0.000238926004385576 -0.0944612994790077
794 0 0 -0.000238905995502137 -0.094486802816391
793 0 0 -0.000238887005252764 -0.0945113003253937
792 0 0 -0.000238869004533626 -0.0945350006222725
791 0 0 -0.000238851993344724 -0.0945579037070274
790 0 0 -0.000238836000789888 -0.0945800021290779
789 0 0 -0.000238820997765288 -0.0946014001965523
788 0 0 -0.000238805994740687 -0.0946220010519028
787 0 0 -0.000238791995798238 -0.0946419984102249
786 0 0 -0.000238777996855788 -0.0946613028645515
785 0 0 -0.00023876600607764 -0.0946798995137215
784 0 0 -0.000238754000747576 -0.0946979969739914
783 0 0 -0.000238741995417513 -0.0947154983878136
782 0 0 -0.0002387309941696 -0.0947323963046074
781 0 0 -0.000238719992921688 -0.0947488024830818
780 0 0 -0.000238709995755926 -0.0947647020220757
779 0 0 -0.000238701002672315 -0.0947801992297173
778 0 0 -0.000238691995036788 -0.0947951003909111
777 0 0 -0.000238683001953177 -0.0948095992207527
776 0 0 -0.000238674998399802 -0.0948237031698227
775 0 0 -0.000238666994846426 -0.0948373004794121
774 0 0 -0.000238659005844966 -0.0948505997657776
773 0 0 -0.000238652006373741 -0.0948633998632431
772 0 0 -0.000238645006902516 -0.0948759019374847
771 0 0 -0.000238637992879376 -0.0948880016803741
770 0 0 -0.000238631997490302 -0.0948998034000397
769 0 0 -0.000238626002101228 -0.0949112996459007
768 0 0 -0.000238620006712154 -0.0949224010109901
767 0 0 -0.000238613996771164 -0.0949331969022751
766 0 0 -0.000238609005464241 -0.0949437022209167
765 0 0 -0.000238603999605402 -0.0949539989233017
764 0 0 -0.000238598993746564 -0.094963900744915
763 0 0 -0.00023859400243964 -0.0949736014008522
762 0 0 -0.000238590000662953 -0.0949829965829849
761 0 0 -0.000238584994804114 -0.0949921980500221
760 0 0 -0.000238580993027426 -0.0950011014938354
759 0 0 -0.000238577005802654 -0.0950097963213921
758 0 0 -0.000238573993556201 -0.0950182974338531
757 0 0 -0.000238570006331429 -0.0950265005230904
756 0 0 -0.000238566004554741 -0.0950345993041992
755 0 0 -0.000238563006860204 -0.0950424000620842
754 0 0 -0.000238559994613752 -0.0950499996542931
753 0 0 -0.000238556996919215 -0.0950573980808258
752 0 0 -0.000238553999224678 -0.095064602792263
751 0 0 -0.000238551001530141 -0.0950717031955719
750 28 24 -0.000238548003835604 -0.0950786024332047
749 0 0 -0.000238545995671302 -0.0950853005051613
748 0 0 -0.000238542997976765 -0.0950917974114418
747 0 0 -0.000238541004364379 -0.0950981974601746
746 0 0 -0.000238538996200077 -0.0951043963432312
745 0 0 -0.00023853599850554 -0.0951104015111923
744 0 0 -0.000238534004893154 -0.0951163023710251
743 0 0 -0.000238531996728852 -0.0951220989227295
742 0 0 -0.000238530003116466 -0.0951277017593384
741 0 0 -0.000238527994952165 -0.0951332002878189
740 0 0 -0.000238527005421929 -0.0951386019587517
739 0 0 -0.000238524997257628 -0.0951438024640083
738 0 0 -0.000238523003645241 -0.0951488986611366
737 0 0 -0.000238521999563091 -0.0951538011431694
736 0 0 -0.000238520005950704 -0.0951587036252022
735 0 0 -0.000238519001868553 -0.0951633974909782
734 0 0 -0.000238516993704252 -0.0951680019497871
733 0 0 -0.000238516004174016 -0.0951725021004677
732 0 0 -0.000238515000091866 -0.0951768979430199
731 0 0 -0.000238513996009715 -0.0951811969280243
730 0 0 -0.000238512002397329 -0.095185399055481
729 0 0 -0.000238510998315178 -0.0951894000172615
728 0 0 -0.000238509994233027 -0.0951934009790421
727 0 0 -0.000238509004702792 -0.0951972976326942
726 0 0 -0.000238508000620641 -0.0952010974287987
725 0 0 -0.00023850699653849 -0.0952048003673553
724 0 0 -0.000238506007008255 -0.0952083989977837
723 0 0 -0.000238506007008255 -0.0952119007706642
722 0 0 -0.000238505002926104 -0.0952152982354164
721 0 0 -0.000238503998843953 -0.0952187031507492
720 0 0 -0.000238502994761802 -0.0952218994498253
719 0 0 -0.000238502005231567 -0.095225103199482
718 0 0 -0.000238502005231567 -0.0952282026410103
717 0 0 -0.000238501001149416 -0.0952311977744102
716 0 0 -0.000238501001149416 -0.0952342003583908
715 0 0 -0.000238499997067265 -0.0952370017766953
714 0 0 -0.000238498992985114 -0.0952398031949997
713 0 0 -0.000238498992985114 -0.0952425971627235
712 0 0 -0.000238498003454879 -0.0952451974153519
711 0 0 -0.000238498003454879 -0.0952477976679802
710 0 0 -0.000238496999372728 -0.0952503010630608
709 0 0 -0.000238496999372728 -0.095252700150013
708 0 0 -0.000238496999372728 -0.0952550992369652
707 0 0 -0.000238495995290577 -0.0952574014663696
706 0 0 -0.000238495995290577 -0.0952597036957741
705 0 0 -0.000238495995290577 -0.0952619016170502
704 0 0 -0.000238495005760342 -0.0952640026807785
703 0 0 -0.000238495005760342 -0.0952659994363785
702 0 0 -0.000238495005760342 -0.0952680036425591
701 0 0 -0.000238494001678191 -0.095270000398159
700 27 24 -0.000238494001678191 -0.0952719002962112
699 0 0 -0.000238494001678191 -0.0952737033367157
698 0 0 -0.000238494001678191 -0.0952754989266396
697 0 0 -0.000238494001678191 -0.0952771976590157
696 0 0 -0.00023849299759604 -0.095278799533844
695 0 0 -0.00023849299759604 -0.0952804014086723
694 0 0 -0.00023849299759604 -0.0952820032835007
693 0 0 -0.00023849299759604 -0.0952835008502007
692 0 0 -0.00023849299759604 -0.0952849015593529
691 0 0 -0.00023849299759604 -0.0952863022685051
690 0 0 -0.00023849199351389 -0.095287598669529
689 0 0 -0.00023849199351389 -0.0952889025211334
688 0 0 -0.00023849199351389 -0.0952901020646095
687 0 0 -0.00023849199351389 -0.0952913016080856
686 0 0 -0.00023849199351389 -0.0952925011515617
685 0 0 -0.00023849199351389 -0.0952934995293617
684 0 0 -0.00023849199351389 -0.0952946022152901
683 0 0 -0.00023849199351389 -0.0952954962849617
682 0 0 -0.00023849199351389 -0.0952965021133423
681 0 0 -0.00023849199351389 -0.0952974036335945
680 0 0 -0.00023849199351389 -0.0952982008457184
679 0 0 -0.00023849199351389 -0.0952989980578423
678 0 0 -0.00023849199351389 -0.0952996984124184
677 0 0 -0.00023849199351389 -0.0953003987669945
676 0 0 -0.00023849199351389 -0.0953010991215706
675 0 0 -0.00023849199351389 -0.0953017026185989
674 0 0 -0.00023849199351389 -0.0953022018074989
673 0 0 -0.00023849199351389 -0.0953027978539467
672 0 0 -0.00023849199351389 -0.0953032001852989
671 0 0 -0.00023849199351389 -0.0953036025166512
670 26 22 -0.00023849199351389 -0.0953039973974228
669 0 0 -0.00023849199351389 -0.0953043028712273
668 0 0 -0.00023849199351389 -0.0953044965863228
667 0 0 -0.00023849199351389 -0.0953048020601273
666 0 0 -0.00023849199351389 -0.0953050032258034
665 0 0 -0.00023849199351389 -0.0953051000833511
664 0 0 -0.00023849199351389 -0.0953051969408989
663 0 0 -0.00023849199351389 -0.0953053012490273
662 25 22 -0.00023849199351389 -0.0953053012490273
661 0 0 -0.00023849199351389 -0.0953053012490273
660 0 0 -0.00023849199351389 -0.0953053012490273
659 0 0 -0.00023849199351389 -0.0953051969408989
658 0 0 -0.00023849199351389 -0.0953051969408989
657 0 0 -0.00023849199351389 -0.0953051000833511
656 0 0 -0.00023849199351389 -0.0953050032258034
655 0 0 -0.00023849199351389 -0.0953048020601273
654 0 0 -0.00023849199351389 -0.0953046977519989
653 0 0 -0.00023849199351389 -0.0953044965863228
652 0 0 -0.00023849199351389 -0.0953043028712273
651 0 0 -0.00023849199351389 -0.0953041017055511
650 24 24 -0.00023849199351389 -0.095303900539875
649 0 0 -0.00023849199351389 -0.0953036025166512
648 0 0 -0.00023849199351389 -0.095303401350975
647 0 0 -0.000238491003983654 -0.0953031033277512
646 0 0 -0.000238491003983654 -0.0953027009963989
645 0 0 -0.000238491003983654 -0.095302402973175
644 0 0 -0.000238491003983654 -0.0953020006418228
643 0 0 -0.000238491003983654 -0.0953015983104706
642 0 0 -0.000238491003983654 -0.0953012034296989
641 0 0 -0.000238491003983654 -0.0953008010983467
640 0 0 -0.000238491003983654 -0.0953003987669945
639 0 0 -0.000238491003983654 -0.0952998995780945
638 0 0 -0.000238491003983654 -0.0952994003891945
637 0 0 -0.000238491003983654 -0.0952989012002945
636 0 0 -0.000238491003983654 -0.0952982977032661
635 0 0 -0.000238491003983654 -0.0952977985143661
634 0 0 -0.000238491003983654 -0.0952972024679184
633 0 0 -0.000238491003983654 -0.09529659897089
632 0 0 -0.000238491003983654 -0.0952958986163139
631 0 0 -0.000238491003983654 -0.0952953025698662
630 0 0 -0.000238491003983654 -0.0952946022152901
629 0 0 -0.000238491003983654 -0.095293901860714
628 0 0 -0.000238489999901503 -0.0952930971980095
627 0 0 -0.000238489999901503 -0.0952923968434334
626 0 0 -0.000238489999901503 -0.0952915996313095
625 0 0 -0.000238489999901503 -0.0952908024191856
624 0 0 -0.000238489999901503 -0.0952899977564812
623 0 0 -0.000238489999901503 -0.0952891036868095
622 0 0 -0.000238489999901503 -0.0952882021665573
621 0 0 -0.000238489999901503 -0.0952873006463051
620 0 0 -0.000238488995819353 -0.0952863991260529
619 0 0 -0.000238488995819353 -0.0952854007482529
618 0 0 -0.000238488995819353 -0.0952844023704529
617 0 0 -0.000238488995819353 -0.0952833965420723
616 0 0 -0.000238488995819353 -0.0952823981642723
615 0 0 -0.000238488995819353 -0.0952813029289246
614 0 0 -0.000238488006289117 -0.0952802002429962
613 0 0 -0.000238488006289117 -0.0952790975570679
612 0 0 -0.000238488006289117 -0.0952778980135918
611 0 0 -0.000238488006289117 -0.0952766984701157
610 0 0 -0.000238488006289117 -0.0952754989266396
609 0 0 -0.000238487002206966 -0.0952742993831635
608 0 0 -0.000238487002206966 -0.0952730029821396
607 0 0 -0.000238487002206966 -0.0952716991305351
606 0 0 -0.000238487002206966 -0.0952704027295113
605 0 0 -0.000238485998124816 -0.095269002020359
604 0 0 -0.000238485998124816 -0.0952676013112068
603 0 0 -0.000238485998124816 -0.0952662006020546
602 0 0 -0.000238485998124816 -0.0952647030353546
601 0 0 -0.000238484994042665 -0.0952633023262024
600 23 24 -0.000238484994042665 -0.0952617004513741
599 0 0 -0.000238484994042665 -0.0952602028846741
598 0 0 -0.000238484004512429 -0.0952586010098457
597 0 0 -0.000238484004512429 -0.0952569991350174
596 0 0 -0.000238483000430278 -0.0952553004026413
595 0 0 -0.000238483000430278 -0.0952536016702652
594 0 0 -0.000238483000430278 -0.0952519029378891
593 0 0 -0.000238481996348128 -0.0952500998973846
592 0 0 -0.000238481996348128 -0.0952482968568802
591 0 0 -0.000238481006817892 -0.0952465012669563
590 0 0 -0.000238481006817892 -0.0952446013689041
589 0 0 -0.000238480002735741 -0.0952427014708519
588 0 0 -0.000238480002735741 -0.0952406972646713
587 0 0 -0.000238478998653591 -0.0952387973666191
586 0 0 -0.000238478998653591 -0.0952366963028908
585 0 0 -0.00023847799457144 -0.0952346995472908
584 0 0 -0.00023847799457144 -0.0952325016260147
583 0 0 -0.000238477005041204 -0.0952304005622864
582 0 0 -0.000238477005041204 -0.0952282026410103
581 0 0 -0.000238476000959054 -0.0952259972691536
580 0 0 -0.000238474996876903 -0.0952237024903297
579 0 0 -0.000238474996876903 -0.0952214002609253
578 0 0 -0.000238473992794752 -0.0952190011739731
577 0 0 -0.000238473003264517 -0.0952166020870209
576 0 0 -0.000238471999182366 -0.0952140986919403
575 0 0 -0.000238471999182366 -0.0952116027474403
574 0 0 -0.000238470995100215 -0.095209002494812
573 0 0 -0.00023847000556998 -0.0952064022421837
572 0 0 -0.000238469001487829 -0.0952038019895554
571 0 0 -0.000238467997405678 -0.0952010974287987
570 0 0 -0.000238467997405678 -0.0951983034610748
569 0 0 -0.000238466993323527 -0.0951955020427704
568 0 0 -0.000238466003793292 -0.0951925963163376
567 0 0 -0.000238464999711141 -0.0951896980404854
566 0 0 -0.00023846399562899 -0.0951867029070854
565 0 0 -0.000238463006098755 -0.0951837003231049
564 0 0 -0.000238462002016604 -0.0951806008815765
563 0 0 -0.000238460997934453 -0.0951775014400482
562 0 0 -0.000238459004322067 -0.0951742976903915
561 0 0 -0.000238458000239916 -0.0951709970831871
560 0 0 -0.000238456996157765 -0.0951676964759827
559 0 0 -0.00023845600662753 -0.0951642990112305
558 0 0 -0.000238455002545379 -0.0951607972383499
557 0 0 -0.000238452994381078 -0.09515730291605
556 0 0 -0.000238452004850842 -0.095153696835041
555 0 0 -0.000238451000768691 -0.095150001347065
554 0 0 -0.000238449007156305 -0.0951462984085083
553 0 0 -0.000238448003074154 -0.0951424986124039
552 0 0 -0.000238445994909853 -0.0951386988162994
551 0 0 -0.000238445005379617 -0.0951346978545189
550 22 24 -0.000238442997215316 -0.0951306968927383
549 0 0 -0.000238441003602929 -0.09512659907341
548 0 0 -0.000238439999520779 -0.0951225012540817
547 0 0 -0.000238438005908392 -0.0951182022690773
546 0 0 -0.000238435997744091 -0.0951139032840729
545 0 0 -0.000238434004131705 -0.0951094999909401
544 0 0 -0.000238431995967403 -0.0951049998402596
543 0 0 -0.000238430002355017 -0.0951004028320313
542 0 0 -0.000238427994190715 -0.0950957015156746
541 0 0 -0.000238426000578329 -0.0950910001993179
540 0 0 -0.000238424006965943 -0.0950860977172852
539 0 0 -0.000238421998801641 -0.095081202685833
538 0 0 -0.000238420005189255 -0.0950760990381241
537 0 0 -0.000238416992942803 -0.0950710028409958
536 0 0 -0.000238414999330416 -0.0950656980276108
535 0 0 -0.000238412001635879 -0.0950604006648064
534 0 0 -0.000238409993471578 -0.0950549021363258
533 0 0 -0.000238406995777041 -0.0950494036078453
532 0 0 -0.000238403998082504 -0.0950436964631081
531 0 0 -0.000238402004470117 -0.0950378999114037
530 0 0 -0.00023839900677558 -0.0950319990515709
529 0 0 -0.000238395994529128 -0.0950260013341904
528 0 0 -0.000238392996834591 -0.0950198993086815
527 0 0 -0.000238388995057903 -0.0950136035680771
526 0 0 -0.000238385997363366 -0.0950072035193443
525 0 0 -0.000238382999668829 -0.0950006991624832
524 0 0 -0.000238378997892141 -0.0949940979480743
523 0 0 -0.000238376000197604 -0.0949873030185699
522 0 0 -0.000238371998420916 -0.0949803963303566
521 0 0 -0.000238367996644229 -0.0949733033776283
520 0 0 -0.000238363994867541 -0.0949660986661911
519 0 0 -0.000238359993090853 -0.0949587970972061
518 0 0 -0.000238356005866081 -0.0949511975049973
517 0 0 -0.000238352004089393 -0.0949435979127884
516 0 0 -0.000238346998230554 -0.0949357002973557
515 0 0 -0.000238342996453866 -0.0949276983737946
514 0 0 -0.000238338005146943 -0.0949195995926857
513 0 0 -0.000238332999288104 -0.094911202788353
512 0 0 -0.000238327993429266 -0.0949027016758919
511 0 0 -0.000238323002122343 -0.0948939993977547
510 0 0 -0.000238317006733268 -0.0948851034045219
509 0 0 -0.00023831200087443 -0.0948759987950325
508 0 0 -0.000238306005485356 -0.0948667004704475
507 0 0 -0.000238299995544367 -0.0948572009801865
506 0 0 -0.000238294000155292 -0.0948475003242493
505 0 0 -0.000238288004766218 -0.094837598502636
504 0 0 -0.000238281005294994 -0.0948275029659271
503 0 0 -0.000238274995354004 -0.0948171019554138
502 0 0 -0.000238267995882779 -0.0948064997792244
501 0 0 -0.000238260996411555 -0.0947955995798111
500 21 24 -0.000238252992858179 -0.0947844982147217
499 0 0 -0.000238245003856719 -0.0947732031345367
498 0 0 -0.000238238004385494 -0.0947616025805473
497 0 0 -0.000238228996749967 -0.0947496965527534
496 0 0 -0.000238220993196592 -0.0947374999523163
495 0 0 -0.000238212000112981 -0.0947249978780746
494 0 0 -0.000238203007029369 -0.0947123020887375
493 0 0 -0.000238193999393843 -0.0946991965174675
492 0 0 -0.000238184002228081 -0.094685897231102
491 0 0 -0.000238174005062319 -0.0946722030639648
490 0 0 -0.000238163003814407 -0.0946580991148949
489 0 0 -0.000238153006648645 -0.094643697142601
488 0 0 -0.000238141001318581 -0.0946289971470833
487 0 0 -0.000238130000070669 -0.0946139022707939
486 0 0 -0.000238117994740605 -0.0945983976125717
485 0 0 -0.000238104999880306 -0.0945824980735779
484 0 0 -0.000238092994550243 -0.0945662036538124
483 0 0 -0.000238078995607793 -0.0945494994521141
482 0 0 -0.000238064996665344 -0.0945324003696442
481 0 0 -0.000238050997722894 -0.0945148020982742
480 0 0 -0.000238035994698294 -0.0944968014955521
479 0 0 -0.000238021006225608 -0.0944783017039299
478 0 0 -0.000238004999118857 -0.0944591984152794
477 0 0 -0.00023798800248187 -0.0944397002458572
476 0 0 -0.000237971005844884 -0.0944197028875351
475 0 0 -0.000237953005125746 -0.0943991020321846
474 0 0 -0.000237934000324458 -0.0943778976798058
473 0 0 -0.000237914005992934 -0.0943560972809792
472 0 0 -0.000237893997109495 -0.0943337008357048
471 0 0 -0.000237872998695821 -0.0943107008934021
470 0 0 -0.000237850996199995 -0.094287097454071
469 0 0 -0.000237828004173934 -0.0942626968026161
468 0 0 -0.000237804997595958 -0.0942377001047134
467 0 0 -0.000237779997405596 -0.0942118987441063
466 0 0 -0.000237753993133083 -0.0941853001713753
465 0 0 -0.000237726999330334 -0.0941580012440681
464 0 0 -0.000237700005527586 -0.0941298007965088
463 0 0 -0.000237669999478385 -0.0941008031368256
462 0 0 -0.000237639993429184 -0.0940708965063095
461 0 0 -0.000237607993767597 -0.0940401032567024
460 0 0 -0.000237575004575774 -0.0940082967281342
459 0 0 -0.000237540996749885 -0.0939754992723465
458 0 0 -0.000237504005781375 -0.0939417034387589
457 0 0 -0.000237467000260949 -0.0939067006111145
456 0 0 -0.000237426997045986 -0.0938706994056702
455 0 0 -0.000237386004300788 -0.093833401799202
454 0 0 -0.000237343003391288 -0.0937948971986771
453 0 0 -0.000237297004787251 -0.0937552005052567
452 0 0 -0.000237250002101064 -0.0937139987945557
451 0 0 -0.000237200001720339 -0.0936715006828308
450 20 24 -0.000237147993175313 -0.0936274975538254
449 0 0 -0.000237093001487665 -0.09358199685812
448 0 0 -0.000237036001635715 -0.0935347974300385
447 0 0 -0.000236976004089229 -0.0934860035777092
446 0 0 -0.00023691299429629 -0.0934353992342949
445 0 0 -0.000236845997278579 -0.0933829993009567
444 0 0 -0.00023677600256633 -0.0933286026120186
443 0 0 -0.000236702995607629 -0.0932720974087715
442 0 0 -0.000236624997342005 -0.0932136029005051
441 0 0 -0.000236544001381844 -0.0931527987122536
440 0 0 -0.000236457999562845 -0.0930896028876305
439 0 0 -0.000236367006436922 -0.0930239036679268
438 0 0 -0.000236270992900245 -0.0929557010531425
437 0 0 -0.00023617000260856 -0.0928846001625061
436 0 0 -0.000236063002375886 -0.0928106978535652
435 0 0 -0.000235950006754138 -0.0927338004112244
434 0 0 -0.000235829997109249 -0.0926536023616791
433 0 0 -0.000235704006627202 -0.092569999396801
432 0 0 -0.000235568993957713 -0.0924827978014946
431 0 0 -0.000235426996368915 -0.0923917964100838
430 0 0 -0.000235276005696505 -0.092296801507473
429 0 0 -0.000235115003306419 -0.0921975001692772
428 0 0 -0.00023494400375057 -0.0920936986804008
427 0 0 -0.000234762002946809 -0.0919850990176201
426 0 0 -0.000234569000895135 -0.0918715000152588
425 0 0 -0.000234361999901012 -0.0917524993419647
424 0 0 -0.000234142004046589 -0.0916277021169662
423 0 0 -0.000233906001085415 -0.0914968028664589
422 0 0 -0.000233654005569406 -0.0913595035672188
421 0 0 -0.000233384998864494 -0.0912152007222176
420 0 0 -0.000233095997828059 -0.0910634994506836
419 0 0 -0.000232785998377949 -0.0909039974212646
418 0 0 -0.000232453006901778 -0.090736098587513
417 0 0 -0.00023209500068333 -0.0905591025948524
416 0 0 -0.000231710000662133 -0.0903725996613503
415 0 0 -0.000231294994591735 -0.0901757031679153
414 0 0 -0.000230846999329515 -0.0899676978588104
413 0 0 -0.000230363002629019 -0.0897480025887489
412 0 0 -0.000229839002713561 -0.0895154029130936
411 0 0 -0.000229272001888603 -0.0892693027853966
410 0 0 -0.000228656994295307 -0.0890083983540535
409 0 0 -0.000227987999096513 -0.0887316986918449
408 0 0 -0.000227260999963619 -0.0884379968047142
407 0 0 -0.0002264689974254 -0.0881261005997658
406 0 0 -0.000225605006562546 -0.0877944976091385
405 0 0 -0.000224661998800002 -0.0874418020248413
404 0 0 -0.000223630006075837 -0.0870663002133369
403 0 0 -0.000222500995732844 -0.086666502058506
402 0 0 -0.000221263995626941 -0.0862405970692635
401 0 0 -0.000219905996345915 -0.0857869014143944
400 19 24 -0.000218415996641852 -0.0853034034371376
399 0 0 -0.000216779997572303 -0.0847883969545364
398 0 0 -0.000214982996112667 -0.0842403024435043
397 0 0 -0.000213008999708109 -0.0836575031280518
396 0 0 -0.000210843994864263 -0.0830385982990265
395 0 0 -0.000208470999496058 -0.0823829025030136
394 0 0 -0.000205874996026978 -0.0816899016499519
393 0 0 -0.000203043993678875 -0.0809599012136459
392 0 0 -0.000199964997591451 -0.0801939964294434
391 0 0 -0.000196630993741564 -0.0793939009308815
390 0 0 -0.000193037005374208 -0.0785624980926514
389 0 0 -0.000189184996997938 -0.0777032971382141
388 0 0 -0.000185078999493271 -0.0768207013607025
387 0 0 -0.000180728995474055 -0.0759193003177643
386 0 0 -0.000176148998434655 -0.0750043988227844
385 0 0 -0.000171356005012058 -0.0740808993577957
384 0 0 -0.000166368001373485 -0.0731538981199265
383 0 0 -0.000161206000484526 -0.0722277015447617
382 0 0 -0.000155889996676706 -0.0713064968585968
381 0 0 -0.000150439998833463 -0.0703936964273453
380 0 0 -0.00014487499720417 -0.0694919973611832
379 0 0 -0.000139212002977729 -0.0686039999127388
378 0 0 -0.000133466004626825 -0.0677312985062599
377 0 0 -0.00012765200517606 -0.0668753013014793
376 0 0 -0.000121782999485731 -0.0660371035337448
375 0 0 -0.000115868999273516 -0.0652171969413757
374 0 0 -0.000109920001705177 -0.0644161030650139
373 0 0 -0.000103944999864325 -0.0636340007185936
372 0 0 -9.79511023615487E-05 -0.0628708004951477
371 0 0 -9.19445010367781E-05 -0.0621264986693859
370 0 0 -8.59309002407826E-05 -0.0614008009433746
369 0 0 -7.99148983787745E-05 -0.0606934018433094
368 0 0 -7.39005990908481E-05 -0.060003899037838
367 0 0 -6.78915967000648E-05 -0.0593319982290268
366 0 0 -6.18908015894704E-05 -0.0586770996451378
365 0 0 -5.59008985874243E-05 -0.0580389015376568
364 0 0 -4.9923899496207E-05 -0.0574169009923935
363 0 0 -4.39618015661836E-05 -0.0568105988204479
362 0 0 -3.80160017812159E-05 -0.0562193989753723
361 0 0 -3.20879007631447E-05 -0.0556429997086525
360 0 0 -2.61786008195486E-05 -0.0550808012485504
359 0 0 -2.02888004423585E-05 -0.0545325018465519
358 0 0 -1.44192999869119E-05 -0.0539974011480808
357 0 0 -8.57059967529494E-06 -0.0534753017127514
356 0 0 -2.74308990810823E-06 -0.0529656000435352
355 0 0 3.06297010865819E-06 -0.0524680018424988
354 0 0 8.84741984918946E-06 -0.0519820004701614
353 0 0 1.461020019633E-05 -0.0515073016285896
352 0 0 2.03513991436921E-05 -0.0510433986783028
351 0 0 2.60710003203712E-05 -0.0505900010466576
350 18 24 3.17693993565626E-05 -0.0501467995345592
349 0 0 3.74465998902451E-05 -0.0497132986783981
348 0 0 4.31031003245153E-05 -0.0492893010377884
347 0 0 4.87391989736352E-05 -0.0488745011389256
346 0 0 5.43554015166592E-05 -0.0484685003757477
345 0 0 5.99519989918917E-05 -0.0480710007250309
344 0 0 6.55296025797725E-05 -0.0476818010210991
343 0 0 7.10887979948893E-05 -0.0473004989326
342 0 0 7.66301018302329E-05 -0.0469270013272762
341 0 0 8.21541980258189E-05 -0.0465608015656471
340 0 0 8.7661697762087E-05 -0.0462018996477127
339 0 0 9.31531976675615E-05 -0.0458499006927013
338 0 0 9.86295999609865E-05 -0.0455045998096466
337 0 0 0.000104090999229811 -0.0451656989753246
336 0 0 0.000109540000266861 -0.0448331013321877
335 0 0 0.000114975002361462 -0.044506598263979
334 0 0 0.000120397999125998 -0.0441858991980553
333 0 0 0.000125809994642623 -0.0438708998262882
332 0 0 0.000131212000269443 -0.0435612984001637
331 0 0 0.000136603994178586 -0.043256901204586
330 0 0 0.000141986995004117 -0.0429576002061367
329 0 0 0.000147362996358424 -0.0426632985472679
328 0 0 0.000152731998241507 -0.042373601347208
327 0 0 0.000158095004735515 -0.0420885011553764
326 0 0 0.000163453994900919 -0.0418079011142254
325 0 0 0.000168808997841552 -0.0415313988924026
324 0 0 0.000174159999005497 -0.0412590987980366
323 0 0 0.000179511000169441 -0.040990699082613
322 0 0 0.000184859993169084 -0.0407261997461319
321 0 0 0.000190210004802793 -0.0404652990400791
320 0 0 0.000195561005966738 -0.0402079001069069
319 0 0 0.00020091500482522 -0.0399538986384869
318 0 0 0.000206272001378238 -0.0397032983601093
317 0 0 0.000211634003790095 -0.0394557006657124
316 0 0 0.000217002001591027 -0.0392111986875534
315 0 0 0.000222376998863183 -0.038969699293375
314 0 0 0.000227759999688715 -0.038730900734663
313 0 0 0.000233151993597858 -0.0384947992861271
312 0 0 0.000238553999224678 -0.0382613018155098
311 0 0 0.000243967995629646 -0.0380303002893925
310 0 0 0.000249395001446828 -0.0378017015755177
309 0 0 0.00025483500212431 -0.037575401365757
308 0 0 0.000260289991274476 -0.0373512990772724
307 0 0 0.000265760987531394 -0.0371292009949684
306 0 0 0.000271249999059364 -0.0369092002511024
305 0 0 0.000276756007224321 -0.0366910994052887
304 0 0 0.000282282009720802 -0.0364748984575272
303 0 0 0.000287828006548807 -0.036260399967432
302 0 0 0.000293396005872637 -0.036047600209713
301 0 0 0.000298986997222528 -0.035836398601532
300 17 24 0.00030460100970231 -0.0356266982853413
299 0 0 0.000310239993268624 -0.0354184992611408
298 0 0 0.000315904995659366 -0.0352117009460926
297 0 0 0.000321595987770706 -0.0350061990320683
296 0 0 0.000327315996401012 -0.0348020009696484
295 0 0 0.000333064002916217 -0.0345989987254143
294 0 0 0.000338841986376792 -0.0343970991671085
293 0 0 0.000344650004990399 -0.0341962985694408
292 0 0 0.000350490998243913 -0.0339966006577015
291 0 0 0.000356362987076864 -0.0337978005409241
290 0 0 0.000362269987817854 -0.0335999988019466
289 0 0 0.000368209992302582 -0.0334030017256737
288 0 0 0.000374185008695349 -0.0332068018615246
287 0 0 0.000380196986952797 -0.0330114997923374
286 0 0 0.000386244995752349 -0.0328169018030167
285 0 0 0.000392329995520413 -0.0326230004429817
284 0 0 0.000398453994421288 -0.0324296988546848
283 0 0 0.000404616992454976 -0.0322370007634163
282 0 0 0.000410818989621475 -0.0320449993014336
281 0 0 0.000417061994085088 -0.0318534001708031
280 0 0 0.000423346005845815 -0.0316624008119106
279 0 0 0.000429670995799825 -0.0314719006419182
278 0 0 0.000436039001215249 -0.0312816984951496
277 0 0 0.000442449992988259 -0.0310919992625713
276 0 0 0.000448904000222683 -0.0309027004987001
275 0 0 0.000455402012448758 -0.0307136997580528
274 0 0 0.000461946008726954 -0.0305250994861126
273 0 0 0.000468534009996802 -0.0303367003798485
272 0 0 0.000475169013952836 -0.0301485992968082
271 0 0 0.000481849012430757 -0.0299607999622822
270 0 0 0.000488577003125101 -0.029773099347949
269 0 0 0.000495352025609463 -0.0295857004821301
268 0 0 0.000502176000736654 -0.029398400336504
267 0 0 0.000509047007653862 -0.029211200773716
266 0 0 0.000515968014951795 -0.0290242005139589
265 0 0 0.000522937974892557 -0.0288373008370399
264 0 0 0.000529958982951939 -0.0286504998803139
263 0 0 0.000537029001861811 -0.0284637007862329
262 0 0 0.000544151000212878 -0.0282770004123449
261 0 0 0.000551323988474905 -0.0280903000384569
260 0 0 0.00055854901438579 -0.0279035996645689
259 0 0 0.00056582601973787 -0.0277168992906809
258 0 0 0.000573156983591616 -0.027530200779438
257 0 0 0.000580539985094219 -0.0273433998227119
256 0 0 0.000587977992836386 -0.027156600728631
255 0 0 0.000595469027757645 -0.026969600468874
254 0 0 0.000603016000241041 -0.0267826002091169
253 0 0 0.000610616989433765 -0.0265954993665218
252 0 0 0.000618273974396288 -0.0264081992208958
251 0 0 0.000625988002866507 -0.0262208003550768
250 16 24 0.000633758027106524 -0.0260333009064198
249 0 0 0.000641584978438914 -0.0258454997092485
248 0 0 0.000649470021016896 -0.0256575997918844
247 0 0 0.000657414027955383 -0.0254695005714893
246 0 0 0.000665415020193905 -0.0252810996025801
245 0 0 0.000673476024530828 -0.0250924993306398
244 0 0 0.000681596982758492 -0.0249036997556686
243 0 0 0.000689778011292219 -0.0247147008776665
242 0 0 0.000698019983246922 -0.0245252996683121
241 0 0 0.000706322025507689 -0.0243356991559267
240 0 0 0.000714686990249902 -0.0241458006203175
239 0 0 0.000723114004358649 -0.023955499753356
238 0 0 0.000731603999156505 -0.0237649995833635
237 0 0 0.000740158022381365 -0.0235741008073092
236 0 0 0.00074877601582557 -0.0233827996999025
235 0 0 0.000757457979489118 -0.023191200569272
234 0 0 0.000766206008847803 -0.0229991991072893
233 0 0 0.000775018997956067 -0.0228068009018898
232 0 0 0.000783898984082043 -0.022614099085331
231 0 0 0.000792846025433391 -0.0224208999425173
230 0 0 0.000801860995125026 -0.0222273003309965
229 0 0 0.000810944009572268 -0.0220331996679306
228 0 0 0.000820096989627928 -0.0218387003988028
227 0 0 0.000829319003969431 -0.0216438006609678
226 0 0 0.000838610983919352 -0.0214482992887497
225 0 0 0.000847975024953485 -0.0212523993104696
224 0 0 0.00085741002112627 -0.0210560001432896
223 0 0 0.000866918009705842 -0.0208590999245644
222 0 0 0.000876499980222434 -0.0206615999341011
221 0 0 0.000886155001353472 -0.0204636007547379
220 0 0 0.000895884993951768 -0.0202651005238295
219 0 0 0.000905691005755216 -0.020066000521183
218 0 0 0.000915572978556156 -0.0198663007467985
217 0 0 0.000925533007830381 -0.0196659993380308
216 0 0 0.000935569987632334 -0.0194652006030083
215 0 0 0.000945686013437808 -0.0192636996507645
214 0 0 0.000955882016569376 -0.0190616007894278
213 0 0 0.000966158986557275 -0.0188587997108698
212 0 0 0.00097651599207893 -0.0186554007232189
211 0 0 0.000986956991255283 -0.0184514001011848
210 0 0 0.000997480005025864 -0.0182466004043818
209 0 0 0.00100808998104185 -0.0180411990731955
208 0 0 0.00101878005079925 -0.0178350992500782
207 0 0 0.0010295599931851 -0.0176282003521919
206 0 0 0.00104042002931237 -0.0174206998199224
205 0 0 0.00105137994978577 -0.0172124002128839
204 0 0 0.00106241996400058 -0.0170032996684313
203 0 0 0.00107354996725917 -0.0167934000492096
202 0 0 0.0010847799712792 -0.0165828000754118
201 0 0 0.00109609996434301 -0.0163713991641998
200 15 24 0.00110750994645059 -0.0161591004580259
199 0 0 0.00111901003401726 -0.0159460995346308
198 0 0 0.00113061000593007 -0.0157322008162737
197 0 0 0.00114230997860432 -0.0155173996463418
196 0 0 0.00115410005673766 -0.0153018003329635
195 0 0 0.00116600003093481 -0.0150853004306555
194 0 0 0.00117798999417573 -0.0148678999394178
193 0 0 0.00119008996989578 -0.0146495001390576
192 0 0 0.00120228005107492 -0.0144303003326058
191 0 0 0.00121459004003555 -0.0142101002857089
190 0 0 0.00122700002975762 -0.0139888999983668
189 0 0 0.00123951002024114 -0.0137668000534177
188 0 0 0.00125213002320379 -0.0135436998680234
187 0 0 0.00126487005036324 -0.0133196003735065
186 0 0 0.00127770996186882 -0.0130944000557065
185 0 0 0.00129067001398653 -0.0128683000802994
184 0 0 0.00130373996216804 -0.0126409996300936
183 0 0 0.00131693005096167 -0.0124126998707652
182 0 0 0.00133023003581911 -0.0121833002194762
181 0 0 0.00134365004487336 -0.0119529003277421
180 0 0 0.00135718996170908 -0.0117212003096938
179 0 0 0.00137085001915693 -0.0114885000512004
178 0 0 0.00138463999610394 -0.0112546002492309
177 0 0 0.00139854999724776 -0.0110194999724627
176 0 0 0.00141259003430605 -0.0107832998037338
175 0 0 0.0014267599908635 -0.0105458004400134
174 0 0 0.00144104997161776 -0.0103070996701717
173 0 0 0.00145548000000417 -0.0100672002881765
172 0 0 0.00147003994788975 -0.00982594955712557
171 0 0 0.00148473994340748 -0.00958347041159868
170 0 0 0.00149957998655736 -0.00933969020843506
169 0 0 0.00151454994920641 -0.00909458007663488
168 0 0 0.00152966997120529 -0.00884815026074648
167 0 0 0.00154493004083633 -0.00860034953802824
166 0 0 0.00156033004168421 -0.00835117045789957
165 0 0 0.00157588999718428 -0.00810059998184443
164 0 0 0.0015915900003165 -0.00784861017018557
163 0 0 0.00160743994638324 -0.00759518006816506
162 0 0 0.00162344996351749 -0.00734029011800885
161 0 0 0.00163962005171925 -0.00708391983062029
160 0 0 0.0016559399664402 -0.00682605011388659
159 0 0 0.00167241995222867 -0.00656666001304984
158 0 0 0.00168907002080232 -0.00630572019144893
157 0 0 0.00170588004402816 -0.00604321015998721
156 0 0 0.00172286003362387 -0.00577912013977766
155 0 0 0.00174000998958945 -0.0055134198628366
154 0 0 0.0017573400400579 -0.00524607999250293
153 0 0 0.00177483004517853 -0.00497708003968
152 0 0 0.00179251004010439 -0.00470641022548079
151 0 0 0.00181037001311779 -0.0044340300373733
150 14 24 0.00182840996421874 -0.00415991991758347
149 0 0 0.00184664002154022 -0.00388406007550657
148 0 0 0.00186505995225161 -0.00360643002204597
147 0 0 0.00188365997746587 -0.00332699995487928
146 0 0 0.0019024700159207 -0.00304574007168412
145 0 0 0.00192147004418075 -0.00276263011619449
144 0 0 0.00194066995754838 -0.00247764005325735
143 0 0 0.00196007988415658 -0.00219076010398567
142 0 0 0.00197969004511833 -0.0019019499886781
141 0 0 0.00199950998649001 -0.00161118002142757
140 0 0 0.00201954995281994 -0.00131843995768577
139 0 0 0.00203979993239045 -0.00102368998341262
138 0 0 0.00206027994863689 -0.000726911006495357
137 0 0 0.0020809699781239 -0.0004280699940864
136 0 0 0.00210189004428685 -0.000127142993733287
135 0 0 0.00212304992601275 0.000175898996531032
134 0 0 0.00214444007724524 0.000481082999613136
133 0 0 0.002166060032323 0.000788438017480075
132 0 0 0.00218793004751205 0.00109798996709287
131 0 0 0.00221004011109471 0.00140976998955011
130 0 0 0.00223240000195801 0.00172380998264998
129 0 0 0.0022550099529326 0.00204013008624315
128 0 0 0.00227787997573614 0.00235875998623669
127 0 0 0.00230101007036865 0.0026797300670296
126 0 0 0.00232440000399947 0.00300307990983129
125 0 0 0.00234807003289461 0.0033288300037384
124 0 0 0.00237199990078807 0.00365700991824269
123 0 0 0.00239622010849416 0.00398766016587615
122 0 0 0.00242070993408561 0.00432079005986452
121 0 0 0.00244549009948969 0.00465644989162683
120 0 0 0.00247055990621448 0.00499464990571141
119 0 0 0.00249593006446958 0.005335439927876
118 0 0 0.00252159009687603 0.00567883998155594
117 0 0 0.00254756002686918 0.00602487986907363
116 0 0 0.00257384008727968 0.00637360010296106
115 0 0 0.00260043004527688 0.00672500999644399
114 0 0 0.00262733991257846 0.00707915984094143
113 0 0 0.00265456992201507 0.00743607990443707
112 0 0 0.00268213008530438 0.00779577996581793
111 0 0 0.0027100199367851 0.00815831031650305
110 0 0 0.0027382499538362 0.00852369982749224
109 0 0 0.00276681990362704 0.00889195967465639
108 0 0 0.00279575004242361 0.00926314014941454
107 0 0 0.00282502011395991 0.00963724963366985
106 0 0 0.00285464990884066 0.0100143002346158
105 0 0 0.00288464990444481 0.010394399985671
104 0 0 0.0029150100890547 0.0107775004580617
103 0 0 0.00294575002044439 0.0111637003719807
102 0 0 0.00297686993144453 0.0115529000759125
101 0 0 0.00300837005488575 0.0119452998042107
100 13 24 0.00304026994854212 0.0123407002538443
99 0 0 0.00307256006635725 0.0127394003793597
98 0 0 0.00310524995438755 0.0131411999464035
97 0 0 0.00313835009001195 0.0135461995378137
96 0 0 0.00316063989885151 0.0138180004432797
95 0 0 0.00318311993032694 0.0140912998467684
94 0 0 0.00320577993988991 0.0143659003078938
93 0 0 0.00322863995097578 0.0146420998498797
92 0 0 0.00325167994014919 0.014919700101018
91 0 0 0.00327490991912782 0.0151987001299858
90 0 0 0.00329833989962935 0.0154793001711369
89 0 0 0.00332196010276675 0.0157613009214401
88 0 0 0.00334578007459641 0.0160447992384434
87 0 0 0.00336979003623128 0.016329700127244
86 0 0 0.00339399999938905 0.0166161991655827
85 0 0 0.0034184199757874 0.0169041007757187
84 0 0 0.00344302994199097 0.0171936005353928
83 0 0 0.00346784992143512 0.0174844991415739
82 0 0 0.00349287991411984 0.0177769009023905
81 0 0 0.00351810990832746 0.0180709008127451
80 0 0 0.00354354991577566 0.0183662995696068
79 0 0 0.00356919993646443 0.0186633002012968
78 0 0 0.00359505997039378 0.0189616996794939
77 0 0 0.00362114002928138 0.0192616991698742
76 0 0 0.00364742008969188 0.0195631999522448
75 0 0 0.00367392995394766 0.0198662001639605
74 0 0 0.00370065006427467 0.0201706998050213
73 0 0 0.00372757995501161 0.0204767007380724
72 0 0 0.00375474011525512 0.0207841992378235
71 0 0 0.00378212006762624 0.02109320089221
70 0 0 0.00380971003323793 0.0214037001132965
69 0 0 0.00383753003552556 0.0217157006263733
68 0 0 0.00386558007448912 0.0220292005687952
67 0 0 0.00389384990558028 0.0223441999405622
66 0 0 0.00392233999446034 0.0226606000214815
65 0 0 0.00395106989890337 0.022978600114584
64 0 0 0.00398002006113529 0.0232980009168386
63 0 0 0.00400919979438186 0.0236188992857933
62 0 0 0.00403861002996564 0.0239413008093834
61 0 0 0.00406824005767703 0.0242650005966425
60 0 0 0.00409810990095139 0.0245903003960848
59 0 0 0.00412822002544999 0.0249169003218412
58 0 0 0.00415854994207621 0.0252449996769428
57 0 0 0.00418912013992667 0.0255744997411966
56 0 0 0.00421991990879178 0.0259054005146027
55 0 0 0.00425095017999411 0.0262375995516777
54 0 0 0.00428221980109811 0.026571299880743
53 0 0 0.00431371992453933 0.0269063003361225
52 0 0 0.00434545008465648 0.0272426009178162
51 0 0 0.00437742006033659 0.0275801997631788
50 12 24 0.00440962007269263 0.0279191005975008
49 0 0 0.00444205990061164 0.0282594002783298
48 0 0 0.00447473023086786 0.028600899502635
47 0 0 0.00450763013213873 0.0289436001330614
46 0 0 0.00454076984897256 0.0292875003069639
45 0 0 0.00457412982359529 0.0296327006071806
44 0 0 0.00460773007944226 0.0299789998680353
43 0 0 0.00464155990630388 0.0303265005350113
42 0 0 0.00467561976984143 0.0306751001626253
41 0 0 0.00470989989116788 0.0310247000306845
40 0 0 0.00474441982805729 0.0313755013048649
39 0 0 0.0047791600227356 0.0317272990942001
38 0 0 0.00481412000954151 0.0320800989866257
37 0 0 0.00484931003302336 0.0324339009821415
36 0 0 0.00488471984863281 0.0327886007726192
35 0 0 0.00492034992203116 0.033144298940897
34 0 0 0.00495619000867009 0.0335008017718792
33 0 0 0.00499226013198495 0.033858198672533
32 0 0 0.00502853002399206 0.0342162996530533
31 0 0 0.00506500992923975 0.0345752984285355
30 0 0 0.00510171009227633 0.034934900701046
29 0 0 0.00513859977945685 0.0352953001856804
28 0 0 0.00517571019008756 0.0356562994420528
27 0 0 0.00521299988031387 0.0360178984701633
26 0 0 0.00525050004944205 0.0363800004124641
25 0 0 0.00528819020837545 0.0367426984012127
24 0 0 0.00532606989145279 0.0371057987213135
23 0 0 0.00536412978544831 0.0374693982303143
22 0 0 0.00540236989036202 0.0378332994878292
21 0 0 0.00544079998508096 0.0381975993514061
20 0 0 0.00547938980162144 0.0385621003806591
19 0 0 0.0055181598290801 0.038926899433136
18 0 0 0.00555707979947329 0.0392917990684509
17 0 0 0.00559617020189762 0.0396567992866039
16 0 0 0.00563541986048222 0.040021900087595
15 0 0 0.00567481014877558 0.040387000888586
14 0 0 0.00571434013545513 0.040752001106739
13 0 0 0.0057540200650692 0.041116900742054
12 0 0 0.00579382991418242 0.0414816997945309
11 0 0 0.00583375990390778 0.0418462008237839
10 0 0 0.00587381981313229 0.0422105006873608
9 0 0 0.00591399008408189 0.0425743013620377
8 0 0 0.00595428002998233 0.0429378002882004
7 0 0 0.00599465984851122 0.0433008000254631
6 0 0 0.00603513978421688 0.0436633005738258
5 0 0 0.00607571005821228 0.0440252013504505
4 0 0 0.00611635996028781 0.0443864017724991
3 0 0 0.00614350009709597 0.0446267016232014
2 0 0 0.00616161990910769 0.0447867996990681
1 0 0 0.00618579005822539 0.0450000017881393
1 0 0 0.00618579005822539 0.0450000017881393
2 0 0 0.00620998023077846 0.0452128984034061
3 0 0 0.00622814008966088 0.0453724004328251
4 0 0 0.00625539012253284 0.0456111989915371
5 0 0 0.00629631988704205 0.0459687002003193
6 0 0 0.00633727991953492 0.0463251993060112
7 0 0 0.00637828977778554 0.046680498868227
8 0 0 0.00641930988058448 0.0470346994698048
9 0 0 0.00646035000681877 0.0473877005279064
10 0 0 0.00650141015648842 0.0477394014596939
11 0 0 0.00654246006160975 0.0480897016823292
12 0 0 0.00658350018784404 0.0484386011958122
13 0 0 0.00662453006953001 0.048785999417305
14 0 0 0.00666553014889359 0.0491317994892597
15 0 0 0.0067064999602735 0.0494760014116764
16 0 0 0.00674741994589567 0.0498185008764267
17 0 0 0.0067882901057601 0.0501592010259628
18 0 0 0.00682910019531846 0.0504981018602848
19 0 0 0.00686983019113541 0.0508349984884262
20 0 0 0.00691048987209797 0.0511699989438057
21 0 0 0.00695104990154505 0.0515028983354568
22 0 0 0.00699152005836368 0.05183370038867
23 0 0 0.00703187007457018 0.0521623007953167
24 0 0 0.00707209995016456 0.052488699555397
25 0 0 0.0071122101508081 0.0528127998113632
26 0 0 0.00715216994285583 0.0531345009803772
27 0 0 0.00719199003651738 0.0534536987543106
28 0 0 0.00723164016380906 0.0537705011665821
29 0 0 0.00727113010361791 0.0540845990180969
30 0 0 0.00731043983250856 0.0543962009251118
31 0 0 0.00734954979270697 0.0547050014138222
32 0 0 0.00738847022876143 0.0550111010670662
33 0 0 0.00742718018591404 0.0553143993020058
34 0 0 0.00746566988527775 0.0556147992610931
35 0 0 0.00750393979251385 0.0559123009443283
36 0 0 0.00754196010529995 0.0562066994607449
37 0 0 0.00757972989231348 0.0564981997013092
38 0 0 0.00761725008487701 0.0567864999175072
39 0 0 0.00765448994934559 0.0570716001093388
40 0 0 0.00769146019592881 0.057353600859642
41 0 0 0.00772813986986876 0.0576323010027409
42 0 0 0.00776450987905264 0.0579077005386353
43 0 0 0.0078005800023675 0.0581796988844872
44 0 0 0.00783633999526501 0.0584482997655869
45 0 0 0.00787176005542278 0.058713398873806
46 0 0 0.00790685042738914 0.0589749999344349
47 0 0 0.00794158969074488 0.0592330992221832
48 0 0 0.00797597039490938 0.0594875998795033
49 0 0 0.00800998974591494 0.0597384013235569
50 2 24 0.00804364029318094 0.0599856004118919
51 0 0 0.00807689968496561 0.0602289997041225
52 0 0 0.00810976978391409 0.0604686997830868
53 0 0 0.00814223010092974 0.0607044994831085
54 0 0 0.0081742899492383 0.0609364993870258
55 0 0 0.00820592045783997 0.0611646994948387
56 0 0 0.00823713000863791 0.0613889992237091
57 0 0 0.00826791021972895 0.0616093017160892
58 0 0 0.00829823967069387 0.0618255995213985
59 0 0 0.00832810997962952 0.0620380006730556
60 0 0 0.00835753045976162 0.0622463002800941
61 0 0 0.00838647969067097 0.0624505989253521
62 0 0 0.00841495022177696 0.0626507997512817
63 0 0 0.00844294019043446 0.0628468990325928
64 0 0 0.00847043003886938 0.0630389004945755
65 0 0 0.00849743001163006 0.0632266998291016
66 0 0 0.00852392986416817 0.0634104013442993
67 0 0 0.00854991003870964 0.0635899007320404
68 0 0 0.0085753696039319 0.0637651979923248
69 0 0 0.00860031042248011 0.0639362037181854
70 0 0 0.00862471014261246 0.0641030967235565
71 0 0 0.00864857994019985 0.0642656981945038
72 0 0 0.00867190957069397 0.0644240975379944
73 0 0 0.00869468040764332 0.0645781978964806
74 0 0 0.00871689990162849 0.0647279992699623
75 0 0 0.00873855967074633 0.0648735985159874
76 0 0 0.00875965040177107 0.0650148987770081
77 0 0 0.00878017023205757 0.0651519000530243
78 0 0 0.00880012009292841 0.0652846023440361
79 0 0 0.00881948042660952 0.0654129981994629
80 0 0 0.00883825961500406 0.0655371025204659
81 0 0 0.00885645020753145 0.0656569004058838
82 0 0 0.00887405034154654 0.0657725036144257
83 0 0 0.00889104977250099 0.0658837035298347
84 0 0 0.00890745036303997 0.0659907013177872
85 0 0 0.00892324000597 0.0660934001207352
86 0 0 0.00893842987716198 0.0661918967962265
87 0 0 0.00895300973206758 0.066286101937294
88 0 0 0.00896697025746107 0.0663760006427765
89 0 0 0.00898031983524561 0.0664616972208023
90 0 0 0.00899305008351803 0.0665431022644043
91 0 0 0.00900516007095575 0.0666204020380974
92 0 0 0.00901663955301046 0.066693402826786
93 0 0 0.00902749970555305 0.0667622983455658
94 0 0 0.00903773959726095 0.0668269991874695
95 0 0 0.00904733967036009 0.0668874979019165
96 0 0 0.00905632041394711 0.0669438987970352
97 0 0 0.00906466972082853 0.0669962018728256
98 0 0 0.0090723903849721 0.0670443996787071
99 0 0 0.00907947029918432 0.0670884996652603
100 3 24 0.00908591970801353 0.067128598690033
101 0 0 0.00909173954278231 0.0671645998954773
102 0 0 0.00909692980349064 0.0671966001391411
103 0 0 0.00910148955881596 0.0672245994210243
104 0 0 0.00910541042685509 0.0672487020492554
105 0 0 0.00910869985818863 0.0672688037157059
106 0 0 0.00911135971546173 0.0672850981354713
107 0 0 0.00911338999867439 0.0672973990440369
108 0 0 0.00911478977650404 0.067305900156498
109 0 0 0.00911555998027325 0.0673104971647263
110 4 22 0.00911570992320776 0.0673115029931068
111 0 0 0.00911550968885422 0.0673103034496307
112 0 0 0.00911404006183147 0.0673014000058174
113 0 0 0.00911116041243076 0.0672841966152191
114 0 0 0.00910689029842615 0.0672587975859642
115 0 0 0.00910122971981764 0.0672252997756004
116 0 0 0.00909418985247612 0.0671837031841278
117 0 0 0.00908578000962734 0.0671342015266418
118 0 0 0.00907601043581963 0.0670770034193993
119 0 0 0.0090648801997304 0.0670121014118195
120 0 0 0.00905242003500462 0.0669395998120308
121 0 0 0.00903861969709396 0.0668596997857094
122 0 0 0.00902349967509508 0.0667724013328552
123 0 0 0.00900707021355629 0.0666780024766922
124 0 0 0.00898933969438076 0.0665765032172203
125 0 0 0.00897032953798771 0.0664680004119873
126 0 0 0.00895006023347378 0.0663527026772499
127 0 0 0.0089285196736455 0.0662306994199753
128 0 0 0.00890574045479298 0.0661021023988724
129 0 0 0.00888174027204514 0.0659670978784561
130 0 0 0.00885652005672455 0.0658257007598877
131 0 0 0.00883010029792786 0.065678097307682
132 0 0 0.00880249962210655 0.0655243992805481
133 0 0 0.00877373013645411 0.0653647035360336
134 0 0 0.00874380953609943 0.0651991963386536
135 0 0 0.00871274992823601 0.0650279968976974
136 0 0 0.00868056993931532 0.0648510977625847
137 0 0 0.00864727981388569 0.0646687969565392
138 0 0 0.00861291028559208 0.0644811019301414
139 0 0 0.00857746042311192 0.0642881989479065
140 0 0 0.00854096002876759 0.0640901029109955
141 0 0 0.00850342027842999 0.0638870000839233
142 0 0 0.00846485979855061 0.0636790990829468
143 0 0 0.00842528976500034 0.063466303050518
144 0 0 0.00838473998010159 0.0632489025592804
145 0 0 0.00834321044385433 0.0630268976092339
146 0 0 0.00830071978271008 0.0628004968166351
147 0 0 0.00825729966163635 0.0625697001814842
148 0 0 0.00821296032518148 0.0623347014188766
149 0 0 0.00816771015524864 0.0620956011116505
150 5 24 0.00812156964093447 0.0618524998426437
151 0 0 0.00807456020265818 0.0616054981946945
152 0 0 0.00802669953554869 0.0613545998930931
153 0 0 0.00797799974679947 0.061099998652935
154 0 0 0.00792847014963627 0.0608418993651867
155 0 0 0.0078781396150589 0.06058020144701
156 0 0 0.00782702025026083 0.0603150986135006
157 0 0 0.00777511997148395 0.060046698898077
158 0 0 0.0077224699780345 0.059774998575449
159 0 0 0.00766906980425119 0.0595002993941307
160 0 0 0.007614950183779 0.059222400188446
161 0 0 0.00756011996418238 0.0589416995644569
162 0 0 0.00750458985567093 0.0586580000817776
163 0 0 0.00744837988168001 0.0583715997636318
164 0 0 0.00739149982109666 0.0580824986100197
165 0 0 0.00733397994190454 0.0577907003462315
166 0 0 0.00727581977844238 0.0574964992702007
167 0 0 0.00721703981980681 0.057199701666832
168 0 0 0.00715764984488487 0.0569006018340588
169 0 0 0.00709766987711191 0.0565991997718811
170 0 0 0.00703711993992329 0.0562955997884274
171 0 0 0.006976000033319 0.0559898987412453
172 0 0 0.0069143301807344 0.0556819997727871
173 0 0 0.00685212016105652 0.0553722009062767
174 0 0 0.00678938999772072 0.055060401558876
175 0 0 0.00669434992596507 0.0545893013477325
176 0 0 0.0065982099622488 0.0541142001748085
177 0 0 0.00650101015344262 0.05363529920578
178 0 0 0.00640279985964298 0.0531529001891613
179 0 0 0.00630360981449485 0.0526672005653381
180 0 0 0.00620348984375596 0.0521784014999866
181 0 0 0.00610247999429703 0.0516867004334927
182 0 0 0.00600061984732747 0.0511922016739845
183 0 0 0.00589794991537929 0.0506950989365578
184 0 0 0.00579450000077486 0.0501957014203072
185 0 0 0.0056903101503849 0.0496940985321999
186 0 0 0.00558541994541883 0.0491904988884926
187 0 0 0.00547986011952162 0.048684898763895
188 0 0 0.00537366978824139 0.0481777004897594
189 0 0 0.00526688992977142 0.0476689003407955
190 0 0 0.0051595401018858 0.0471588000655174
191 0 0 0.00505165010690689 0.0466472990810871
192 0 0 0.00494326977059245 0.0461346991360188
193 0 0 0.00483440980315208 0.0456212013959885
194 0 0 0.00472512003034353 0.0451067984104156
195 0 0 0.00461542000994086 0.044591598212719
196 0 0 0.00450533023104072 0.0440758988261223
197 0 0 0.00439490005373955 0.0435597002506256
198 0 0 0.00422863988205791 0.0427846983075142
199 0 0 0.00406175013631582 0.0420093014836311
200 6 24 0.00389430997893214 0.0412338003516197
201 0 0 0.00372640998102725 0.0404586009681225
202 0 0 0.00355811999179423 0.0396839007735252
203 0 0 0.00338952988386154 0.038910299539566
204 0 0 0.00322070997208357 0.0381378009915352
205 0 0 0.00305173988454044 0.0373669005930424
206 0 0 0.00288269994780421 0.0365977995097637
207 0 0 0.00271364999935031 0.0358307994902134
208 0 0 0.00254465988837183 0.0350661017000675
209 0 0 0.00237579992972314 0.0343040004372597
210 0 0 0.00220711994916201 0.0335447005927563
211 0 0 0.00203870004042983 0.0327885001897812
212 0 0 0.00187060004100204 0.0320356003940105
213 0 0 0.00170285999774933 0.0312861986458302
214 0 0 0.00153556000441313 0.0305403992533684
215 0 0 0.00136872997973114 0.0297986008226871
216 0 0 0.00120245001744479 0.0290609002113342
217 0 0 0.00103676004800946 0.0283273998647928
218 0 0 0.000871701980940998 0.027598399668932
219 0 0 0.000707338971551508 0.0268741007894278
220 0 0 0.000543716014362872 0.0261544995009899
221 0 0 0.000299770006677136 0.0250844992697239
222 0 0 5.7747500250116E-05 0.0240263007581234
223 0 0 -0.000182200994458981 0.0229803007096052
224 0 0 -0.000419930001953617 0.0219470001757145
225 0 0 -0.000655298994388431 0.0209269002079964
226 0 0 -0.00088817102368921 0.0199204999953508
227 0 0 -0.00111841002944857 0.0189280994236469
228 0 0 -0.00134588999208063 0.0179504007101059
229 0 0 -0.00157048995606601 0.0169877000153065
230 0 0 -0.00179205997847021 0.0160402990877628
231 0 0 -0.00201050005853176 0.0151087995618582
232 0 0 -0.00222569005563855 0.0141936000436544
233 0 0 -0.00243749003857374 0.0132950004190207
234 0 0 -0.00264579011127353 0.0124134998768568
235 0 0 -0.00285047991201282 0.0115494001656771
236 0 0 -0.00305143999867141 0.0107031995430589
237 0 0 -0.00324853998608887 0.00987522955983877
238 0 0 -0.00344167998991907 0.00906594004482031
239 0 0 -0.00363073009066284 0.00827571004629135
240 0 0 -0.00381556991487741 0.00750494981184602
241 0 0 -0.00399609981104732 0.00675407005473971
242 0 0 -0.00417219009250402 0.00602346006780863
243 0 0 -0.00434372015297413 0.00531355012208223
244 0 0 -0.0045105698518455 0.00462474999949336
245 0 0 -0.0046726199798286 0.00395746016874909
246 0 0 -0.00482974015176296 0.00331212999299169
247 0 0 -0.00498182000592351 0.00268915994092822
248 0 0 -0.00512871984392405 0.00208898005075753
249 0 0 -0.00527032976970077 0.00151203002315015
250 7 24 -0.00540649984031916 0.000958725984673947
251 0 0 -0.00553712015971541 0.000429503008490428
252 0 0 -0.00566203985363245 -7.52089981688187E-05
253 0 0 -0.00578114995732903 -0.000554979022126645
254 0 0 -0.00589428981766105 -0.00100937997922301
255 0 0 -0.00600135000422597 -0.00143798999488354
256 0 0 -0.006102180108428 -0.00184038002043962
257 0 0 -0.00619663996621966 -0.00221615005284548
258 0 0 -0.00628460990265012 -0.00256488006561995
259 0 0 -0.00636593019589782 -0.00288618006743491
260 0 0 -0.00644049001857638 -0.00317967007867992
261 0 0 -0.00650813011452556 -0.0034449698869139
262 0 0 -0.00656872009858489 -0.00368173001334071
263 0 0 -0.00662213983014226 -0.00388961005955935
264 0 0 -0.00666823005303741 -0.00406830990687013
265 0 0 -0.00670689018443227 -0.00421751011162996
266 0 0 -0.00673796981573105 -0.00433696992695332
267 0 0 -0.00676133995875716 -0.00442644022405148
268 0 0 -0.00677690003067255 -0.00448571005836129
269 0 0 -0.00678452011197805 -0.00451460015028715
270 0 0 -0.00678532989695668 -0.00451765023171902
271 0 0 -0.00676851021125913 -0.00445460015907884
272 0 0 -0.00671846978366375 -0.0042688800022006
273 0 0 -0.00663453014567494 -0.00396068021655083
274 0 0 -0.00651611015200615 -0.00353097007609904
275 0 0 -0.00636278977617621 -0.00298147997818887
276 0 0 -0.00617429008707404 -0.00231475010514259
277 0 0 -0.00595049979165196 -0.00153405999299139
278 0 0 -0.00569149991497397 -0.000643474981188774
279 0 0 -0.00539750978350639 0.000352263014065102
280 0 0 -0.00506894988939166 0.00144778995309025
281 0 0 -0.00470639020204544 0.00263722008094192
282 0 0 -0.0043105399236083 0.00391421979293227
283 0 0 -0.00388229009695351 0.00527213979512453
284 0 0 -0.00342262000776827 0.00670411018654704
285 0 0 -0.00293264002539217 0.00820317026227713
286 0 0 -0.00241354992613196 0.00976231042295694
287 0 0 -0.00186662003397942 0.0113746002316475
288 0 0 -0.00129319995176047 0.0130334002897143
289 0 0 -0.000694669026415795 0.0147320004180074
290 0 0 -7.24447018001229E-05 0.0164641998708248
291 0 0 0.000572032993659377 0.0182240009307861
292 0 0 0.00123732001520693 0.0200057998299599
293 0 0 0.00192195002455264 0.0218042992055416
294 0 0 0.00262450007721782 0.0236146003007889
295 0 0 0.00334352999925613 0.0254321992397308
296 0 0 0.00407761987298727 0.0272527001798153
297 0 0 0.00482538994401693 0.0290724001824856
298 0 0 0.00558545999228954 0.0308876000344753
299 0 0 0.00635646982118487 0.0326950997114182
300 8 24 0.00713710999116302 0.0344920009374619
301 0 0 0.00792604964226484 0.0362754017114639
302 0 0 0.00872201006859541 0.0380428992211819
303 0 0 0.00952369999140501 0.0397921018302441
304 0 0 0.0103297997266054 0.0415209010243416
305 0 0 0.0111392000690103 0.0432273000478745
306 0 0 0.0119503997266293 0.0449093990027905
307 0 0 0.0127622000873089 0.0465653017163277
308 0 0 0.0135733000934124 0.0481932982802391
309 0 0 0.0143823996186256 0.0497917011380196
310 0 0 0.015187899582088 0.051358699798584
311 0 0 0.0159885007888079 0.0528925992548466
312 0 0 0.0167826004326344 0.0543914996087551
313 0 0 0.0175685007125139 0.0558534003794193
314 0 0 0.0183444991707802 0.0572763010859489
315 0 0 0.0191086009144783 0.0586578994989395
316 0 0 0.0198586992919445 0.0599956996738911
317 0 0 0.0205924995243549 0.0612867996096611
318 0 0 0.0213073994964361 0.0625281035900116
319 0 0 0.0220004990696907 0.0637160986661911
320 0 0 0.0226684994995594 0.0648467019200325
321 0 0 0.0233076997101307 0.0659151002764702
322 0 0 0.0239138994365931 0.0669161006808281
323 0 0 0.024482099339366 0.0678433030843735
324 0 0 0.0250068008899689 0.0686896964907646
325 0 0 0.0254817008972168 0.06944689899683
326 0 0 0.0258993003517389 0.0701055005192757
327 0 0 0.0262512993067503 0.0706548020243645
328 0 0 0.0265283994376659 0.0710828006267548
329 0 0 0.0267203003168106 0.071376197040081
330 0 0 0.0268162004649639 0.0715214014053345
331 9 22 0.0268251001834869 0.0715349018573761
332 0 0 0.0267677009105682 0.0714491978287697
333 0 0 0.0265893992036581 0.0711850002408028
334 0 0 0.0262829996645451 0.0707345008850098
335 0 0 0.0258450992405415 0.0700950026512146
336 0 0 0.0252767000347376 0.0692699030041695
337 0 0 0.0245831999927759 0.0682685002684593
338 0 0 0.0237738993018866 0.0671048015356064
339 0 0 0.022860499098897 0.0657960027456284
340 0 0 0.0218560006469488 0.064360000193119
341 0 0 0.0207730997353792 0.062814399600029
342 0 0 0.0196237005293369 0.0611747987568378
343 0 0 0.0184180997312069 0.0594548992812634
344 0 0 0.0171655006706715 0.0576659999787807
345 0 0 0.0158734004944563 0.0558172985911369
346 0 0 0.0145480995997787 0.0539162009954453
347 0 0 0.0131946997717023 0.0519685000181198
348 0 0 0.0118175996467471 0.0499784015119076
349 0 0 0.0104203000664711 0.0479493997991085
350 10 24 0.00900556985288858 0.0458837002515793
351 0 0 0.00757582020014524 0.043782901018858
352 0 0 0.00613297009840608 0.0416477993130684
353 0 0 0.00467860978096724 0.0394788011908531
354 0 0 0.00321404007263482 0.0372756011784077
355 0 0 0.00174032000359148 0.0350374989211559
356 0 0 0.000258296000538394 0.0327633991837502
357 0 0 -0.00123133999295533 0.030451700091362
358 0 0 -0.00272805988788605 0.0281004998832941
359 0 0 -0.00423145014792681 0.0257073994725943
360 0 0 -0.00574119994416833 0.0232695005834103
361 0 0 -0.00725710997357965 0.0207835994660854
362 0 0 -0.00877906009554863 0.0182459000498056
363 0 0 -0.0103070000186563 0.0156520009040833
364 0 0 -0.0118410000577569 0.01299689989537
365 0 0 -0.0133811999112368 0.010274900123477
366 0 0 -0.0149275995790958 0.00747969001531601
367 0 0 -0.0164804998785257 0.00460383994504809
368 0 0 -0.0180401001125574 0.00163898000027984
369 0 0 -0.019606800749898 -0.00142445997335017
370 0 0 -0.0211807005107403 -0.00459745014086366
371 0 0 -0.0227623004466295 -0.00789254996925592
372 0 0 -0.0243517998605967 -0.011324199847877
373 0 0 -0.0259495992213488 -0.0149093000218272
374 0 0 -0.0275557991117239 -0.0186670999974012
375 0 0 -0.0291706006973982 -0.0226201005280018
376 0 0 -0.0307941008359194 -0.0267948005348444
377 0 0 -0.0324261002242565 -0.0312220007181168
378 0 0 -0.0340663008391857 -0.03593809902668
379 0 0 -0.0357140004634857 -0.0409860014915466
380 0 0 -0.0373683013021946 -0.0464169010519981
381 0 0 -0.039027601480484 -0.0522915981709957
382 0 0 -0.0406901016831398 -0.0586832985281944
383 0 0 -0.0423530004918575 -0.0656796023249626
384 0 0 -0.0440130010247231 -0.0733866989612579
385 0 0 -0.0456656999886036 -0.0819327011704445
386 0 0 -0.0473058000206947 -0.091472402215004
387 0 0 -0.0489263013005257 -0.102191001176834
388 11 29 -0.0505187995731831 -0.114307999610901
