404 30 29 -0.0504790991544724 0.559753000736237
403 0 0 -0.0498149991035461 0.571098983287811
402 0 0 -0.049143198877573 0.582659006118774
401 0 0 -0.048463698476553 0.594439029693604
400 29 24 -0.0477765016257763 0.606441020965576
399 0 0 -0.0470817014575005 0.618671000003815
398 0 0 -0.0463791005313396 0.631130993366241
397 0 0 -0.0456687994301319 0.643826007843018
396 0 0 -0.0449508987367153 0.656759023666382
395 0 0 -0.0442253984510899 0.669933021068573
394 0 0 -0.0434922985732555 0.683351993560791
393 0 0 -0.0427516996860504 0.697018027305603
392 0 0 -0.0420036986470222 0.710933029651642
391 0 0 -0.0412482991814613 0.725102007389069
390 0 0 -0.0404856987297535 0.739525020122528
389 0 0 -0.0397160984575748 0.754204988479614
388 0 0 -0.0389394015073776 0.769142985343933
387 0 0 -0.0381558015942574 0.784340977668762
386 0 0 -0.0373656004667282 0.799799978733063
385 0 0 -0.0365688018500805 0.815522015094757
384 0 0 -0.0357655994594097 0.831506013870239
383 0 0 -0.0349562987685204 0.847755014896393
382 0 0 -0.0341407991945744 0.864266991615295
381 0 0 -0.0333195999264717 0.881043016910553
380 0 0 -0.0324926003813744 0.898083984851837
379 0 0 -0.0316602997481823 0.915387988090515
378 0 0 -0.0308226998895407 0.932955980300903
377 0 0 -0.0299800001084805 0.950785994529724
376 0 0 -0.0291325002908707 0.968878984451294
375 0 0 -0.0282803997397423 0.987231016159058
374 0 0 -0.0274240002036095 1.0058399438858
373 0 0 -0.0265632998198271 1.02471005916595
372 0 0 -0.0256987996399403 1.04384005069733
371 0 0 -0.024830499663949 1.06322002410889
370 0 0 -0.0239586997777224 1.08285999298096
369 0 0 -0.0230836998671293 1.10274004936218
368 0 0 -0.022205600515008 1.12287998199463
367 0 0 -0.0213246997445822 1.14326000213623
366 0 0 -0.0204412993043661 1.1638799905777
365 0 0 -0.0195554997771978 1.18474996089935
364 0 0 -0.0186675004661083 1.20586001873016
363 0 0 -0.0177776999771595 1.22720003128052
362 0 0 -0.0168862007558346 1.24876999855042
361 0 0 -0.0159933008253574 1.27058005332947
360 0 0 -0.0150990998372436 1.29261004924774
359 0 0 -0.0142037998884916 1.31486999988556
358 0 0 -0.0133077995851636 1.33735001087189
357 0 0 -0.0124112004414201 1.36004996299744
356 0 0 -0.0115141002461314 1.38295996189117
355 0 0 -0.0106169003993273 1.40609002113342
354 0 0 -0.00971968006342649 1.42943000793457
353 0 0 -0.00882264971733093 1.45297002792358
352 0 0 -0.00792600959539413 1.4767199754715
351 0 0 -0.00702993012964725 1.50065994262695
350 28 24 -0.00613461993634701 1.5248099565506
349 0 0 -0.0052402401342988 1.54913997650146
348 0 0 -0.00434697000309825 1.5736700296402
347 0 0 -0.00345497997477651 1.59838998317719
346 0 0 -0.00256445002742112 1.62329995632172
345 0 0 -0.00167552998755127 1.64838004112244
344 0 0 -0.000788391975220293 1.67365002632141
343 0 0 9.67968007898889E-05 1.69910001754761
342 0 0 0.000979874981567264 1.7247200012207
341 0 0 0.0018606799421832 1.7505099773407
340 0 0 0.00273903994821012 1.77646994590759
339 0 0 0.00361478002741933 1.80260002613068
338 0 0 0.00448773009702563 1.82888996601105
337 0 0 0.00535769993439317 1.85535001754761
336 0 0 0.00622448977082968 1.88196003437042
335 0 0 0.00708787981420755 1.90872001647949
334 0 0 0.00794763024896383 1.93563997745514
333 0 0 0.00880345981568098 1.96270000934601
332 0 0 0.0096550602465868 1.98988997936249
331 0 0 0.0105020999908447 2.01722002029419
330 0 0 0.0113439997658134 2.04466009140015
329 0 0 0.0121804000809789 2.07221007347107
328 0 0 0.0130104999989271 2.09984993934631
327 0 0 0.013833399862051 2.12754988670349
326 0 0 0.014648100361228 2.15528011322021
325 0 0 0.0154528999701142 2.18299007415771
324 0 0 0.0162460003048182 2.21061992645264
323 0 0 0.0170243997126818 2.23808002471924
322 0 0 0.0177841000258923 2.26520991325378
321 0 0 0.0185193996876478 2.29182004928589
320 0 0 0.0192223992198706 2.31761002540588
319 0 0 0.0198814999312162 2.342129945755
318 0 0 0.020481500774622 2.36477994918823
317 0 0 0.0210043005645275 2.38480997085571
316 0 0 0.0214322004467249 2.40144991874695
315 0 0 0.0217538997530937 2.41414999961853
314 0 0 0.0219689998775721 2.42276000976563
313 0 0 0.022087000310421 2.42755007743835
312 0 0 0.0221228003501892 2.42900991439819
311 0 0 0.0221222992986441 2.42898988723755
310 0 0 0.0221104994416237 2.4284999370575
309 0 0 0.0220842007547617 2.42740988731384
308 0 0 0.022044999524951 2.42576003074646
307 0 0 0.0219943001866341 2.42361998558044
306 0 0 0.0219333991408348 2.42104005813599
305 0 0 0.0218633003532887 2.4180600643158
304 0 0 0.0217851009219885 2.41472005844116
303 0 0 0.0216995999217033 2.41105008125305
302 0 0 0.0216076001524925 2.40707993507385
301 0 0 0.021509800106287 2.40284991264343
300 27 24 0.0214067008346319 2.39837002754211
299 0 0 0.0212989002466202 2.39366006851196
298 0 0 0.021186800673604 2.38876008987427
297 0 0 0.0210708994418383 2.38366007804871
296 0 0 0.0209515001624823 2.37840008735657
295 0 0 0.0208289008587599 2.37298011779785
294 0 0 0.020703399553895 2.3674099445343
293 0 0 0.020575400441885 2.36171007156372
292 0 0 0.0204450003802776 2.35588002204895
291 0 0 0.020312400534749 2.34995007514954
290 0 0 0.0201779007911682 2.34389996528625
289 0 0 0.0200415998697281 2.33775997161865
288 0 0 0.0199037007987499 2.33153009414673
287 0 0 0.0197643991559744 2.3252100944519
286 0 0 0.0196237005293369 2.31881999969482
285 0 0 0.0194818004965782 2.31235003471375
284 0 0 0.0193387996405363 2.30581998825073
283 0 0 0.0191946998238564 2.29922008514404
282 0 0 0.0190497990697622 2.29256010055542
281 0 0 0.0189040992408991 2.28585004806519
280 0 0 0.018757700920105 2.27908992767334
279 0 0 0.0186106003820896 2.27228999137878
278 0 0 0.0184629000723362 2.26542997360229
277 0 0 0.0183147005736828 2.25853991508484
276 0 0 0.0181661006063223 2.25161004066467
275 0 0 0.0180171001702547 2.24464988708496
274 0 0 0.01786769926548 2.23764991760254
273 0 0 0.0177180003374815 2.23061990737915
272 0 0 0.0175681002438068 2.2235701084137
271 0 0 0.0174180008471012 2.2164900302887
270 0 0 0.0172677002847195 2.20938992500305
269 0 0 0.0171173997223377 2.20226001739502
268 0 0 0.016966899856925 2.19512009620667
267 0 0 0.0168163999915123 2.18795990943909
266 0 0 0.0166659001260996 2.18077993392944
265 0 0 0.0165155008435249 2.17358994483948
264 0 0 0.0163650996983051 2.16637992858887
263 0 0 0.0162147991359234 2.15916991233826
262 0 0 0.0160645991563797 2.15194010734558
261 0 0 0.0159146003425121 2.14471006393433
260 0 0 0.0157648008316755 2.13747000694275
259 0 0 0.0156151996925473 2.13022994995117
258 0 0 0.0154657997190952 2.12298011779785
257 0 0 0.0153165999799967 2.11573004722595
256 0 0 0.0151677997782826 2.10846996307373
255 0 0 0.0150193003937602 2.10121989250183
254 0 0 0.0148710999637842 2.09397006034851
253 0 0 0.0147232003509998 2.08671998977661
252 0 0 0.0145757002756 2.07946991920471
251 0 0 0.0144285997375846 2.07222008705139
250 26 24 0.0142820002511144 2.06499004364014
249 0 0 0.0141358003020287 2.05774998664856
248 0 0 0.0139899998903275 2.05052995681763
247 0 0 0.0138446995988488 2.04330992698669
246 0 0 0.0136999003589153 2.03610992431641
245 0 0 0.0135556999593973 2.02890992164612
244 0 0 0.0134119000285864 2.02171993255615
243 0 0 0.0132688004523516 2.01454997062683
242 0 0 0.0131262000650167 2.00739002227783
241 0 0 0.0129842003807425 2.00025010108948
240 0 0 0.0128426998853683 1.99310994148254
239 0 0 0.0127020003274083 1.98599994182587
238 0 0 0.0125617999583483 1.97889995574951
237 0 0 0.0124222999438643 1.9718199968338
236 0 0 0.0122835002839565 1.96475994586945
235 0 0 0.0121454000473022 1.9577100276947
234 0 0 0.0120080001652241 1.95069003105164
233 0 0 0.0118712997063994 1.94368994235992
232 0 0 0.0117352996021509 1.93671000003815
231 0 0 0.0116001004353166 1.92974996566772
230 0 0 0.0114657003432512 1.92280995845795
229 0 0 0.0113319996744394 1.91589999198914
228 0 0 0.0111990999430418 1.90901005268097
227 0 0 0.0110670002177358 1.90215003490448
226 0 0 0.0109356995671988 1.89531004428864
225 0 0 0.010805300436914 1.88849997520447
224 0 0 0.0106757003813982 1.88171994686127
223 0 0 0.0105469999834895 1.87496995925903
222 0 0 0.0104190995916724 1.86823999881744
221 0 0 0.010292099788785 1.86153995990753
220 0 0 0.0101659996435046 1.85486996173859
219 0 0 0.0100408000871539 1.84824001789093
218 0 0 0.00991644989699125 1.84162998199463
217 0 0 0.00979305990040302 1.83504998683929
216 0 0 0.00967060029506683 1.82851004600525
215 0 0 0.00954908039420843 1.82200002670288
214 0 0 0.00942850019782782 1.81552004814148
213 0 0 0.00930889043956995 1.80906999111176
212 0 0 0.00919023994356394 1.80265998840332
211 0 0 0.00907255988568068 1.79628002643585
210 0 0 0.00895586982369423 1.78993999958038
209 0 0 0.0088401697576046 1.78363001346588
208 0 0 0.00872546993196011 1.77735996246338
207 0 0 0.0086117796599865 1.77112996578217
206 0 0 0.00849911011755466 1.76493000984192
205 0 0 0.00838746037334204 1.75875997543335
204 0 0 0.00827683042734861 1.75264000892639
203 0 0 0.00816725008189678 1.74654996395111
202 0 0 0.0080587100237608 1.74049997329712
201 0 0 0.0079512195661664 1.73449003696442
200 25 24 0.00784477964043617 1.72852003574371
199 0 0 0.00773940980434418 1.72258996963501
198 0 0 0.00763511005789042 1.7166999578476
197 0 0 0.00753189017996192 1.71085000038147
196 0 0 0.00742975017055869 1.70502996444702
195 0 0 0.00732869002968073 1.69925999641418
194 0 0 0.00722872978076339 1.69352996349335
193 0 0 0.00712986988946795 1.68784999847412
192 0 0 0.00703210989013314 1.68219995498657
191 0 0 0.00693546980619431 1.67659997940063
190 0 0 0.00683993985876441 1.67103004455566
189 0 0 0.00674552982673049 1.66551005840302
188 0 0 0.00665224995464087 1.66004002094269
187 0 0 0.00656009977683425 1.65461003780365
186 0 0 0.00646909000352025 1.64921998977661
185 0 0 0.00637922994792461 1.64388000965118
184 0 0 0.00629050983116031 1.63857996463776
183 0 0 0.00620293989777565 1.63332998752594
182 0 0 0.006116540171206 1.62811994552612
181 0 0 0.00603129994124174 1.62295997142792
180 0 0 0.00594722991809249 1.617840051651
179 0 0 0.00586433988064528 1.61276996135712
178 0 0 0.0057826298289001 1.60775005817413
177 0 0 0.00570210022851825 1.60277998447418
176 0 0 0.0056227701716125 1.59785997867584
175 0 0 0.00554464012384415 1.59298002719879
174 0 0 0.00546771008521318 1.58815002441406
173 0 0 0.00539198983460665 1.58337998390198
172 0 0 0.00531749008223414 1.57864999771118
171 0 0 0.0052442098967731 1.57396996021271
170 0 0 0.00517215998843312 1.56935000419617
169 0 0 0.00510133989155293 1.56477999687195
168 0 0 0.00503177009522915 1.56026005744934
167 0 0 0.00496345013380051 1.55578994750977
166 0 0 0.004896380007267 1.55138003826141
165 0 0 0.00483056996017694 1.54702997207642
164 0 0 0.00476602977141738 1.54271996021271
163 0 0 0.00470277015119791 1.53848004341125
162 0 0 0.004640799947083 1.53428995609283
161 0 0 0.00458010984584689 1.53015995025635
160 0 0 0.00452071987092495 1.52610003948212
159 0 0 0.00446265004575253 1.52208995819092
158 0 0 0.00440587988123298 1.51813995838165
157 0 0 0.0043504498898983 1.51425004005432
156 0 0 0.00429634004831314 1.51042997837067
155 0 0 0.00424356991425157 1.50666999816895
154 0 0 0.00419215997681022 1.50297999382019
153 0 0 0.00414209999144077 1.49934995174408
152 0 0 0.00409342022612691 1.49579000473022
151 0 0 0.00404610997065902 1.49231004714966
150 24 24 0.00400019017979503 1.48889005184174
149 0 0 0.00395565992221236 1.4855500459671
148 0 0 0.00391254993155599 1.48228001594543
147 0 0 0.00387084996327758 1.47908997535706
146 0 0 0.00383058004081249 1.47598004341125
145 0 0 0.00379175995476544 1.47293996810913
144 0 0 0.00375437992624938 1.46999001502991
143 0 0 0.00371846999041736 1.467129945755
142 0 0 0.00368401990272105 1.46434998512268
141 0 0 0.0036510699428618 1.46166002750397
140 0 0 0.00361961009912193 1.45905995368958
139 0 0 0.00358964991755784 1.45656001567841
138 0 0 0.00356121989898384 1.45414996147156
137 0 0 0.00353432004339993 1.45185005664825
136 0 0 0.00350896990858018 1.44964003562927
135 0 0 0.00348516996018589 1.44755005836487
134 0 0 0.00346293998882174 1.44556999206543
133 0 0 0.00344229000620544 1.44369995594025
132 0 0 0.00342324003577232 1.44194996356964
131 0 0 0.0034057900775224 1.44033002853394
130 0 0 0.00338996993377805 1.43883001804352
129 0 0 0.00337577005848289 1.43746995925903
128 0 0 0.00336321000941098 1.43623995780945
127 0 0 0.00335231004282832 1.43516004085541
126 0 0 0.00334307993762195 1.43421995639801
125 0 0 0.00333551992662251 1.4334499835968
124 0 0 0.00332964002154768 1.43282997608185
123 0 0 0.00332546001300216 1.43238997459412
122 0 0 0.00332298991270363 1.43211996555328
121 0 0 0.00332221994176507 1.43202996253967
120 0 0 0.00332240993157029 1.43204998970032
119 0 0 0.00332302995957434 1.43211996555328
118 0 0 0.00332407001405954 1.43224000930786
117 0 0 0.00332554988563061 1.43242001533508
116 0 0 0.00332746002823114 1.4326399564743
115 0 0 0.00332980998791754 1.43291997909546
114 0 0 0.00333257997408509 1.43324995040894
113 0 0 0.00333579001016915 1.43364000320435
112 0 0 0.00333942007273436 1.4340900182724
111 0 0 0.00334348995238543 1.4345999956131
110 0 0 0.00334799010306597 1.43516004085541
109 0 0 0.00335292005911469 1.43578994274139
108 0 0 0.00335828005336225 1.4364800453186
107 0 0 0.00336407008580863 1.43724000453949
106 0 0 0.00337027991190553 1.43806004524231
105 0 0 0.00337692000903189 1.43894994258881
104 0 0 0.00338398991152644 1.43991005420685
103 0 0 0.00339147006161511 1.44094002246857
102 0 0 0.00339938001707196 1.44204998016357
101 0 0 0.00340769998729229 1.44322001934052
100 23 24 0.00341642997227609 1.44447994232178
99 0 0 0.00342556997202337 1.4458099603653
98 0 0 0.00343511998653412 1.4472199678421
97 0 0 0.00344507000409067 1.4487099647522
96 0 0 0.00345542002469301 1.4502899646759
95 0 0 0.00346616003662348 1.4519499540329
94 0 0 0.00347729003988206 1.4536999464035
93 0 0 0.00348879001103342 1.45553004741669
92 0 0 0.00350066996179521 1.45746004581451
91 0 0 0.00351292011328042 1.45948004722595
90 0 0 0.00352552998811007 1.461590051651
89 0 0 0.00353849004022777 1.46379005908966
88 0 0 0.00355179002508521 1.46609997749329
87 0 0 0.00356542994268239 1.46850001811981
86 0 0 0.00357939000241458 1.47099995613098
85 0 0 0.00359366997145116 1.47360002994537
84 0 0 0.00360824004746974 1.47631001472473
83 0 0 0.00362311000935733 1.47912001609802
82 0 0 0.00363825005479157 1.48204004764557
81 0 0 0.0036536599509418 1.48505997657776
80 0 0 0.00366931990720332 1.48819005489349
79 0 0 0.00368521991185844 1.49144005775452
78 0 0 0.00370134995318949 1.49478995800018
77 0 0 0.00371767999604344 1.49825000762939
76 0 0 0.00373420002870262 1.50181996822357
75 0 0 0.00375090003944933 1.505499958992
74 0 0 0.00376777001656592 1.50928997993469
73 0 0 0.00378476991318166 1.51320004463196
72 0 0 0.00380189996212721 1.51721000671387
71 0 0 0.00381913990713656 1.52134001255035
70 0 0 0.00383647996932268 1.52557003498077
69 0 0 0.00385389011353254 1.52991998195648
68 0 0 0.00387135008350015 1.53436994552612
67 0 0 0.00388886011205614 1.53893005847931
66 0 0 0.00390639016404748 1.54358994960785
65 0 0 0.0039239302277565 1.54835999011993
64 0 0 0.0039414600469172 1.55323004722595
63 0 0 0.00395896006375551 1.55820000171661
62 0 0 0.00397642981261015 1.56326997280121
61 0 0 0.00399383017793298 1.56843996047974
60 0 0 0.00401117000728846 1.57369995117188
59 0 0 0.00402841996401548 1.57904994487762
58 0 0 0.00404556980356574 1.58449995517731
57 0 0 0.00406261021271348 1.59002995491028
56 0 0 0.00407953979447484 1.59563994407654
55 0 0 0.00409631989896297 1.6013400554657
54 0 0 0.00411297008395195 1.60711002349854
53 0 0 0.00412946008145809 1.61296999454498
52 0 0 0.00414580013602972 1.61889004707336
51 0 0 0.00416195997968316 1.62488996982574
50 22 24 0.00417794985696673 1.63095998764038
49 0 0 0.00419375021010637 1.63708996772766
48 0 0 0.00420936988666654 1.6432900428772
47 0 0 0.00422478979453444 1.64954996109009
46 0 0 0.00424002017825842 1.65585994720459
45 0 0 0.00425504008308053 1.66224002838135
44 0 0 0.00426986999809742 1.6686600446701
43 0 0 0.0042844801209867 1.67514002323151
42 0 0 0.00429889000952244 1.68166995048523
41 0 0 0.0043130898848176 1.68824994564056
40 0 0 0.00432706996798515 1.69486999511719
39 0 0 0.00434084981679916 1.70152997970581
38 0 0 0.00435440987348557 1.70823001861572
37 0 0 0.00436777016147971 1.71498000621796
36 0 0 0.00438091019168496 1.72176003456116
35 0 0 0.00439384998753667 1.72856998443604
34 0 0 0.00440656999126077 1.73543000221252
33 0 0 0.00441909022629261 1.74231004714966
32 0 0 0.00443141022697091 1.74922001361847
31 0 0 0.00444352021440864 1.75617003440857
30 0 0 0.00445542996749282 1.76313996315002
29 0 0 0.00446713995188475 1.77014005184174
28 0 0 0.00447865994647145 1.7771600484848
27 0 0 0.0044899801723659 1.78420996665955
26 0 0 0.00450110994279385 1.79128003120422
25 0 0 0.00451205018907785 1.79837000370026
24 0 0 0.00452281022444367 1.80549001693726
23 0 0 0.00453337980434299 1.81262004375458
22 0 0 0.00454377010464668 1.81977999210358
21 0 0 0.00455398997291923 1.8269499540329
20 0 0 0.00456403009593487 1.83413994312286
19 0 0 0.00457389978691936 1.84133994579315
18 0 0 0.00458359997719526 1.84856998920441
17 0 0 0.00459313997998834 1.85580003261566
16 0 0 0.00460251979529858 1.86304998397827
15 0 0 0.00461173010990024 1.87031996250153
14 0 0 0.0046207900159061 1.87758994102478
13 0 0 0.00462969997897744 1.88487994670868
12 0 0 0.00463845022022724 1.89218997955322
11 0 0 0.00464705983176827 1.89950001239777
10 0 0 0.00465551996603608 1.90682005882263
9 0 0 0.00466383993625641 1.91416001319885
8 0 0 0.00467202020809054 1.92149996757507
7 0 0 0.00468007009476423 1.92885994911194
6 0 0 0.00468797981739044 1.93622004985809
5 0 0 0.00469317985698581 1.94113004207611
4 0 0 0.00469660991802812 1.94440996646881
3 0 0 0.00469888979569077 1.94659996032715
2 0 0 0.00470039993524551 1.94806003570557
1 0 0 0.0047023999504745 1.95000004768372
1 0 0 0.0047023999504745 1.95000004768372
2 0 0 0.00470439996570349 1.95193994045258
3 0 0 0.00470589008182287 1.95340001583099
4 0 0 0.00470812013372779 1.95559000968933
5 0 0 0.00471145007759333 1.95887994766235
6 0 0 0.00471638981252909 1.96380996704102
7 0 0 0.00472370022907853 1.97121000289917
8 0 0 0.00473089003935456 1.97862005233765
9 0 0 0.00473796995356679 1.98602998256683
10 0 0 0.00474493019282818 1.99345004558563
11 0 0 0.00475176982581615 2.00088000297546
12 0 0 0.00475850980728865 2.00831007957458
13 0 0 0.00476513989269733 2.01574993133545
14 0 0 0.00477166008204222 2.02319002151489
15 0 0 0.00477808015421033 2.03063988685608
16 0 0 0.00478440010920167 2.03810000419617
17 0 0 0.00479061994701624 2.04555988311768
18 0 0 0.00479674013331532 2.05302000045776
19 0 0 0.00480276998132467 2.06048989295959
20 0 0 0.00480870017781854 2.06796002388
21 0 0 0.00481454003602266 2.07543992996216
22 0 0 0.00482029002159834 2.08292007446289
23 0 0 0.00482595013454556 2.09039998054504
24 0 0 0.00483153015375137 2.09788990020752
25 0 0 0.00483972998335958 2.10912990570068
26 0 0 0.00484775006771088 2.12036991119385
27 0 0 0.00485558994114399 2.13162994384766
28 0 0 0.0048632500693202 2.14288997650146
29 0 0 0.00487075001001358 2.15415000915527
30 0 0 0.00487807998433709 2.1654200553894
31 0 0 0.00488524977117777 2.17670011520386
32 0 0 0.0048922598361969 2.18797993659973
33 0 0 0.00489913020282984 2.19927000999451
34 0 0 0.00490585016086698 2.21056008338928
35 0 0 0.0049124201759696 2.22184991836548
36 0 0 0.00491885980591178 2.23315000534058
37 0 0 0.00492516020312905 2.244460105896
38 0 0 0.00493133021518588 2.25576996803284
39 0 0 0.00493736984208226 2.26708006858826
40 0 0 0.00494328979402781 2.2783899307251
41 0 0 0.00494909007102251 2.28971004486084
42 0 0 0.00495477020740509 2.301029920578
43 0 0 0.00496033998206258 2.31236004829407
44 0 0 0.00496579008176923 2.32367992401123
45 0 0 0.00497114006429911 2.33501005172729
46 0 0 0.00497897015884519 2.35201001167297
47 0 0 0.00498655997216702 2.36900997161865
48 0 0 0.00499393977224827 2.38601994514465
49 0 0 0.00500111002475023 2.40303993225098
50 2 24 0.00500806979835033 2.42004990577698
51 0 0 0.0050148400478065 2.43707990646362
52 0 0 0.00502141984179616 2.45409989356995
53 0 0 0.00502781989052892 2.47112989425659
54 0 0 0.00503404997289181 2.48815989494324
55 0 0 0.00504011008888483 2.50519990921021
56 0 0 0.0050459997728467 2.52222990989685
57 0 0 0.00505173997953534 2.53926992416382
58 0 0 0.00505732977762818 2.55631995201111
59 0 0 0.00506544997915626 2.58188009262085
60 0 0 0.00507324980571866 2.60746002197266
61 0 0 0.00508075999096036 2.63302993774414
62 0 0 0.00508800009265542 2.65861010551453
63 0 0 0.00509495986625552 2.68420004844666
64 0 0 0.00510167004540563 2.70978999137878
65 0 0 0.0051081501878798 2.73537993431091
66 0 0 0.00511439004912972 2.76097011566162
67 0 0 0.00512041989713907 2.78657007217407
68 0 0 0.00512622995302081 2.8121600151062
69 0 0 0.00513185001909733 2.83775997161865
70 0 0 0.00513728009536862 2.86336994171143
71 0 0 0.00514509016647935 2.90177011489868
72 0 0 0.00515251979231834 2.94018006324768
73 0 0 0.00515960017219186 2.97859001159668
74 0 0 0.00516634015366435 3.017009973526
75 0 0 0.0051727700047195 3.05542993545532
76 0 0 0.00517891021445394 3.09384989738464
77 0 0 0.00518477009609342 3.13227009773254
78 0 0 0.00519037013873458 3.17070007324219
79 0 0 0.00519572990015149 3.20912003517151
80 0 0 0.005203349981457 3.2667601108551
81 0 0 0.00521050021052361 3.32440996170044
82 0 0 0.00521720992401242 3.38206005096436
83 0 0 0.00522352010011673 3.43969988822937
84 0 0 0.00522946985438466 3.49735999107361
85 0 0 0.00523506989702582 3.55501008033752
86 0 0 0.00524037005379796 3.61265993118286
87 0 0 0.00524536985903978 3.6703200340271
88 0 0 0.00525237992405891 3.75679993629456
89 0 0 0.00525884982198477 3.84329009056091
90 0 0 0.00526482984423637 3.92978000640869
91 0 0 0.00527036981657147 4.01626014709473
92 0 0 0.0052755200304091 4.10275983810425
93 0 0 0.00528030982241035 4.18924999237061
94 0 0 0.00528544001281261 4.28923988342285
95 0 0 0.00529017997905612 4.38923978805542
96 0 0 0.00529458001255989 4.48923015594482
97 0 0 0.00529864989221096 4.58923006057739
98 0 0 0.00530243990942836 4.68921995162964
99 0 0 0.00530597008764744 4.78921985626221
100 3 24 0.00530925998464227 4.88922023773193
101 0 0 0.00531233986839652 4.9892201423645
102 0 0 0.00531521998345852 5.08921003341675
103 0 0 0.00531791988760233 5.18920993804932
104 0 0 0.00532044982537627 5.28920984268188
105 0 0 0.00532284006476402 5.38921022415161
106 0 0 0.00532507989555597 5.48921012878418
107 0 0 0.00532718980684876 5.58921003341675
108 0 0 0.00532918982207775 5.68920993804932
109 0 0 0.0053310701623559 5.78920984268188
110 0 0 0.00533284991979599 5.88920021057129
111 0 0 0.00533453980460763 5.98920011520386
112 0 0 0.00533613981679082 6.08920001983643
113 0 0 0.00533766020089388 6.18919992446899
114 0 0 0.00533910002559423 6.28919982910156
115 0 0 0.00534047000110149 6.38920021057129
116 0 0 0.00534177012741566 6.48920011520386
117 0 0 0.00534301018342376 6.58920001983643
118 0 0 0.00534419994801283 6.68919992446899
119 0 0 0.0053453198634088 6.78919982910156
120 0 0 0.00534640019759536 6.88920021057129
121 0 0 0.0053474297747016 6.98920011520386
122 0 0 0.00534840999171138 7.08920001983643
123 0 0 0.00534935016185045 7.18919992446899
124 0 0 0.00535024981945753 7.28919982910156
125 0 0 0.00535110989585519 7.38920021057129
126 0 0 0.00535194016993046 7.48920011520386
127 0 0 0.00535272993147373 7.58920001983643
128 0 0 0.00535348989069462 7.68919992446899
129 0 0 0.00535422004759312 7.78919982910156
130 0 0 0.00535491993650794 7.88920021057129
131 0 0 0.00535559002310038 7.98920011520386
132 0 0 0.00535624008625746 8.08920001983643
133 0 0 0.00535685988143086 8.18920040130615
134 0 0 0.0053574601188302 8.28919982910156
135 0 0 0.0053580398671329 8.38920021057129
136 0 0 0.00535858981311321 8.4891996383667
137 0 0 0.00535912998020649 8.58920001983643
138 0 0 0.00535965012386441 8.68920040130615
139 0 0 0.00536014977842569 8.78919982910156
140 0 0 0.00536062987521291 8.88920021057129
141 0 0 0.00536108994856477 8.9891996383667
142 0 0 0.00536153977736831 9.08920001983643
143 0 0 0.00536197982728481 9.18920040130615
144 0 0 0.00536239985376596 9.28919982910156
145 0 0 0.00536279985681176 9.38920021057129
146 0 0 0.00536319985985756 9.4891996383667
147 0 0 0.005363579839468 9.58920001983643
148 0 0 0.00536395004019141 9.68920040130615
149 0 0 0.00536430021747947 9.78919982910156
150 4 24 0.00536464992910624 9.88920021057129
151 0 0 0.00536498986184597 9.9891996383667
152 0 0 0.00536530977115035 10.0892000198364
153 0 0 0.00536563014611602 10.1892004013062
154 0 0 0.00536593003198504 10.2891998291016
155 0 0 0.00536622991785407 10.3892002105713
156 0 0 0.00536652002483606 10.4891996383667
157 0 0 0.00536679988726974 10.5892000198364
158 0 0 0.00536706997081637 10.6892004013062
159 0 0 0.00536732980981469 10.7891998291016
160 0 0 0.0053675901144743 10.8892002105713
161 0 0 0.00536784017458558 10.9891996383667
162 0 0 0.00536807999014854 11.0892000198364
163 0 0 0.00536831980571151 11.1892004013062
164 0 0 0.00536854984238744 11.2891998291016
165 0 0 0.00536877010017633 11.3892002105713
166 0 0 0.00536898989230394 11.4891996383667
167 0 0 0.00536919990554452 11.5892000198364
168 0 0 0.0053694099187851 11.6892004013062
169 0 0 0.00536961015313864 11.7891998291016
170 0 0 0.00536980992183089 11.8892002105713
171 0 0 0.00536999991163611 11.9891996383667
172 0 0 0.0053701801225543 12.0892000198364
173 0 0 0.00537037011235952 12.1892004013062
174 0 0 0.00537054007872939 12.2891998291016
175 0 0 0.00537071982398629 12.3892002105713
176 0 0 0.00537088001146913 12.4891996383667
177 0 0 0.00537104997783899 12.5892000198364
178 0 0 0.00537121016532183 12.6892004013062
179 0 0 0.00537136988714337 12.7891998291016
180 0 0 0.00537151983007789 12.8892002105713
181 0 0 0.0053716697730124 12.9891996383667
182 0 0 0.0053718201816082 13.0892000198364
183 0 0 0.00537195987999439 13.1892004013062
184 0 0 0.00537210004404187 13.2891998291016
185 0 0 0.00537222996354103 13.3892002105713
186 0 0 0.00537237012758851 13.4891996383667
187 0 0 0.00537250004708767 13.5892000198364
188 0 0 0.00537262018769979 13.6892004013062
189 0 0 0.00537275010719895 13.7891998291016
190 0 0 0.00537286978214979 13.8892002105713
191 0 0 0.00537298992276192 13.9891996383667
192 0 0 0.00537311006337404 14.0892000198364
193 0 0 0.00537321995943785 14.1892004013062
194 0 0 0.00537332985550165 14.2891998291016
195 0 0 0.00537344021722674 14.3892002105713
196 0 0 0.00537355011329055 14.4891996383667
197 0 0 0.00537365023046732 14.5892000198364
198 0 0 0.00537376012653112 14.6892004013062
199 0 0 0.00537385977804661 14.7891998291016
200 5 24 0.00537395989522338 14.8892002105713
201 0 0 0.00537404976785183 14.9891996383667
202 0 0 0.0053741498850286 15.0892000198364
203 0 0 0.00537424022331834 15.1892004013062
204 0 0 0.00537433009594679 15.2891998291016
205 0 0 0.00537441996857524 15.3892002105713
206 0 0 0.00537450984120369 15.4891996383667
207 0 0 0.00537458993494511 15.5892000198364
208 0 0 0.00537467980757356 15.6892004013062
209 0 0 0.00537475990131497 15.7891998291016
210 0 0 0.00537483999505639 15.8892002105713
211 0 0 0.00537492008879781 15.9891996383667
212 0 0 0.00537500018253922 16.0891990661621
213 0 0 0.00537507003173232 16.1891994476318
214 0 0 0.00537515012547374 16.2891998291016
215 0 0 0.00537521997466683 16.3892002105713
216 0 0 0.00537528982385993 16.489200592041
217 0 0 0.00537536013871431 16.5891990661621
218 0 0 0.00537542998790741 16.6891994476318
219 0 0 0.00537549983710051 16.7891998291016
220 0 0 0.00537557015195489 16.8892002105713
221 0 0 0.00537564000114799 16.989200592041
222 0 0 0.00537570007145405 17.0891990661621
223 0 0 0.00537576014176011 17.1891994476318
224 0 0 0.00537582999095321 17.2891998291016
225 0 0 0.00537589006125927 17.3892002105713
226 0 0 0.00537595013156533 17.489200592041
227 0 0 0.0053760102018714 17.5891990661621
228 0 0 0.00537606980651617 17.6891994476318
229 0 0 0.0053761200979352 17.7891998291016
230 0 0 0.00537618016824126 17.8892002105713
231 0 0 0.00537623977288604 17.989200592041
232 0 0 0.00537629006430507 18.0891990661621
233 0 0 0.00537633989006281 18.1891994476318
234 0 0 0.00537639996036887 18.2891998291016
235 0 0 0.00537644978612661 18.3892002105713
236 0 0 0.00537650007754564 18.489200592041
237 0 0 0.00537654990330338 18.5891990661621
238 0 0 0.00537660019472241 18.6891994476318
239 0 0 0.00537665002048016 18.7891998291016
240 0 0 0.0053766998462379 18.8892002105713
241 0 0 0.00537673989310861 18.989200592041
242 0 0 0.00537679018452764 19.0891990661621
243 0 0 0.00537683023139834 19.1891994476318
244 0 0 0.00537688005715609 19.2891998291016
245 0 0 0.00537692010402679 19.3892002105713
246 0 0 0.00537696992978454 19.489200592041
247 0 0 0.00537700997665524 19.5891990661621
248 0 0 0.00537705002352595 19.6891994476318
249 0 0 0.00537709007039666 19.7891998291016
250 6 24 0.00537713011726737 19.8892002105713
251 0 0 0.00537717016413808 19.989200592041
252 0 0 0.00537721021100879 20.0891990661621
253 0 0 0.00537724979221821 20.1891994476318
254 0 0 0.00537728983908892 20.2891998291016
255 0 0 0.00537732988595963 20.3892002105713
256 0 0 0.00537736993283033 20.489200592041
257 0 0 0.00537740020081401 20.5891990661621
258 0 0 0.00537743978202343 20.6891994476318
259 0 0 0.00537747982889414 20.7891998291016
260 0 0 0.00537751009687781 20.8892002105713
261 0 0 0.00537755014374852 20.989200592041
262 0 0 0.00537757994607091 21.0891990661621
263 0 0 0.00537761021405458 21.1891994476318
264 0 0 0.00537764979526401 21.2891998291016
265 0 0 0.00537768006324768 21.3892002105713
266 0 0 0.00537770986557007 21.489200592041
267 0 0 0.00537774013355374 21.5891990661621
268 0 0 0.00537778018042445 21.6891994476318
269 0 0 0.00537780998274684 21.7891998291016
270 0 0 0.00537783978506923 21.8892002105713
271 0 0 0.0053778700530529 21.989200592041
272 0 0 0.00537789985537529 22.0891990661621
273 0 0 0.00537793012335896 22.1891994476318
274 0 0 0.00537795992568135 22.2891998291016
275 0 0 0.00537797994911671 22.3892002105713
276 0 0 0.00537801021710038 22.489200592041
277 0 0 0.00537804001942277 22.5891990661621
278 0 0 0.00537806982174516 22.6891994476318
279 0 0 0.00537808984518051 22.7891998291016
280 0 0 0.00537812011316419 22.8892002105713
281 0 0 0.00537814991548657 22.989200592041
282 0 0 0.00537816993892193 23.0891990661621
283 0 0 0.0053782002069056 23.1891994476318
284 0 0 0.00537822023034096 23.2891998291016
285 0 0 0.00537825003266335 23.3892002105713
286 0 0 0.0053782700560987 23.489200592041
287 0 0 0.00537829985842109 23.5891990661621
288 0 0 0.00537831988185644 23.6891994476318
289 0 0 0.00537835014984012 23.7891998291016
290 0 0 0.00537837017327547 23.8892002105713
291 0 0 0.00537839019671082 23.989200592041
292 0 0 0.00537841999903321 24.0891990661621
293 0 0 0.00537844002246857 24.1891994476318
294 0 0 0.00537846004590392 24.2891998291016
295 0 0 0.00537848006933928 24.3892002105713
296 0 0 0.00537850987166166 24.489200592041
297 0 0 0.00537852989509702 24.5891990661621
298 0 0 0.00537854991853237 24.6891994476318
299 0 0 0.00537856994196773 24.7891998291016
300 7 24 0.00537858996540308 24.8892002105713
301 0 0 0.00537860998883843 24.989200592041
302 0 0 0.00537863001227379 25.0891990661621
303 0 0 0.00537865003570914 25.1891994476318
304 0 0 0.0053786700591445 25.2891998291016
305 0 0 0.00537869008257985 25.3892002105713
306 0 0 0.00537871010601521 25.489200592041
307 0 0 0.00537873012945056 25.5891990661621
308 0 0 0.00537875015288591 25.6891994476318
309 0 0 0.00537877017632127 25.7891998291016
310 0 0 0.0053787799552083 25.8892002105713
311 0 0 0.00537879997864366 25.989200592041
312 0 0 0.00537882000207901 26.0891990661621
313 0 0 0.00537884002551436 26.1891994476318
314 0 0 0.00537886004894972 26.2891998291016
315 0 0 0.00537886982783675 26.3892002105713
316 0 0 0.00537888985127211 26.489200592041
317 0 0 0.00537890987470746 26.5891990661621
318 0 0 0.00537892011925578 26.6891994476318
319 0 0 0.00537894014269114 26.7891998291016
320 0 0 0.00537896016612649 26.8892002105713
321 0 0 0.00537896994501352 26.989200592041
322 0 0 0.00537898996844888 27.0891990661621
323 0 0 0.00537900999188423 27.1891994476318
324 0 0 0.00537901977077127 27.2891998291016
325 0 0 0.00537903979420662 27.3892002105713
326 0 0 0.00537905003875494 27.489200592041
327 0 0 0.00537907006219029 27.5891990661621
328 0 0 0.00537907984107733 27.6891994476318
329 0 0 0.00537909986451268 27.7891998291016
330 0 0 0.005379110109061 27.8892002105713
331 0 0 0.00537913013249636 27.989200592041
332 0 0 0.00537913991138339 28.0891990661621
333 0 0 0.00537915993481874 28.1891994476318
334 0 0 0.00537917017936707 28.2891998291016
335 0 0 0.0053791799582541 28.3892002105713
336 0 0 0.00537919998168945 28.489200592041
337 0 0 0.00537921022623777 28.5891990661621
338 0 0 0.00537922000512481 28.6891994476318
339 0 0 0.00537924002856016 28.7891998291016
340 0 0 0.0053792498074472 28.8892002105713
341 0 0 0.00537926005199552 28.989200592041
342 0 0 0.00537928007543087 29.0891990661621
343 0 0 0.0053792898543179 29.1891994476318
344 0 0 0.00537930009886622 29.2891998291016
345 0 0 0.00537932012230158 29.3892002105713
346 0 0 0.00537932990118861 29.489200592041
347 0 0 0.00537934014573693 29.5891990661621
348 0 0 0.00537934992462397 29.6891994476318
349 0 0 0.00537936016917229 29.7891998291016
350 8 24 0.00537938019260764 29.8892002105713
351 0 0 0.00537938997149467 29.989200592041
352 0 0 0.005379400216043 30.0891990661621
353 0 0 0.00537940999493003 30.1891994476318
354 0 0 0.00537941977381706 30.2891998291016
355 0 0 0.00537943001836538 30.3892002105713
356 0 0 0.00537945004180074 30.489200592041
357 0 0 0.00537945982068777 30.5891990661621
358 0 0 0.00537947006523609 30.6891994476318
359 0 0 0.00537947984412313 30.7891998291016
360 0 0 0.00537949008867145 30.8892002105713
361 0 0 0.00537949986755848 30.989200592041
362 0 0 0.0053795101121068 31.0891990661621
363 0 0 0.00537951989099383 31.1891994476318
364 0 0 0.00537953013554215 31.2891998291016
365 0 0 0.00537953991442919 31.3892002105713
366 0 0 0.00537955015897751 31.489200592041
367 0 0 0.00537955993786454 31.5891990661621
368 0 0 0.00537957018241286 31.6891994476318
369 0 0 0.0053795799612999 31.7891998291016
370 0 0 0.00537959020584822 31.8892002105713
371 0 0 0.00537959998473525 31.989200592041
372 0 0 0.00537961022928357 32.0891990661621
373 0 0 0.0053796200081706 32.1892013549805
374 0 0 0.00537962978705764 32.2891998291016
375 0 0 0.00537964003160596 32.3891983032227
376 0 0 0.00537964981049299 32.489200592041
377 0 0 0.00537966005504131 32.5891990661621
378 0 0 0.00537966983392835 32.6892013549805
379 0 0 0.00537968007847667 32.7891998291016
380 0 0 0.0053796898573637 32.8891983032227
381 0 0 0.0053796898573637 32.989200592041
382 0 0 0.00537970010191202 33.0891990661621
383 0 0 0.00537970988079906 33.1892013549805
384 0 0 0.00537972012534738 33.2891998291016
385 0 0 0.00537972990423441 33.3891983032227
386 0 0 0.00537974014878273 33.489200592041
387 0 0 0.00537974992766976 33.5891990661621
388 0 0 0.00537974992766976 33.6892013549805
389 0 0 0.00537976017221808 33.7891998291016
390 0 0 0.00537976995110512 33.8891983032227
391 0 0 0.00537978019565344 33.989200592041
392 0 0 0.00537978997454047 34.0891990661621
393 0 0 0.00537980021908879 34.1892013549805
394 0 0 0.00537980021908879 34.2891998291016
395 0 0 0.00537980999797583 34.3891983032227
396 0 0 0.00537981977686286 34.489200592041
397 0 0 0.00537983002141118 34.5891990661621
398 0 0 0.00537983002141118 34.6892013549805
399 0 0 0.00537983980029821 34.7891998291016
400 9 24 0.00537985004484653 34.8891983032227
401 0 0 0.00537985982373357 34.989200592041
402 0 0 0.00537985982373357 35.0891990661621
403 0 0 0.00537987006828189 35.1892013549805
404 0 0 0.00537987984716892 35.2891998291016
405 0 0 0.00537989009171724 35.3891983032227
406 0 0 0.00537989009171724 35.489200592041
407 0 0 0.00537989987060428 35.5891990661621
408 0 0 0.0053799101151526 35.6892013549805
409 0 0 0.0053799101151526 35.7891998291016
410 0 0 0.00537991989403963 35.8891983032227
411 0 0 0.00537993013858795 35.989200592041
412 0 0 0.00537993013858795 36.0891990661621
413 0 0 0.00537993991747499 36.1892013549805
414 0 0 0.00537995016202331 36.2891998291016
415 0 0 0.00537995016202331 36.3891983032227
416 0 0 0.00537995994091034 36.489200592041
417 0 0 0.00537997018545866 36.5891990661621
418 0 0 0.00537997018545866 36.6892013549805
419 0 0 0.00537997996434569 36.7891998291016
420 0 0 0.00537999020889401 36.8891983032227
421 0 0 0.00537999020889401 36.989200592041
422 0 0 0.00537999998778105 37.0891990661621
423 0 0 0.00538001023232937 37.1892013549805
424 0 0 0.00538001023232937 37.2891998291016
425 0 0 0.0053800200112164 37.3891983032227
426 0 0 0.0053800200112164 37.489200592041
427 0 0 0.00538002979010344 37.5891990661621
428 0 0 0.00538004003465176 37.6892013549805
429 0 0 0.00538004003465176 37.7891998291016
430 0 0 0.00538004981353879 37.8891983032227
431 0 0 0.00538004981353879 37.989200592041
432 0 0 0.00538006005808711 38.0891990661621
433 0 0 0.00538006005808711 38.1892013549805
434 0 0 0.00538006983697414 38.2891998291016
435 0 0 0.00538008008152246 38.3891983032227
436 0 0 0.00538008008152246 38.489200592041
437 0 0 0.0053800898604095 38.5891990661621
438 0 0 0.0053800898604095 38.6892013549805
439 0 0 0.00538010010495782 38.7891998291016
440 0 0 0.00538010010495782 38.8891983032227
441 0 0 0.00538010988384485 38.989200592041
442 0 0 0.00538010988384485 39.0891990661621
443 0 0 0.00538012012839317 39.1892013549805
444 0 0 0.00538012012839317 39.2891998291016
445 0 0 0.00538012990728021 39.3891983032227
446 0 0 0.00538012990728021 39.489200592041
447 0 0 0.00538014015182853 39.5891990661621
448 0 0 0.00538014015182853 39.6892013549805
449 0 0 0.00538014993071556 39.7891998291016
450 10 24 0.00538014993071556 39.8891983032227
451 0 0 0.00538016017526388 39.989200592041
452 0 0 0.00538016017526388 40.0891990661621
453 0 0 0.00538016995415092 40.1892013549805
454 0 0 0.00538016995415092 40.2891998291016
455 0 0 0.00538018019869924 40.3891983032227
456 0 0 0.00538018019869924 40.489200592041
457 0 0 0.00538018997758627 40.5891990661621
458 0 0 0.00538018997758627 40.6892013549805
459 0 0 0.00538020022213459 40.7891998291016
460 0 0 0.00538020022213459 40.8891983032227
461 0 0 0.00538021000102162 40.989200592041
462 0 0 0.00538021000102162 41.0891990661621
463 0 0 0.00538021977990866 41.1892013549805
464 0 0 0.00538021977990866 41.2891998291016
465 0 0 0.00538023002445698 41.3891983032227
466 0 0 0.00538023002445698 41.489200592041
467 0 0 0.00538023002445698 41.5891990661621
468 0 0 0.00538023980334401 41.6892013549805
469 0 0 0.00538023980334401 41.7891998291016
470 0 0 0.00538025004789233 41.8891983032227
471 0 0 0.00538025004789233 41.989200592041
472 0 0 0.00538025982677937 42.0891990661621
473 0 0 0.00538025982677937 42.1892013549805
474 0 0 0.00538025982677937 42.2891998291016
475 0 0 0.00538027007132769 42.3891983032227
476 0 0 0.00538027007132769 42.489200592041
477 0 0 0.00538027985021472 42.5891990661621
478 0 0 0.00538027985021472 42.6892013549805
479 0 0 0.00538029009476304 42.7891998291016
480 0 0 0.00538029009476304 42.8891983032227
481 0 0 0.00538029009476304 42.989200592041
482 0 0 0.00538029987365007 43.0891990661621
483 0 0 0.00538029987365007 43.1892013549805
484 0 0 0.00538031011819839 43.2891998291016
485 0 0 0.00538031011819839 43.3891983032227
486 0 0 0.00538031011819839 43.489200592041
487 0 0 0.00538031989708543 43.5891990661621
488 0 0 0.00538031989708543 43.6892013549805
489 0 0 0.00538031989708543 43.7891998291016
490 0 0 0.00538033014163375 43.8891983032227
491 0 0 0.00538033014163375 43.989200592041
492 0 0 0.00538033992052078 44.0891990661621
493 0 0 0.00538033992052078 44.1892013549805
494 0 0 0.00538033992052078 44.2891998291016
495 0 0 0.0053803501650691 44.3891983032227
496 0 0 0.0053803501650691 44.489200592041
497 0 0 0.0053803501650691 44.5891990661621
498 0 0 0.00538035994395614 44.6892013549805
499 0 0 0.00538035994395614 44.7891998291016
500 11 24 0.00538035994395614 44.8891983032227
501 0 0 0.00538037018850446 44.989200592041
502 0 0 0.00538037018850446 45.0891990661621
503 0 0 0.00538037018850446 45.1892013549805
504 0 0 0.00538037996739149 45.2891998291016
505 0 0 0.00538037996739149 45.3891983032227
506 0 0 0.00538037996739149 45.489200592041
507 0 0 0.00538039021193981 45.5891990661621
508 0 0 0.00538039021193981 45.6892013549805
509 0 0 0.00538039021193981 45.7891998291016
510 0 0 0.00538039999082685 45.8891983032227
511 0 0 0.00538039999082685 45.989200592041
512 0 0 0.00538039999082685 46.0891990661621
513 0 0 0.00538040976971388 46.1892013549805
514 0 0 0.00538040976971388 46.2891998291016
515 0 0 0.00538040976971388 46.3891983032227
516 0 0 0.0053804200142622 46.489200592041
517 0 0 0.0053804200142622 46.5891990661621
518 0 0 0.0053804200142622 46.6892013549805
519 0 0 0.00538042979314923 46.7891998291016
520 0 0 0.00538042979314923 46.8891983032227
521 0 0 0.00538042979314923 46.989200592041
522 0 0 0.00538044003769755 47.0891990661621
523 0 0 0.00538044003769755 47.1892013549805
524 0 0 0.00538044003769755 47.2891998291016
525 0 0 0.00538044981658459 47.3891983032227
526 0 0 0.00538044981658459 47.489200592041
527 0 0 0.00538044981658459 47.5891990661621
528 0 0 0.00538044981658459 47.6892013549805
529 0 0 0.00538046006113291 47.7891998291016
530 0 0 0.00538046006113291 47.8891983032227
531 0 0 0.00538046006113291 47.989200592041
532 0 0 0.00538046984001994 48.0891990661621
533 0 0 0.00538046984001994 48.1892013549805
534 0 0 0.00538046984001994 48.2891998291016
535 0 0 0.00538046984001994 48.3891983032227
536 0 0 0.00538048008456826 48.489200592041
537 0 0 0.00538048008456826 48.5891990661621
538 0 0 0.00538048008456826 48.6892013549805
539 0 0 0.00538048008456826 48.7891998291016
540 0 0 0.0053804898634553 48.8891983032227
541 0 0 0.0053804898634553 48.989200592041
542 0 0 0.0053804898634553 49.0891990661621
543 0 0 0.00538050010800362 49.1892013549805
544 0 0 0.00538050010800362 49.2891998291016
545 0 0 0.00538050010800362 49.3891983032227
546 0 0 0.00538050010800362 49.489200592041
547 0 0 0.00538050988689065 49.5891990661621
548 0 0 0.00538050988689065 49.6892013549805
549 0 0 0.00538050988689065 49.7891998291016
550 12 24 0.00538050988689065 49.8891983032227
551 0 0 0.00538052013143897 49.989200592041
552 0 0 0.00538052013143897 50.0891990661621
553 0 0 0.00538052013143897 50.1892013549805
554 0 0 0.00538052013143897 50.2891998291016
555 0 0 0.005380529910326 50.3891983032227
556 0 0 0.005380529910326 50.489200592041
557 0 0 0.005380529910326 50.5891990661621
558 0 0 0.005380529910326 50.6892013549805
559 0 0 0.00538054015487432 50.7891998291016
560 0 0 0.00538054015487432 50.8891983032227
561 0 0 0.00538054015487432 50.989200592041
562 0 0 0.00538054015487432 51.0891990661621
563 0 0 0.00538054993376136 51.1892013549805
564 0 0 0.00538054993376136 51.2891998291016
565 0 0 0.00538054993376136 51.3891983032227
566 0 0 0.00538054993376136 51.489200592041
567 0 0 0.00538056017830968 51.5891990661621
568 0 0 0.00538056017830968 51.6892013549805
569 0 0 0.00538056017830968 51.7891998291016
570 0 0 0.00538056017830968 51.8891983032227
571 0 0 0.00538056017830968 51.989200592041
572 0 0 0.00538056995719671 52.0891990661621
573 0 0 0.00538056995719671 52.1892013549805
574 0 0 0.00538056995719671 52.2891998291016
575 0 0 0.00538056995719671 52.3891983032227
576 0 0 0.00538058020174503 52.489200592041
577 0 0 0.00538058020174503 52.5891990661621
578 0 0 0.00538058020174503 52.6892013549805
579 0 0 0.00538058020174503 52.7891998291016
580 0 0 0.00538058020174503 52.8891983032227
581 0 0 0.00538058998063207 52.989200592041
582 0 0 0.00538058998063207 53.0891990661621
583 0 0 0.00538058998063207 53.1892013549805
584 0 0 0.00538058998063207 53.2891998291016
585 0 0 0.00538058998063207 53.3891983032227
586 0 0 0.00538060022518039 53.489200592041
587 0 0 0.00538060022518039 53.5891990661621
588 0 0 0.00538060022518039 53.6892013549805
589 0 0 0.00538060022518039 53.7891998291016
590 0 0 0.00538060022518039 53.8891983032227
591 0 0 0.00538061000406742 53.989200592041
592 0 0 0.00538061000406742 54.0891990661621
593 0 0 0.00538061000406742 54.1892013549805
594 0 0 0.00538061000406742 54.2891998291016
595 0 0 0.00538061000406742 54.3891983032227
596 0 0 0.00538061978295445 54.489200592041
597 0 0 0.00538061978295445 54.5891990661621
598 0 0 0.00538061978295445 54.6892013549805
599 0 0 0.00538061978295445 54.7891998291016
600 13 24 0.00538061978295445 54.8891983032227
601 0 0 0.00538063002750278 54.989200592041
602 0 0 0.00538063002750278 55.0891990661621
603 0 0 0.00538063002750278 55.1892013549805
604 0 0 0.00538063002750278 55.2891998291016
605 0 0 0.00538063002750278 55.3891983032227
606 0 0 0.00538063980638981 55.489200592041
607 0 0 0.00538063980638981 55.5891990661621
608 0 0 0.00538063980638981 55.6892013549805
609 0 0 0.00538063980638981 55.7891998291016
610 0 0 0.00538063980638981 55.8891983032227
611 0 0 0.00538063980638981 55.989200592041
612 0 0 0.00538065005093813 56.0891990661621
613 0 0 0.00538065005093813 56.1892013549805
614 0 0 0.00538065005093813 56.2891998291016
615 0 0 0.00538065005093813 56.3891983032227
616 0 0 0.00538065005093813 56.489200592041
617 0 0 0.00538065982982516 56.5891990661621
618 0 0 0.00538065982982516 56.6892013549805
619 0 0 0.00538065982982516 56.7891998291016
620 0 0 0.00538065982982516 56.8891983032227
621 0 0 0.00538065982982516 56.989200592041
622 0 0 0.00538065982982516 57.0891990661621
623 0 0 0.00538067007437348 57.1892013549805
624 0 0 0.00538067007437348 57.2891998291016
625 0 0 0.00538067007437348 57.3891983032227
626 0 0 0.00538067007437348 57.489200592041
627 0 0 0.00538067007437348 57.5891990661621
628 0 0 0.00538067007437348 57.6892013549805
629 0 0 0.00538067985326052 57.7891998291016
630 0 0 0.00538067985326052 57.8891983032227
631 0 0 0.00538067985326052 57.989200592041
632 0 0 0.00538067985326052 58.0891990661621
633 0 0 0.00538067985326052 58.1892013549805
634 0 0 0.00538067985326052 58.2891998291016
635 0 0 0.00538069009780884 58.3891983032227
636 0 0 0.00538069009780884 58.489200592041
637 0 0 0.00538069009780884 58.5891990661621
638 0 0 0.00538069009780884 58.6892013549805
639 0 0 0.00538069009780884 58.7891998291016
640 0 0 0.00538069009780884 58.8891983032227
641 0 0 0.00538069009780884 58.989200592041
642 0 0 0.00538069987669587 59.0891990661621
643 0 0 0.00538069987669587 59.1892013549805
644 0 0 0.00538069987669587 59.2891998291016
645 0 0 0.00538069987669587 59.3891983032227
646 0 0 0.00538069987669587 59.489200592041
647 0 0 0.00538069987669587 59.5891990661621
648 0 0 0.00538071012124419 59.6892013549805
649 0 0 0.00538071012124419 59.7891998291016
650 14 24 0.00538071012124419 59.8891983032227
651 0 0 0.00538071012124419 59.989200592041
652 0 0 0.00538071012124419 60.0891990661621
653 0 0 0.00538071012124419 60.1892013549805
654 0 0 0.00538071012124419 60.2891998291016
655 0 0 0.00538071990013123 60.3891983032227
656 0 0 0.00538071990013123 60.489200592041
657 0 0 0.00538071990013123 60.5891990661621
658 0 0 0.00538071990013123 60.6892013549805
659 0 0 0.00538071990013123 60.7891998291016
660 0 0 0.00538071990013123 60.8891983032227
661 0 0 0.00538071990013123 60.989200592041
662 0 0 0.00538073014467955 61.0891990661621
663 0 0 0.00538073014467955 61.1892013549805
664 0 0 0.00538073014467955 61.2891998291016
665 0 0 0.00538073014467955 61.3891983032227
666 0 0 0.00538073014467955 61.489200592041
667 0 0 0.00538073014467955 61.5891990661621
668 0 0 0.00538073014467955 61.6892013549805
669 0 0 0.00538073992356658 61.7891998291016
670 0 0 0.00538073992356658 61.8891983032227
671 0 0 0.00538073992356658 61.989200592041
672 0 0 0.00538073992356658 62.0891990661621
673 0 0 0.00538073992356658 62.1892013549805
674 0 0 0.00538073992356658 62.2891998291016
675 0 0 0.00538073992356658 62.3891983032227
676 0 0 0.00538073992356658 62.489200592041
677 0 0 0.0053807501681149 62.5891990661621
678 0 0 0.0053807501681149 62.6892013549805
679 0 0 0.0053807501681149 62.7891998291016
680 0 0 0.0053807501681149 62.8891983032227
681 0 0 0.0053807501681149 62.989200592041
682 0 0 0.0053807501681149 63.0891990661621
683 0 0 0.0053807501681149 63.1892013549805
684 0 0 0.0053807501681149 63.2891998291016
685 0 0 0.00538075994700193 63.3891983032227
686 0 0 0.00538075994700193 63.489200592041
687 0 0 0.00538075994700193 63.5891990661621
688 0 0 0.00538075994700193 63.6892013549805
689 0 0 0.00538075994700193 63.7891998291016
690 0 0 0.00538075994700193 63.8891983032227
691 0 0 0.00538075994700193 63.989200592041
692 0 0 0.00538075994700193 64.0892028808594
693 0 0 0.00538077019155025 64.1892013549805
694 0 0 0.00538077019155025 64.2891998291016
695 0 0 0.00538077019155025 64.3891983032227
696 0 0 0.00538077019155025 64.4891967773438
697 0 0 0.00538077019155025 64.5892028808594
698 0 0 0.00538077019155025 64.6892013549805
699 0 0 0.00538077019155025 64.7891998291016
700 15 24 0.00538077019155025 64.8891983032227
701 0 0 0.00538077997043729 64.9891967773438
702 0 0 0.00538077997043729 65.0892028808594
703 0 0 0.00538077997043729 65.1892013549805
704 0 0 0.00538077997043729 65.2891998291016
705 0 0 0.00538077997043729 65.3891983032227
706 0 0 0.00538077997043729 65.4891967773438
707 0 0 0.00538077997043729 65.5892028808594
708 0 0 0.00538077997043729 65.6892013549805
709 0 0 0.00538077997043729 65.7891998291016
710 0 0 0.00538079021498561 65.8891983032227
711 0 0 0.00538079021498561 65.9891967773438
712 0 0 0.00538079021498561 66.0892028808594
713 0 0 0.00538079021498561 66.1892013549805
714 0 0 0.00538079021498561 66.2891998291016
715 0 0 0.00538079021498561 66.3891983032227
716 0 0 0.00538079021498561 66.4891967773438
717 0 0 0.00538079021498561 66.5892028808594
718 0 0 0.00538079021498561 66.6892013549805
719 0 0 0.00538079021498561 66.7891998291016
720 0 0 0.00538079999387264 66.8891983032227
721 0 0 0.00538079999387264 66.9891967773438
722 0 0 0.00538079999387264 67.0892028808594
723 0 0 0.00538079999387264 67.1892013549805
724 0 0 0.00538079999387264 67.2891998291016
725 0 0 0.00538079999387264 67.3891983032227
726 0 0 0.00538079999387264 67.4891967773438
727 0 0 0.00538079999387264 67.5892028808594
728 0 0 0.00538079999387264 67.6892013549805
729 0 0 0.00538080977275968 67.7891998291016
730 0 0 0.00538080977275968 67.8891983032227
731 0 0 0.00538080977275968 67.9891967773438
732 0 0 0.00538080977275968 68.0892028808594
733 0 0 0.00538080977275968 68.1892013549805
734 0 0 0.00538080977275968 68.2891998291016
735 0 0 0.00538080977275968 68.3891983032227
736 0 0 0.00538080977275968 68.4891967773438
737 0 0 0.00538080977275968 68.5892028808594
738 0 0 0.00538080977275968 68.6892013549805
739 0 0 0.005380820017308 68.7891998291016
740 0 0 0.005380820017308 68.8891983032227
741 0 0 0.005380820017308 68.9891967773438
742 0 0 0.005380820017308 69.0892028808594
743 0 0 0.005380820017308 69.1892013549805
744 0 0 0.005380820017308 69.2891998291016
745 0 0 0.005380820017308 69.3891983032227
746 0 0 0.005380820017308 69.4891967773438
747 0 0 0.005380820017308 69.5892028808594
748 0 0 0.005380820017308 69.6892013549805
749 0 0 0.005380820017308 69.7891998291016
750 16 24 0.00538082979619503 69.8891983032227
751 0 0 0.00538082979619503 69.9891967773438
752 0 0 0.00538082979619503 70.0892028808594
753 0 0 0.00538082979619503 70.1892013549805
754 0 0 0.00538082979619503 70.2891998291016
755 0 0 0.00538082979619503 70.3891983032227
756 0 0 0.00538082979619503 70.4891967773438
757 0 0 0.00538082979619503 70.5892028808594
758 0 0 0.00538082979619503 70.6892013549805
759 0 0 0.00538082979619503 70.7891998291016
760 0 0 0.00538082979619503 70.8891983032227
761 0 0 0.00538084004074335 70.9891967773438
762 0 0 0.00538084004074335 71.0892028808594
763 0 0 0.00538084004074335 71.1892013549805
764 0 0 0.00538084004074335 71.2891998291016
765 0 0 0.00538084004074335 71.3891983032227
766 0 0 0.00538084004074335 71.4891967773438
767 0 0 0.00538084004074335 71.5892028808594
768 0 0 0.00538084004074335 71.6892013549805
769 0 0 0.00538084004074335 71.7891998291016
770 0 0 0.00538084004074335 71.8891983032227
771 0 0 0.00538084004074335 71.9891967773438
772 0 0 0.00538084981963038 72.0892028808594
773 0 0 0.00538084981963038 72.1892013549805
774 0 0 0.00538084981963038 72.2891998291016
775 0 0 0.00538084981963038 72.3891983032227
776 0 0 0.00538084981963038 72.4891967773438
777 0 0 0.00538084981963038 72.5892028808594
778 0 0 0.00538084981963038 72.6892013549805
779 0 0 0.00538084981963038 72.7891998291016
780 0 0 0.00538084981963038 72.8891983032227
781 0 0 0.00538084981963038 72.9891967773438
782 0 0 0.00538084981963038 73.0892028808594
783 0 0 0.00538084981963038 73.1892013549805
784 0 0 0.00538086006417871 73.2891998291016
785 0 0 0.00538086006417871 73.3891983032227
786 0 0 0.00538086006417871 73.4891967773438
787 0 0 0.00538086006417871 73.5892028808594
788 0 0 0.00538086006417871 73.6892013549805
789 0 0 0.00538086006417871 73.7891998291016
790 0 0 0.00538086006417871 73.8891983032227
791 0 0 0.00538086006417871 73.9891967773438
792 0 0 0.00538086006417871 74.0892028808594
793 0 0 0.00538086006417871 74.1892013549805
794 0 0 0.00538086006417871 74.2891998291016
795 0 0 0.00538086006417871 74.3891983032227
796 0 0 0.00538086006417871 74.4891967773438
797 0 0 0.00538086984306574 74.5892028808594
798 0 0 0.00538086984306574 74.6892013549805
799 0 0 0.00538086984306574 74.7891998291016
800 17 24 0.00538086984306574 74.8891983032227
801 0 0 0.00538086984306574 74.9891967773438
802 0 0 0.00538086984306574 75.0892028808594
803 0 0 0.00538086984306574 75.1892013549805
804 0 0 0.00538086984306574 75.2891998291016
805 0 0 0.00538086984306574 75.3891983032227
806 0 0 0.00538086984306574 75.4891967773438
807 0 0 0.00538086984306574 75.5892028808594
808 0 0 0.00538086984306574 75.6892013549805
809 0 0 0.00538086984306574 75.7891998291016
810 0 0 0.00538086984306574 75.8891983032227
811 0 0 0.00538088008761406 75.9891967773438
812 0 0 0.00538088008761406 76.0892028808594
813 0 0 0.00538088008761406 76.1892013549805
814 0 0 0.00538088008761406 76.2891998291016
815 0 0 0.00538088008761406 76.3891983032227
816 0 0 0.00538088008761406 76.4891967773438
817 0 0 0.00538088008761406 76.5892028808594
818 0 0 0.00538088008761406 76.6892013549805
819 0 0 0.00538088008761406 76.7891998291016
820 0 0 0.00538088008761406 76.8891983032227
821 0 0 0.00538088008761406 76.9891967773438
822 0 0 0.00538088008761406 77.0892028808594
823 0 0 0.00538088008761406 77.1892013549805
824 0 0 0.00538088008761406 77.2891998291016
825 0 0 0.00538088986650109 77.3891983032227
826 0 0 0.00538088986650109 77.4891967773438
827 0 0 0.00538088986650109 77.5892028808594
828 0 0 0.00538088986650109 77.6892013549805
829 0 0 0.00538088986650109 77.7891998291016
830 0 0 0.00538088986650109 77.8891983032227
831 0 0 0.00538088986650109 77.9891967773438
832 0 0 0.00538088986650109 78.0892028808594
833 0 0 0.00538088986650109 78.1892013549805
834 0 0 0.00538088986650109 78.2891998291016
835 0 0 0.00538088986650109 78.3891983032227
836 0 0 0.00538088986650109 78.4891967773438
837 0 0 0.00538088986650109 78.5892028808594
838 0 0 0.00538088986650109 78.6892013549805
839 0 0 0.00538088986650109 78.7891998291016
840 0 0 0.00538090011104941 78.8891983032227
841 0 0 0.00538090011104941 78.9891967773438
842 0 0 0.00538090011104941 79.0892028808594
843 0 0 0.00538090011104941 79.1892013549805
844 0 0 0.00538090011104941 79.2891998291016
845 0 0 0.00538090011104941 79.3891983032227
846 0 0 0.00538090011104941 79.4891967773438
847 0 0 0.00538090011104941 79.5892028808594
848 0 0 0.00538090011104941 79.6892013549805
849 0 0 0.00538090011104941 79.7891998291016
850 18 24 0.00538090011104941 79.8891983032227
851 0 0 0.00538090011104941 79.9891967773438
852 0 0 0.00538090011104941 80.0892028808594
853 0 0 0.00538090011104941 80.1892013549805
854 0 0 0.00538090011104941 80.2891998291016
855 0 0 0.00538090011104941 80.3891983032227
856 0 0 0.00538090988993645 80.4891967773438
857 0 0 0.00538090988993645 80.5892028808594
858 0 0 0.00538090988993645 80.6892013549805
859 0 0 0.00538090988993645 80.7891998291016
860 0 0 0.00538090988993645 80.8891983032227
861 0 0 0.00538090988993645 80.9891967773438
862 0 0 0.00538090988993645 81.0892028808594
863 0 0 0.00538090988993645 81.1892013549805
864 0 0 0.00538090988993645 81.2891998291016
865 0 0 0.00538090988993645 81.3891983032227
866 0 0 0.00538090988993645 81.4891967773438
867 0 0 0.00538090988993645 81.5892028808594
868 0 0 0.00538090988993645 81.6892013549805
869 0 0 0.00538090988993645 81.7891998291016
870 0 0 0.00538090988993645 81.8891983032227
871 0 0 0.00538090988993645 81.9891967773438
872 0 0 0.00538090988993645 82.0892028808594
873 0 0 0.00538092013448477 82.1892013549805
874 0 0 0.00538092013448477 82.2891998291016
875 0 0 0.00538092013448477 82.3891983032227
876 0 0 0.00538092013448477 82.4891967773438
877 0 0 0.00538092013448477 82.5892028808594
878 0 0 0.00538092013448477 82.6892013549805
879 0 0 0.00538092013448477 82.7891998291016
880 0 0 0.00538092013448477 82.8891983032227
881 0 0 0.00538092013448477 82.9891967773438
882 0 0 0.00538092013448477 83.0892028808594
883 0 0 0.00538092013448477 83.1892013549805
884 0 0 0.00538092013448477 83.2891998291016
885 0 0 0.00538092013448477 83.3891983032227
886 0 0 0.00538092013448477 83.4891967773438
887 0 0 0.00538092013448477 83.5892028808594
888 0 0 0.00538092013448477 83.6892013549805
889 0 0 0.00538092013448477 83.7891998291016
890 0 0 0.00538092013448477 83.8891983032227
891 0 0 0.0053809299133718 83.9891967773438
892 0 0 0.0053809299133718 84.0892028808594
893 0 0 0.0053809299133718 84.1892013549805
894 0 0 0.0053809299133718 84.2891998291016
895 0 0 0.0053809299133718 84.3891983032227
896 0 0 0.0053809299133718 84.4891967773438
897 0 0 0.0053809299133718 84.5892028808594
898 0 0 0.0053809299133718 84.6892013549805
899 0 0 0.0053809299133718 84.7891998291016
900 19 24 0.0053809299133718 84.8891983032227
901 0 0 0.0053809299133718 84.9891967773438
902 0 0 0.0053809299133718 85.0892028808594
903 0 0 0.0053809299133718 85.1892013549805
904 0 0 0.0053809299133718 85.2891998291016
905 0 0 0.0053809299133718 85.3891983032227
906 0 0 0.0053809299133718 85.4891967773438
907 0 0 0.0053809299133718 85.5892028808594
908 0 0 0.0053809299133718 85.6892013549805
909 0 0 0.0053809299133718 85.7891998291016
910 0 0 0.00538094015792012 85.8891983032227
911 0 0 0.00538094015792012 85.9891967773438
912 0 0 0.00538094015792012 86.0892028808594
913 0 0 0.00538094015792012 86.1892013549805
914 0 0 0.00538094015792012 86.2891998291016
915 0 0 0.00538094015792012 86.3891983032227
916 0 0 0.00538094015792012 86.4891967773438
917 0 0 0.00538094015792012 86.5892028808594
918 0 0 0.00538094015792012 86.6892013549805
919 0 0 0.00538094015792012 86.7891998291016
920 0 0 0.00538094015792012 86.8891983032227
921 0 0 0.00538094015792012 86.9891967773438
922 0 0 0.00538094015792012 87.0892028808594
923 0 0 0.00538094015792012 87.1892013549805
924 0 0 0.00538094015792012 87.2891998291016
925 0 0 0.00538094015792012 87.3891983032227
926 0 0 0.00538094015792012 87.4891967773438
927 0 0 0.00538094015792012 87.5892028808594
928 0 0 0.00538094015792012 87.6892013549805
929 0 0 0.00538094015792012 87.7891998291016
930 0 0 0.00538094015792012 87.8891983032227
931 0 0 0.00538094993680716 87.9891967773438
932 0 0 0.00538094993680716 88.0892028808594
933 0 0 0.00538094993680716 88.1892013549805
934 0 0 0.00538094993680716 88.2891998291016
935 0 0 0.00538094993680716 88.3891983032227
936 0 0 0.00538094993680716 88.4891967773438
937 0 0 0.00538094993680716 88.5892028808594
938 0 0 0.00538094993680716 88.6892013549805
939 0 0 0.00538094993680716 88.7891998291016
940 0 0 0.00538094993680716 88.8891983032227
941 0 0 0.00538094993680716 88.9891967773438
942 0 0 0.00538094993680716 89.0892028808594
943 0 0 0.00538094993680716 89.1892013549805
944 0 0 0.00538094993680716 89.2891998291016
945 0 0 0.00538094993680716 89.3891983032227
946 0 0 0.00538094993680716 89.4891967773438
947 0 0 0.00538094993680716 89.5892028808594
948 0 0 0.00538094993680716 89.6892013549805
949 0 0 0.00538094993680716 89.7891998291016
950 20 24 0.00538094993680716 89.8891983032227
951 0 0 0.00538094993680716 89.9891967773438
952 0 0 0.00538094993680716 90.0892028808594
953 0 0 0.00538096018135548 90.1892013549805
954 0 0 0.00538096018135548 90.2891998291016
955 0 0 0.00538096018135548 90.3891983032227
956 0 0 0.00538096018135548 90.4891967773438
957 0 0 0.00538096018135548 90.5892028808594
958 0 0 0.00538096018135548 90.6892013549805
959 0 0 0.00538096018135548 90.7891998291016
960 0 0 0.00538096018135548 90.8891983032227
961 0 0 0.00538096018135548 90.9891967773438
962 0 0 0.00538096018135548 91.0892028808594
963 0 0 0.00538096018135548 91.1892013549805
964 0 0 0.00538096018135548 91.2891998291016
965 0 0 0.00538096018135548 91.3891983032227
966 0 0 0.00538096018135548 91.4891967773438
967 0 0 0.00538096018135548 91.5892028808594
968 0 0 0.00538096018135548 91.6892013549805
969 0 0 0.00538096018135548 91.7891998291016
970 0 0 0.00538096018135548 91.8891983032227
971 0 0 0.00538096018135548 91.9891967773438
972 0 0 0.00538096018135548 92.0892028808594
973 0 0 0.00538096018135548 92.1892013549805
974 0 0 0.00538096018135548 92.2891998291016
975 0 0 0.00538096018135548 92.3891983032227
976 0 0 0.00538096018135548 92.4891967773438
977 0 0 0.00538096018135548 92.5892028808594
978 0 0 0.00538096996024251 92.6892013549805
979 0 0 0.00538096996024251 92.7891998291016
980 0 0 0.00538096996024251 92.8891983032227
981 0 0 0.00538096996024251 92.9891967773438
982 0 0 0.00538096996024251 93.0892028808594
983 0 0 0.00538096996024251 93.1892013549805
984 0 0 0.00538096996024251 93.2891998291016
985 0 0 0.00538096996024251 93.3891983032227
986 0 0 0.00538096996024251 93.4891967773438
987 0 0 0.00538096996024251 93.5892028808594
988 0 0 0.00538096996024251 93.6892013549805
989 0 0 0.00538096996024251 93.7891998291016
990 0 0 0.00538096996024251 93.8891983032227
991 0 0 0.00538096996024251 93.9891967773438
992 0 0 0.00538096996024251 94.0892028808594
993 0 0 0.00538096996024251 94.1892013549805
994 0 0 0.00538096996024251 94.2891998291016
995 0 0 0.00538096996024251 94.3891983032227
996 0 0 0.00538096996024251 94.4891967773438
997 0 0 0.00538096996024251 94.5892028808594
998 0 0 0.00538096996024251 94.6892013549805
999 0 0 0.00538096996024251 94.7891998291016
1000 21 29 0.00538096996024251 94.8891983032227
