384 31 -29 -0.021577900275588 3.98438004811652E-10
383 0 0 -0.021577900275588 1.69578995290465E-09
382 0 0 -0.021577900275588 2.64071009503652E-09
381 0 0 -0.021577900275588 3.71082009564816E-09
380 0 0 -0.02157779969275 5.95990012897119E-09
379 0 0 -0.02157779969275 7.19989978748004E-09
378 0 0 -0.02157779969275 1.00094004196194E-08
377 0 0 -0.0215776991099119 1.67825007224565E-08
376 0 0 -0.0215776991099119 2.0633400765746E-08
375 0 0 -0.021577600389719 2.91217006065381E-08
374 0 0 -0.0215766001492739 -2.65507992480707E-07
373 0 0 -0.0215760990977287 -4.31428986757965E-07
372 0 0 -0.0215755999088287 -6.2406201095655E-07
371 0 0 -0.0215715002268553 2.84235011349665E-06
370 0 0 -0.0215672999620438 5.95496021560393E-06
369 0 0 -0.0215632002800703 9.75874991127057E-06
368 0 0 -0.0215549003332853 1.90640002983855E-05
367 0 0 -0.0215466003865004 3.02834996546153E-05
366 0 0 -0.0215297993272543 5.75302001379896E-05
365 0 0 -0.0215130001306534 9.0298599388916E-05
364 0 0 -0.0214959997683764 0.000127931998576969
363 0 0 -0.0214788001030684 0.000170002997037955
362 0 0 -0.0214614998549223 0.000216211003134958
361 0 0 -0.0214441008865833 0.000266326998826116
360 0 0 -0.0214265994727612 0.000320174003718421
359 0 0 -0.0214089006185532 0.000377607007976621
358 0 0 -0.021391099318862 0.00043850700603798
357 0 0 -0.0213731992989779 0.000502772978506982
356 0 0 -0.0213550999760628 0.000570319010876119
355 0 0 -0.0213370006531477 0.000641070015262812
354 0 0 -0.0213187001645565 0.000714958005119115
353 0 0 -0.0213002003729343 0.000791925995144993
352 0 0 -0.0212817005813122 0.000871918979100883
351 0 0 -0.0212629996240139 0.000954889983404428
350 30 24 -0.0212441999465227 0.00104078999720514
349 0 0 -0.0212252996861935 0.00112958997488022
348 0 0 -0.0212063007056713 0.00122124003246427
347 0 0 -0.021187100559473 0.00131571001838893
346 0 0 -0.0211677998304367 0.00141296000219882
345 0 0 -0.0211484003812075 0.00151296996045858
344 0 0 -0.0211289003491402 0.0016157099744305
343 0 0 -0.0211092997342348 0.00172115000896156
342 0 0 -0.0210894998162985 0.00182926002889872
341 0 0 -0.0210695993155241 0.00194002001080662
340 0 0 -0.0210496000945568 0.00205340003594756
339 0 0 -0.0210295002907515 0.00216938997618854
338 0 0 -0.021009299904108 0.00228795991279185
337 0 0 -0.0209890007972717 0.00240910006687045
336 0 0 -0.0209685005247593 0.00253277993761003
335 0 0 -0.0209478996694088 0.0026589899789542
334 0 0 -0.0209273006767035 0.00278771994635463
333 0 0 -0.0209063999354839 0.00291894003748894
332 0 0 -0.0208854991942644 0.0030526400078088
331 0 0 -0.020864499732852 0.00318882009014487
330 0 0 -0.0208432991057634 0.00332746002823114
329 0 0 -0.020821999758482 0.00346855004318058
328 0 0 -0.0208005998283625 0.00361207011155784
327 0 0 -0.0207790993154049 0.00375803001224995
326 0 0 -0.0207573994994164 0.00390641018748283
325 0 0 -0.0207356996834278 0.00405720015987754
324 0 0 -0.0207138005644083 0.00421041017398238
323 0 0 -0.0206918008625507 0.00436602020636201
322 0 0 -0.0206695999950171 0.00452402979135513
321 0 0 -0.0206473004072905 0.00468445010483265
320 0 0 -0.0206249002367258 0.00484726997092366
319 0 0 -0.0206023994833231 0.00501248007640243
318 0 0 -0.0205798000097275 0.00518009997904301
317 0 0 -0.0205569993704557 0.00535011012107134
316 0 0 -0.020533999428153 0.00552253983914852
315 0 0 -0.0205109994858503 0.00569737004116178
314 0 0 -0.0204878002405167 0.00587461004033685
313 0 0 -0.0204643998295069 0.00605427008122206
312 0 0 -0.0204409006983042 0.00623635994270444
311 0 0 -0.0204172991216183 0.00642088009044528
310 0 0 -0.0203936006873846 0.00660785008221865
309 0 0 -0.0203696005046368 0.00679726991802454
308 0 0 -0.0203456003218889 0.00698914984241128
307 0 0 -0.0203214008361101 0.00718350987881422
306 0 0 -0.0202970001846552 0.0073803598061204
305 0 0 -0.0202725008130074 0.00757970986887813
304 0 0 -0.0202478002756834 0.00778158009052277
303 0 0 -0.0202229991555214 0.00798598024994135
302 0 0 -0.0201980005949736 0.00819293968379498
301 0 0 -0.0201728008687496 0.00840246025472879
300 29 24 -0.0201475005596876 0.00861456990242004
299 0 0 -0.0201219003647566 0.00882930029183626
298 0 0 -0.0200963001698256 0.0090466495603323
297 0 0 -0.0200704000890255 0.00926665030419827
296 0 0 -0.0200443994253874 0.0094893304631114
295 0 0 -0.0200181994587183 0.00971470959484577
294 0 0 -0.0199918001890182 0.00994281005114317
293 0 0 -0.0199651997536421 0.0101736998185515
292 0 0 -0.019938500598073 0.010407299734652
291 0 0 -0.0199114996939898 0.0106437001377344
290 0 0 -0.0198842994868755 0.0108829997479916
289 0 0 -0.0198570005595684 0.0111252004280686
288 0 0 -0.0198293998837471 0.0113701997324824
287 0 0 -0.0198017004877329 0.0116181997582316
286 0 0 -0.0197736993432045 0.0118690999224782
285 0 0 -0.0197455994784832 0.0121229998767376
284 0 0 -0.0197171997278929 0.0123800002038479
283 0 0 -0.0196886006742716 0.0126400999724865
282 0 0 -0.0196598004549742 0.0129032004624605
281 0 0 -0.0196307003498077 0.0131695000454783
280 0 0 -0.0196013990789652 0.0134389996528625
279 0 0 -0.0195719003677368 0.0137117002159357
278 0 0 -0.0195422004908323 0.0139877004548907
277 0 0 -0.0195122007280588 0.0142670003697276
276 0 0 -0.0194819997996092 0.0145496996119618
275 0 0 -0.0194515008479357 0.0148358000442386
274 0 0 -0.0194208007305861 0.0151254003867507
273 0 0 -0.0193898007273674 0.0154184000566602
272 0 0 -0.0193585995584726 0.0157149992883205
271 0 0 -0.019327100366354 0.016015300527215
270 0 0 -0.0192954000085592 0.0163192003965378
269 0 0 -0.0192632991820574 0.0166267994791269
268 0 0 -0.0192310009151697 0.0169380996376276
267 0 0 -0.0191984008997679 0.0172533001750708
266 0 0 -0.0191655997186899 0.0175723992288113
265 0 0 -0.01913239993155 0.0178954992443323
264 0 0 -0.0190990008413792 0.0182224996387959
263 0 0 -0.0190653000026941 0.0185537002980709
262 0 0 -0.0190312005579472 0.0188889000564814
261 0 0 -0.0189968999475241 0.0192284006625414
260 0 0 -0.018962200731039 0.0195722002536058
259 0 0 -0.0189271997660398 0.0199203006923199
258 0 0 -0.0188919007778168 0.0202728006988764
257 0 0 -0.0188563000410795 0.0206298008561134
256 0 0 -0.0188203994184732 0.0209912993013859
255 0 0 -0.018784100189805 0.0213575009256601
254 0 0 -0.0187474992126226 0.0217284001410007
253 0 0 -0.0187104996293783 0.022104199975729
252 0 0 -0.018673200160265 0.0224847998470068
251 0 0 -0.0186355002224445 0.0228703003376722
250 28 24 -0.018597399815917 0.0232609007507563
249 0 0 -0.0185589995235205 0.0236566998064518
248 0 0 -0.018520200625062 0.024057699367404
247 0 0 -0.0184810999780893 0.0244640000164509
246 0 0 -0.0184415001422167 0.0248757991939783
245 0 0 -0.0184014998376369 0.0252930000424385
244 0 0 -0.0183611996471882 0.0257159005850554
243 0 0 -0.0183204002678394 0.0261445008218288
242 0 0 -0.0182792991399765 0.0265788994729519
241 0 0 -0.0182377006858587 0.0270192995667458
240 0 0 -0.0181956999003887 0.0274656005203724
239 0 0 -0.0181531999260187 0.0279181990772486
238 0 0 -0.0181102994829416 0.0283770002424717
237 0 0 -0.0180670004338026 0.0288421995937824
236 0 0 -0.0180232003331184 0.029313899576664
235 0 0 -0.0179789997637272 0.0297922994941473
234 0 0 -0.0179343000054359 0.0302773993462324
233 0 0 -0.0178890991955996 0.0307694002985954
232 0 0 -0.0178434997797012 0.0312683992087841
231 0 0 -0.0177973005920649 0.0317744985222816
230 0 0 -0.0177506990730762 0.0322879999876022
229 0 0 -0.0177034996449947 0.0328088998794556
228 0 0 -0.0176558997482061 0.0333373993635178
227 0 0 -0.0176077000796795 0.0338735990226269
226 0 0 -0.0175589993596077 0.034417700022459
225 0 0 -0.017509700730443 0.034969799220562
224 0 0 -0.017459899187088 0.0355301983654499
223 0 0 -0.0174096003174782 0.0360989011824131
222 0 0 -0.0173585992306471 0.0366761013865471
221 0 0 -0.0173071995377541 0.037262100726366
220 0 0 -0.0172550994902849 0.03785689920187
219 0 0 -0.0172023996710777 0.038460798561573
218 0 0 -0.0171492006629705 0.0390739999711514
217 0 0 -0.0170952994376421 0.0396964997053146
216 0 0 -0.0170408003032207 0.0403288006782532
215 0 0 -0.0169856995344162 0.0409707985818386
214 0 0 -0.0169299002736807 0.0416228994727135
213 0 0 -0.016873499378562 0.0422852002084255
212 0 0 -0.0168163999915123 0.0429578982293606
211 0 0 -0.0167587008327246 0.0436413995921612
210 0 0 -0.0167002994567156 0.044335700571537
209 0 0 -0.0166411995887756 0.045041099190712
208 0 0 -0.0165813993662596 0.0457579009234905
207 0 0 -0.0165208000689745 0.0464862994849682
206 0 0 -0.0164595991373062 0.0472264997661114
205 0 0 -0.0163975991308689 0.047978900372982
204 0 0 -0.0163349006325006 0.0487435013055801
203 0 0 -0.0162713993340731 0.0495207011699677
202 0 0 -0.0162071008235216 0.0503108985722065
201 0 0 -0.0161421000957489 0.0511141009628773
200 27 24 -0.0160761997103691 0.0519308000802994
199 0 0 -0.0160096008330584 0.0527612008154392
198 0 0 -0.0159421004354954 0.0536055006086826
197 0 0 -0.0158737991005182 0.0544641986489296
196 0 0 -0.0158047005534172 0.0553374998271465
195 0 0 -0.015734700486064 0.0562256015837193
194 0 0 -0.0156638007611036 0.0571289993822575
193 0 0 -0.0155921000987291 0.0580479986965656
192 0 0 -0.0155194001272321 0.0589828006923199
191 0 0 -0.0154459001496434 0.0599339008331299
190 0 0 -0.0153713999316096 0.0609015002846718
189 0 0 -0.0152960000559688 0.0618860013782978
188 0 0 -0.0152195999398828 0.0628878027200699
187 0 0 -0.0151423001661897 0.06390730291605
186 0 0 -0.0150640001520514 0.0649448037147522
185 0 0 -0.0149846998974681 0.0660006031394005
184 0 0 -0.0149044003337622 0.0670752003788948
183 0 0 -0.0148230995982885 0.0681691020727158
182 0 0 -0.0147406999021769 0.0692823976278305
181 0 0 -0.01465729996562 0.0704158022999763
180 0 0 -0.0145728001371026 0.071569599211216
179 0 0 -0.01448730006814 0.0727441981434822
178 0 0 -0.0144007001072168 0.0739400014281273
177 0 0 -0.014312899671495 0.0751575976610184
176 0 0 -0.0142240999266505 0.0763972029089928
175 0 0 -0.0141340997070074 0.0776595026254654
174 0 0 -0.0140428999438882 0.0789448022842407
173 0 0 -0.0139506002888083 0.0802534967660904
172 0 0 -0.0138571998104453 0.0815863013267517
171 0 0 -0.0137941995635629 0.0824884027242661
170 0 0 -0.0137307001277804 0.0834015011787415
169 0 0 -0.0136666996404529 0.0843257009983063
168 0 0 -0.0136021003127098 0.0852612033486366
167 0 0 -0.0135369002819061 0.086208201944828
166 0 0 -0.0134712997823954 0.0871668010950089
165 0 0 -0.0134049998596311 0.0881370976567268
164 0 0 -0.0133383003994823 0.0891193002462387
163 0 0 -0.0132708996534348 0.0901134982705116
162 0 0 -0.0132029997184873 0.0911199972033501
161 0 0 -0.0131345000118017 0.092138797044754
160 0 0 -0.0130655001848936 0.0931700989603996
159 0 0 -0.0129958000034094 0.0942140966653824
158 0 0 -0.0129255997017026 0.0952709019184113
157 0 0 -0.0128547996282578 0.0963405966758728
156 0 0 -0.0127835003659129 0.0974235013127327
155 0 0 -0.0127114998176694 0.0985196977853775
154 0 0 -0.0126389004290104 0.0996292978525162
153 0 0 -0.0125657999888062 0.100753001868725
152 0 0 -0.0124920001253486 0.101889997720718
151 0 0 -0.0124177001416683 0.103041000664234
150 26 24 -0.012342699803412 0.104206003248692
149 0 0 -0.0122670996934175 0.10538499802351
148 0 0 -0.0121908998116851 0.106578998267651
147 0 0 -0.0121141001582146 0.107786998152733
146 0 0 -0.0120366998016834 0.109010003507137
145 0 0 -0.0119586000218987 0.110247999429703
144 0 0 -0.0118798995390534 0.11150199919939
143 0 0 -0.0118006002157927 0.11276999861002
142 0 0 -0.0117207001894712 0.114054001867771
141 0 0 -0.0116400998085737 0.115353003144264
140 0 0 -0.0115588996559381 0.116668999195099
139 0 0 -0.0114770997315645 0.118000000715256
138 0 0 -0.0113946003839374 0.119346998631954
137 0 0 -0.0113113997504115 0.120710998773575
136 0 0 -0.0112276999279857 0.122091002762318
135 0 0 -0.0111432000994682 0.123487003147602
134 0 0 -0.0110582001507282 0.124900996685028
133 0 0 -0.0109724001958966 0.126331001520157
132 0 0 -0.0108861001208425 0.127779006958008
131 0 0 -0.0107990000396967 0.12924399971962
130 0 0 -0.0107113001868129 0.130725994706154
129 0 0 -0.0106229996308684 0.132226005196571
128 0 0 -0.0105339996516705 0.13374400138855
127 0 0 -0.0104443002492189 0.13527999818325
126 0 0 -0.0103540001437068 0.136833995580673
125 0 0 -0.0102629996836185 0.138405993580818
124 0 0 -0.0101712998002768 0.139997005462646
123 0 0 -0.0100790001451969 0.141607001423836
122 0 0 -0.00998597964644432 0.143234997987747
121 0 0 -0.00989231001585722 0.144881993532181
120 0 0 -0.00979798007756472 0.146549001336098
119 0 0 -0.00970297958701849 0.148234993219376
118 0 0 -0.00960731972008944 0.149940997362137
117 0 0 -0.00951097998768091 0.15166600048542
116 0 0 -0.00941396970301867 0.153411000967026
115 0 0 -0.00931630004197359 0.155175998806953
114 0 0 -0.00921795982867479 0.156960994005203
113 0 0 -0.00911893974989653 0.158766999840736
112 0 0 -0.00901926029473543 0.160593003034592
111 0 0 -0.00891891028732061 0.162440001964569
110 0 0 -0.00881789997220039 0.164307996630669
109 0 0 -0.00871622003614902 0.166197001934052
108 0 0 -0.00861386954784393 0.168107002973557
107 0 0 -0.00851085968315601 0.170037999749184
106 0 0 -0.00840718019753695 0.171991005539894
105 0 0 -0.00830284971743822 0.173966005444527
104 0 0 -0.00819784961640835 0.175962001085281
103 0 0 -0.00809219013899565 0.177981004118919
102 0 0 -0.00798587966710329 0.18002100288868
101 0 0 -0.00787890981882811 0.182083994150162
100 25 24 -0.00777128012850881 0.184168994426727
99 0 0 -0.00766301015391946 0.186277002096176
98 0 0 -0.00755407987162471 0.188407003879547
97 0 0 -0.0074445097707212 0.19056099653244
96 0 0 -0.00733429985120893 0.192736998200417
95 0 0 -0.00722343986853957 0.194937005639076
94 0 0 -0.00711194984614849 0.197160005569458
93 0 0 -0.00699981022626162 0.199405997991562
92 0 0 -0.00688704987987876 0.201675996184349
91 0 0 -0.00677365995943546 0.20397000014782
90 0 0 -0.00665963999927044 0.206286996603012
89 0 0 -0.00654499977827072 0.208628997206688
88 0 0 -0.00642974022775888 0.210995003581047
87 0 0 -0.00631387019529939 0.213384002447128
86 0 0 -0.0061973799020052 0.215799003839493
85 0 0 -0.00608028983697295 0.218236997723579
84 0 0 -0.00596260000020266 0.220700994133949
83 0 0 -0.00584430992603302 0.223188996315002
82 0 0 -0.00572542985901237 0.225702002644539
81 0 0 -0.00560597004368901 0.228239998221397
80 0 0 -0.00548591976985335 0.230801999568939
79 0 0 -0.00536529021337628 0.233391001820564
78 0 0 -0.00524409022182226 0.236003994941711
77 0 0 -0.00512233003973961 0.238642007112503
76 0 0 -0.00499999988824129 0.241306006908417
75 0 0 -0.00487711979076266 0.243995994329453
74 0 0 -0.00475369021296501 0.246711000800133
73 0 0 -0.0046297200024128 0.249451994895935
72 0 0 -0.00450521986931562 0.252218991518021
71 0 0 -0.0043801898136735 0.255010992288589
70 0 0 -0.00425462983548641 0.257829993963242
69 0 0 -0.00412855995818973 0.260673999786377
68 0 0 -0.00400198018178344 0.263545006513596
67 0 0 -0.00387490005232394 0.266440987586975
66 0 0 -0.00374732003547251 0.26936399936676
65 0 0 -0.00361925992183387 0.272312998771667
64 0 0 -0.00349071994423866 0.275287985801697
63 0 0 -0.00336171989329159 0.278290003538132
62 0 0 -0.00323223997838795 0.281318008899689
61 0 0 -0.00310232001356781 0.284372001886368
60 0 0 -0.00297194998711348 0.28745299577713
59 0 0 -0.00284113991074264 0.290560007095337
58 0 0 -0.0027099100407213 0.293693006038666
57 0 0 -0.00257824989967048 0.296853005886078
56 0 0 -0.00244618998840451 0.300040006637573
55 0 0 -0.00231372006237507 0.303252995014191
54 0 0 -0.00218085991218686 0.306492000818253
53 0 0 -0.00204762001521885 0.309758007526398
52 0 0 -0.00191401003394276 0.313050001859665
51 0 0 -0.00178002996835858 0.316368997097015
50 24 24 -0.00164569995831698 0.31971400976181
49 0 0 -0.00151103001553565 0.323085993528366
48 0 0 -0.00137602002359927 0.326483994722366
47 0 0 -0.00124069000594318 0.329908013343811
46 0 0 -0.00110504997428507 0.333359003067017
45 0 0 -0.000969110988080502 0.336836010217667
44 0 0 -0.000832877994980663 0.340339004993439
43 0 0 -0.000696365023031831 0.343867987394333
42 0 0 -0.000559582025744021 0.347422987222672
41 0 0 -0.000422542012529448 0.351004004478455
40 0 0 -0.000285254005575553 0.35461100935936
39 0 0 -0.000147729995660484 0.358244001865387
38 0 0 -9.98254017758882E-06 0.361903011798859
37 0 0 0.000127977997181006 0.365586996078491
36 0 0 0.000266140996245667 0.369296997785568
35 0 0 0.00040449301013723 0.373032003641129
34 0 0 0.000543022993952036 0.376792997121811
33 0 0 0.000681719975546002 0.380578011274338
32 0 0 0.000820570974610746 0.384389013051987
31 0 0 0.000959564000368118 0.388224989175797
30 0 0 0.00109868997242302 0.392085999250412
29 0 0 0.00123793003149331 0.39597100019455
28 0 0 0.0013772799866274 0.39988100528717
27 0 0 0.00151672004722059 0.403815001249313
26 0 0 0.00165623996872455 0.40777400135994
25 0 0 0.00179582997225225 0.411756992340088
24 0 0 0.00193548004608601 0.41576299071312
23 0 0 0.00207516993395984 0.419793009757996
22 0 0 0.0022148999851197 0.423846989870071
21 0 0 0.00235464004799724 0.427924007177353
20 0 0 0.00249438988976181 0.432024985551834
19 0 0 0.00263412995263934 0.43614798784256
18 0 0 0.00277384999208152 0.440293997526169
17 0 0 0.00291353999637067 0.4444620013237
16 0 0 0.00305317994207144 0.448653012514114
15 0 0 0.00319277006201446 0.45286500453949
14 0 0 0.00333228008821607 0.457100003957748
13 0 0 0.00347171002067626 0.46135601401329
12 0 0 0.00361104006879032 0.465633004903793
11 0 0 0.00375025998800993 0.469931989908218
10 0 0 0.00388935999944806 0.474251002073288
9 0 0 0.00402831984683871 0.478590995073318
8 0 0 0.00416713021695614 0.482950985431671
7 0 0 0.00430577015504241 0.487329989671707
6 0 0 0.00444422988221049 0.491730004549026
5 0 0 0.00453644013032317 0.494673013687134
4 0 0 0.00459785992279649 0.496639996767044
3 0 0 0.00463877990841866 0.49795401096344
2 0 0 0.00466604996472597 0.498829990625381
1 0 0 0.0047023999504745 0.5
1 0 0 0.0047023999504745 0.5
2 0 0 0.004738740157336 0.501170992851257
3 0 0 0.00476597994565964 0.50204998254776
4 0 0 0.00480683008208871 0.503371000289917
5 0 0 0.0048680598847568 0.505353987216949
6 0 0 0.00495981005951762 0.508334994316101
7 0 0 0.0050972499884665 0.512822985649109
8 0 0 0.00523441983386874 0.517328023910522
9 0 0 0.00537132006138563 0.521849989891052
10 0 0 0.00550793018192053 0.526387989521027
11 0 0 0.00564423995092511 0.530942976474762
12 0 0 0.00578022981062531 0.535513997077942
13 0 0 0.0059158899821341 0.540100991725922
14 0 0 0.0060511901974678 0.544701993465424
15 0 0 0.00618613976985216 0.549317002296448
16 0 0 0.00632068980485201 0.553946971893311
17 0 0 0.00652178004384041 0.560914993286133
18 0 0 0.00672191008925438 0.567911982536316
19 0 0 0.00692101987078786 0.574934005737305
20 0 0 0.00711904000490904 0.581979990005493
21 0 0 0.00731590995565057 0.589046001434326
22 0 0 0.00751155009493232 0.596131026744843
23 0 0 0.00770587986335158 0.603228986263275
24 0 0 0.00789881963282824 0.610339999198914
25 0 0 0.00809026975184679 0.61745697259903
26 0 0 0.00828013010323048 0.62457799911499
27 0 0 0.00846828985959291 0.631695985794067
28 0 0 0.00865461025387049 0.638806998729706
29 0 0 0.00883894972503185 0.645904004573822
30 0 0 0.00902114994823933 0.652980029582977
31 0 0 0.00920102000236511 0.660026013851166
32 0 0 0.00937832985073328 0.66703200340271
33 0 0 0.00955285038799047 0.673986971378326
34 0 0 0.0097242696210742 0.680876970291138
35 0 0 0.00989224016666412 0.687686026096344
36 0 0 0.0100563997402787 0.694395005702972
37 0 0 0.0102161001414061 0.700978994369507
38 0 0 0.0103708999231458 0.707413017749786
39 0 0 0.0105200996622443 0.713662028312683
40 0 0 0.0106629002839327 0.71968799829483
41 0 0 0.0107982000336051 0.725444972515106
42 0 0 0.010924999602139 0.730880975723267
43 0 0 0.0110421003773808 0.735934972763062
44 0 0 0.0111482003703713 0.740544974803925
45 0 0 0.0112418998032808 0.744646012783051
46 0 0 0.0113220997154713 0.748178005218506
47 0 0 0.0113880001008511 0.75109201669693
48 0 0 0.011438800022006 0.753355026245117
49 0 0 0.0114746000617743 0.754953026771545
50 2 24 0.0114956004545093 0.755894005298615
51 0 0 0.0115024000406265 0.756201982498169
52 3 22 0.0115024000406265 0.756201982498169
53 0 0 0.0114959003403783 0.755909025669098
54 0 0 0.0114772999659181 0.755065023899078
55 0 0 0.0114476000890136 0.753714978694916
56 0 0 0.0114080002531409 0.751905977725983
57 0 0 0.0113593004643917 0.749679982662201
58 0 0 0.011302400380373 0.747078001499176
59 0 0 0.0112383002415299 0.74413400888443
60 0 0 0.0111675001680851 0.740878999233246
61 0 0 0.011090699583292 0.737342000007629
62 0 0 0.0110083995386958 0.733546018600464
63 0 0 0.0109211998060346 0.729512989521027
64 0 0 0.0108294002711773 0.725261986255646
65 0 0 0.0107333995401859 0.720808982849121
66 0 0 0.0106335002928972 0.716168999671936
67 0 0 0.0105301002040505 0.711356997489929
68 0 0 0.010423400439322 0.706382989883423
69 0 0 0.0103137996047735 0.701259970664978
70 0 0 0.0102012995630503 0.695996999740601
71 0 0 0.0100862998515368 0.690604984760284
72 0 0 0.00996901001781225 0.685091972351074
73 0 0 0.0098495502024889 0.679467022418976
74 0 0 0.0097281401976943 0.673739016056061
75 0 0 0.009604980237782 0.667914986610413
76 0 0 0.00948023982346058 0.662002980709076
77 0 0 0.00935410987585783 0.656010985374451
78 0 0 0.00922674965113401 0.649945974349976
79 0 0 0.00909833982586861 0.643817007541656
80 0 0 0.00896906014531851 0.637629985809326
81 0 0 0.0088390801101923 0.631394982337952
82 0 0 0.00870857015252113 0.625117003917694
83 0 0 0.00857771001756191 0.618806004524231
84 0 0 0.00844667013734579 0.612468004226685
85 0 0 0.00831563025712967 0.606113016605377
86 0 0 0.00818475987762213 0.599748015403748
87 0 0 0.0080542303621769 0.593382000923157
88 0 0 0.00792421028017998 0.587022006511688
89 0 0 0.00779487984254956 0.580676972866058
90 0 0 0.00766640016809106 0.574353992938995
91 0 0 0.00753893004730344 0.568063020706177
92 0 0 0.0074126198887825 0.561809003353119
93 0 0 0.00728762010112405 0.555602014064789
94 0 0 0.00716406013816595 0.549447000026703
95 0 0 0.00704208016395569 0.543352007865906
96 0 0 0.00692179007455707 0.537321984767914
97 0 0 0.00680328998714685 0.531364023685455
98 0 0 0.00668668001890182 0.525481998920441
99 0 0 0.00657203001901507 0.519680976867676
100 4 24 0.0064594098366797 0.513963997364044
101 0 0 0.00634887022897601 0.508336007595062
102 0 0 0.00624044006690383 0.502798020839691
103 0 0 0.00613415986299515 0.497352987527847
104 0 0 0.00603003008291125 0.492000997066498
105 0 0 0.00592806003987789 0.486744999885559
106 0 0 0.00582823995500803 0.481582999229431
107 0 0 0.00573056004941463 0.476516991853714
108 0 0 0.00563499005511403 0.47154501080513
109 0 0 0.00554150016978383 0.466666013002396
110 0 0 0.00545004988089204 0.461879998445511
111 0 0 0.00536060007289052 0.457183986902237
112 0 0 0.00527309998869896 0.452576994895935
113 0 0 0.00518751004710793 0.448056995868683
114 0 0 0.00510377017781138 0.443621009588242
115 0 0 0.00502181984484196 0.439267992973328
116 0 0 0.00494161015376449 0.434994995594025
117 0 0 0.00486308988183737 0.430799007415771
118 0 0 0.00478619011119008 0.426678001880646
119 0 0 0.00471086008474231 0.42263001203537
120 0 0 0.00463704997673631 0.41865199804306
121 0 0 0.0045647001825273 0.414741009473801
122 0 0 0.00449375016614795 0.410894989967346
123 0 0 0.00442415988072753 0.407110989093781
124 0 0 0.00435585994273424 0.403387993574142
125 0 0 0.00428880983963609 0.399720996618271
126 0 0 0.00422296021133661 0.396109998226166
127 0 0 0.00415825983509421 0.392551988363266
128 0 0 0.00409465981647372 0.389043986797333
129 0 0 0.00403212010860443 0.385585010051727
130 0 0 0.00397060019895434 0.382171988487244
131 0 0 0.00391004979610443 0.378803014755249
132 0 0 0.00385044002905488 0.375476002693176
133 0 0 0.00379171990789473 0.372189998626709
134 0 0 0.0037338500842452 0.368941009044647
135 0 0 0.00367681006900966 0.365729987621307
136 0 0 0.00362055003643036 0.362551987171173
137 0 0 0.00356504996307194 0.359407991170883
138 0 0 0.00351026002317667 0.356294989585876
139 0 0 0.00345616997219622 0.353210985660553
140 0 0 0.00340272998437285 0.350156009197235
141 0 0 0.00334992003627121 0.347126990556717
142 0 0 0.00329772010445595 0.344123005867004
143 0 0 0.00324609992094338 0.341141998767853
144 0 0 0.00319502991624177 0.338183999061584
145 0 0 0.00314448005519807 0.335245996713638
146 0 0 0.00309445010498166 0.332327991724014
147 0 0 0.00304489000700414 0.329427003860474
148 0 0 0.00299579999409616 0.326543986797333
149 0 0 0.00294715003110468 0.323675990104675
150 5 24 0.00289892009459436 0.320823013782501
151 0 0 0.00285109994001687 0.317984014749527
152 0 0 0.00280365999788046 0.315156012773514
153 0 0 0.00275659002363682 0.312339007854462
154 0 0 0.00270986999385059 0.309532999992371
155 0 0 0.00266349990852177 0.306735992431641
156 0 0 0.0026174399536103 0.303945988416672
157 0 0 0.00257169990800321 0.301164001226425
158 0 0 0.00252625998109579 0.298388004302979
159 0 0 0.00248109991662204 0.295617014169693
160 0 0 0.00243621994741261 0.292851001024246
161 0 0 0.00239161006174982 0.290087997913361
162 0 0 0.00234725000336766 0.287328004837036
163 0 0 0.00230314000509679 0.28456899523735
164 0 0 0.00225926004350185 0.281812012195587
165 0 0 0.00221561989746988 0.279054999351501
166 0 0 0.00217221002094448 0.276297003030777
167 0 0 0.00212901993654668 0.273537993431091
168 0 0 0.00208605010993779 0.270778000354767
169 0 0 0.00204329006373882 0.268016010522842
170 0 0 0.00200075004249811 0.265249997377396
171 0 0 0.0019584100227803 0.26248100399971
172 0 0 0.00191629002802074 0.259707003831863
173 0 0 0.00187437003478408 0.256929010152817
174 0 0 0.00183266005478799 0.254146009683609
175 0 0 0.00179115997161716 0.251356989145279
176 0 0 0.00174988002981991 0.24856199324131
177 0 0 0.0017088099848479 0.24575999379158
178 0 0 0.00166795996483415 0.24295200407505
179 0 0 0.00162733998149633 0.240135997533798
180 0 0 0.00158694002311677 0.237312003970146
181 0 0 0.00154677999671549 0.234479993581772
182 0 0 0.00150686001870781 0.231638997793198
183 0 0 0.0014671899843961 0.228790000081062
184 0 0 0.00142777001019567 0.225931003689766
185 0 0 0.00138860999140888 0.223063006997108
186 0 0 0.00134972995147109 0.220183998346329
187 0 0 0.00131111999507993 0.217296004295349
188 0 0 0.00127280002925545 0.214396998286247
189 0 0 0.00123477994929999 0.211485996842384
190 0 0 0.00119706999976188 0.20856499671936
191 0 0 0.00115967995952815 0.205632999539375
192 0 0 0.00112262996844947 0.202689006924629
193 0 0 0.00108592002652586 0.199734002351761
194 0 0 0.00104958994779736 0.196768999099731
195 0 0 0.00101363996509463 0.193792998790741
196 0 0 0.000978098949417472 0.190807998180389
197 0 0 0.000943001010455191 0.187815994024277
198 0 0 0.0009083739714697 0.184817001223564
199 0 0 0.000874255027156323 0.18181499838829
200 6 24 0.000840687018353492 0.178812995553017
201 0 0 0.000807718024589121 0.175814002752304
202 0 0 0.000775401014834642 0.172824993729591
203 0 0 0.00074379297439009 0.169848993420601
204 0 0 0.00071295298403129 0.166894003748894
205 0 0 0.000682940997648984 0.163966998457909
206 0 0 0.000653814000543207 0.161074995994568
207 0 0 0.000625622982624918 0.158224001526833
208 0 0 0.000598411017563194 0.155423000454903
209 0 0 0.00057221099268645 0.152676999568939
210 0 0 0.000547042000107467 0.149991005659103
211 0 0 0.000522909977007657 0.147370994091034
212 0 0 0.000499809975735843 0.144819006323814
213 0 0 0.000477722991490737 0.142336994409561
214 0 0 0.000456621986813843 0.139926001429558
215 0 0 0.000436470989370719 0.137584999203682
216 0 0 0.000417231000028551 0.135315001010895
217 0 0 0.000398854986997321 0.133111998438835
218 0 0 0.000381298013962805 0.130976006388664
219 0 0 0.000364512001397088 0.12890300154686
220 0 0 0.000348450004821643 0.126890003681183
221 0 0 0.000333067000610754 0.124935001134872
222 0 0 0.0003183190128766 0.123034998774529
223 0 0 0.000304165005218238 0.121187001466751
224 0 0 0.000290563999442384 0.119387999176979
225 0 0 0.000277481012744829 0.117634996771812
226 0 0 0.000264881004113704 0.115925997495651
227 0 0 0.000252731988439336 0.114257998764515
228 0 0 0.000241004003328271 0.112627997994423
229 0 0 0.000229669007239863 0.111033998429775
230 0 0 0.0002187009959016 0.109474003314972
231 0 0 0.000208077995921485 0.107946000993252
232 0 0 0.000197778004803695 0.106446996331215
233 0 0 0.000187778001418337 0.104976996779442
234 0 0 0.000178061993210576 0.103532999753952
235 0 0 0.00016861199401319 0.102113001048565
236 0 0 0.000159410003107041 0.10071700066328
237 0 0 0.000150442006997764 0.0993413031101227
238 0 0 0.000141694996273145 0.0979859977960587
239 0 0 0.000133153997012414 0.0966494008898735
240 0 0 0.000124807993415743 0.0953300967812538
241 0 0 0.000116645001980942 0.0940269976854324
242 0 0 0.000108654996438418 0.0927387997508049
243 0 0 0.000100826997368131 0.0914644002914429
244 0 0 9.31520989979617E-05 0.090202696621418
245 0 0 8.56214974191971E-05 0.0889528021216393
246 0 0 7.82268980401568E-05 0.0877135992050171
247 0 0 7.09602973074652E-05 0.0864840969443321
248 0 0 6.38143028481863E-05 0.0852632969617844
249 0 0 5.67817987757735E-05 0.0840504020452499
250 7 24 4.98562985740136E-05 0.082844503223896
251 0 0 4.30313011747785E-05 0.0816446021199226
252 0 0 3.63008985004853E-05 0.0804499015212059
253 0 0 2.96591006190283E-05 0.0792595967650414
254 0 0 2.31006997637451E-05 0.0780726969242096
255 0 0 1.66201007232303E-05 0.0768883973360062
256 0 0 1.02124004115467E-05 0.0757059976458549
257 0 0 3.87275986213353E-06 0.0745244026184082
258 0 0 -2.40367990045343E-06 0.0733428969979286
259 0 0 -8.62142042024061E-06 0.0721606016159058
260 0 0 -1.47848995766253E-05 0.0709766000509262
261 0 0 -2.08985002245754E-05 0.0697899982333183
262 0 0 -2.69662996288389E-05 0.0685997977852821
263 0 0 -3.29926006088499E-05 0.0674050971865654
264 0 0 -3.89812994399108E-05 0.0662050023674965
265 0 0 -4.4936499762116E-05 0.0649982988834381
266 0 0 -5.08621997141745E-05 0.0637838989496231
267 0 0 -5.67622009839397E-05 0.0625609010457993
268 0 0 -6.26405017101206E-05 0.061327800154686
269 0 0 -6.85010018059984E-05 0.0600835010409355
270 0 0 -7.43476994102821E-05 0.0588266998529434
271 0 0 -8.01845017122105E-05 0.0575557015836239
272 0 0 -8.60155996633694E-05 0.0562691017985344
273 0 0 -9.18450023164041E-05 0.0549651011824608
274 0 0 -9.76770024863072E-05 0.0536419004201889
275 0 0 -0.000103516002127435 0.0522973984479904
276 0 0 -0.000109366003016476 0.0509293004870415
277 0 0 -0.000115233000542503 0.0495351999998093
278 0 0 -0.000121119999676012 0.0481121018528938
279 0 0 -0.000127033999888226 0.0466569997370243
280 0 0 -0.000132979999762028 0.0451661013066769
281 0 0 -0.000138963005156256 0.0436353981494904
282 0 0 -0.000144988996908069 0.0420599989593029
283 0 0 -0.000151066997204907 0.0404342003166676
284 0 0 -0.000157201997353695 0.0387514010071754
285 0 0 -0.000163403004989959 0.0370034985244274
286 0 0 -0.000169677994563244 0.0351805984973907
287 0 0 -0.000176037996425293 0.033270601183176
288 0 0 -0.000182492003659718 0.031257800757885
289 0 0 -0.000189052007044666 0.0291217993944883
290 0 0 -0.000195728993276134 0.0268353000283241
291 0 0 -0.000202537004952319 0.0243595000356436
292 0 0 -0.000209482997888699 0.021636700257659
293 0 0 -0.000216572007047944 0.0185742005705833
294 0 0 -0.00022377900313586 0.0150033999234438
295 0 0 -0.00023098400561139 0.0105458004400134
296 0 0 -0.000234438994084485 0.00768197001889348
297 0 0 -0.000237440006458201 0.00388062000274658
298 0 0 -0.00023798699839972 0.00268352008424699
299 0 0 -0.000238362001255155 0.00136095995549113
300 8 24 -0.000238460997934453 0.000662880018353462
301 0 0 -0.000238484994042665 0.000308555987430736
302 0 0 -0.000238489999901503 0.000130745000205934
303 0 0 -0.000238491003983654 4.17685987486038E-05
304 9 22 -0.00023849199351389 -1.77867002548737E-06
305 0 0 -0.000238491003983654 -9.07642024685629E-05
306 0 0 -0.000238488995819353 -0.000179722002940252
307 0 0 -0.000238487002206966 -0.000268623000010848
308 0 0 -0.000238483000430278 -0.000357442011591047
309 0 0 -0.00023847799457144 -0.000446152000222355
310 0 0 -0.000238471999182366 -0.000534725026227534
311 0 0 -0.00023846399562899 -0.000623136002104729
312 0 0 -0.00023845600662753 -0.000711360014975071
313 0 0 -0.000238441993133165 -0.000843294023070484
314 0 0 -0.000238424996496178 -0.000974671973381191
315 0 0 -0.000238406006246805 -0.00110541994217783
316 0 0 -0.00023838400375098 -0.00123546994291246
317 0 0 -0.000238360997173004 -0.00136474997270852
318 0 0 -0.000238334992900491 -0.00149320997297764
319 0 0 -0.000238306995015591 -0.00162080000154674
320 0 0 -0.000238277003518306 -0.00174746999982744
321 0 0 -0.000238245993386954 -0.00187317002564669
322 0 0 -0.000238212000112981 -0.00199786992743611
323 0 0 -0.000238175998674706 -0.00212154001928866
324 0 0 -0.00023813899315428 -0.00224415003322065
325 0 0 -0.000238099004491232 -0.00236567994579673
326 0 0 -0.00023805900127627 -0.00248611997812986
327 0 0 -0.00023801600036677 -0.00260545988567173
328 0 0 -0.000237971995375119 -0.0027236700989306
329 0 0 -0.000237903004745021 -0.00289890007115901
330 0 0 -0.000237832005950622 -0.00307160010561347
331 0 0 -0.000237757005379535 -0.00324177998118103
332 0 0 -0.000237679007113911 -0.00340946996584535
333 0 0 -0.000237599000683986 -0.00357469008304179
334 0 0 -0.000237515996559523 -0.00373747991397977
335 0 0 -0.000237430998822674 -0.00389787997119129
336 0 0 -0.000237343992921524 -0.00405594008043408
337 0 0 -0.000237254993407987 -0.00421170983463526
338 0 0 -0.000237162996199913 -0.0043652500025928
339 0 0 -0.000237069994909689 -0.00451660016551614
340 0 0 -0.000236976004089229 -0.0046658399514854
341 0 0 -0.000236830994253978 -0.00488582998514175
342 0 0 -0.000236683001276106 -0.00510135991498828
343 0 0 -0.000236531006521545 -0.00531262019649148
344 0 0 -0.000236377003602684 -0.00551977986469865
345 0 0 -0.000236221007071435 -0.00572302984073758
346 0 0 -0.000236061998293735 -0.00592252984642982
347 0 0 -0.000235900006373413 -0.00611844006925821
348 0 0 -0.000235736995819025 -0.00631092023104429
349 0 0 -0.000235572006204166 -0.00650011980906129
350 10 24 -0.00023540599795524 -0.0066861598752439
351 0 0 -0.000235237006563693 -0.00686918012797832
352 0 0 -0.000234981998801231 -0.00713833002373576
353 0 0 -0.000234723993344232 -0.0074013601988554
354 0 0 -0.000234463004744612 -0.00765861989930272
355 0 0 -0.000234199003898539 -0.00791043974459171
356 0 0 -0.000233933998970315 -0.00815713033080101
357 0 0 -0.000233665996347554 -0.00839896034449339
358 0 0 -0.000233396000112407 -0.00863619986921549
359 0 0 -0.000233124999795109 -0.00886906031519175
360 0 0 -0.00023285299539566 -0.00909779034554958
361 0 0 -0.000232578997383825 -0.0093225697055459
362 0 0 -0.00023230399528984 -0.00954359024763107
363 0 0 -0.000231889003771357 -0.00986845977604389
364 0 0 -0.000231472004088573 -0.0101857995614409
365 0 0 -0.000231052006711252 -0.0104961004108191
366 0 0 -0.000230631994782016 -0.0107998000457883
367 0 0 -0.000230208999710158 -0.0110972002148628
368 0 0 -0.000229786004638299 -0.0113888001069427
369 0 0 -0.00022936100140214 -0.0116747999563813
370 0 0 -0.000228934994083829 -0.0119556002318859
371 0 0 -0.000228509001317434 -0.0122314002364874
372 0 0 -0.000228082004468888 -0.0125024998560548
373 0 0 -0.000227654003538191 -0.0127691002562642
374 0 0 -0.000227226002607495 -0.0130313998088241
375 0 0 -0.000226582997129299 -0.0134172001853585
376 0 0 -0.000225939002120867 -0.0137945003807545
377 0 0 -0.000225295007112436 -0.0141636002808809
378 0 0 -0.000224650997552089 -0.014525200240314
379 0 0 -0.000224005998461507 -0.0148796001449227
380 0 0 -0.000223362003453076 -0.0152273001149297
381 0 0 -0.000222717993892729 -0.0155686996877193
382 0 0 -0.000222075002966449 -0.0159038994461298
383 0 0 -0.000221431997488253 -0.0162335000932217
384 0 0 -0.000220789006561972 -0.0165574997663498
385 0 0 -0.000220147005165927 -0.0168763995170593
386 0 0 -0.000219505993300118 -0.0171902999281883
387 0 0 -0.000218866000068374 -0.0174994003027678
388 0 0 -0.000217906999750994 -0.0179546996951103
389 0 0 -0.000216949993046001 -0.0184004008769989
390 0 0 -0.000215994994505309 -0.0188370998948812
391 0 0 -0.000215042993659154 -0.0192651990801096
392 0 0 -0.0002140930009773 -0.0196854006499052
393 0 0 -0.000213145001907833 -0.0200979001820087
394 0 0 -0.000212200000532903 -0.0205032993108034
395 0 0 -0.000211256992770359 -0.0209017992019653
396 0 0 -0.000210315993172117 -0.0212938003242016
397 0 0 -0.000209378995350562 -0.021679600700736
398 0 0 -0.000208443001611158 -0.0220595002174377
399 0 0 -0.000207510995096527 -0.0224337000399828
400 11 24 -0.000206580996746197 -0.0228025000542402
401 0 0 -0.000205653006560169 -0.023166099563241
402 0 0 -0.000204266005312093 -0.0237022992223501
403 0 0 -0.00020288499945309 -0.0242279004305601
404 0 0 -0.000201510003535077 -0.0247435998171568
405 0 0 -0.000200139998923987 -0.0252499002963305
406 0 0 -0.000198776004253887 -0.0257472991943359
407 0 0 -0.000197417000890709 -0.0262362994253635
408 0 0 -0.000196063992916606 -0.0267172995954752
409 0 0 -0.000194716005353257 -0.0271905995905399
410 0 0 -0.00019337200501468 -0.0276567004621029
411 0 0 -0.000192034000065178 -0.0281159002333879
412 0 0 -0.000190701000974514 -0.0285684000700712
413 0 0 -0.000189372993190773 -0.0290146004408598
414 0 0 -0.000188049001735635 -0.0294547006487846
415 0 0 -0.000186730001587421 -0.0298890992999077
416 0 0 -0.00018541599274613 -0.0303178001195192
417 0 0 -0.000184106000233442 -0.0307411998510361
418 0 0 -0.00018214900046587 -0.0313666984438896
419 0 0 -0.00018020199786406 -0.0319811999797821
420 0 0 -0.000178264002897777 -0.0325854010879993
421 0 0 -0.000176335001015104 -0.0331798009574413
422 0 0 -0.000174414002685808 -0.03376479819417
423 0 0 -0.000172500993357971 -0.0343411006033421
424 0 0 -0.000170597006217577 -0.034908801317215
425 0 0 -0.000168700003996491 -0.0354686006903648
426 0 0 -0.000166811005328782 -0.0360206998884678
427 0 0 -0.000164929006132297 -0.0365655012428761
428 0 0 -0.000163053002324887 -0.0371032990515232
429 0 0 -0.000161185002070852 -0.0376344993710518
430 0 0 -0.000159322997205891 -0.0381591990590096
431 0 0 -0.000157467002281919 -0.0386776998639107
432 0 0 -0.000155617002747022 -0.0391904003918171
433 0 0 -0.000153772998601198 -0.0396974012255669
434 0 0 -0.000151934000314213 -0.0401990003883839
435 0 0 -0.000150099993334152 -0.0406952984631062
436 0 0 -0.00014827199629508 -0.0411867015063763
437 0 0 -0.000146449005114846 -0.0416731014847755
438 0 0 -0.000144630001159385 -0.0421549007296562
439 0 0 -0.000142816003062762 -0.0426321998238564
440 0 0 -0.000141006006742828 -0.0431051999330521
441 0 0 -0.000139199997647665 -0.0435739010572433
442 0 0 -0.000137398004881106 -0.0440386012196541
443 0 0 -0.00013559999933932 -0.0444995015859604
444 0 0 -0.000133805995574221 -0.0449565015733242
445 0 0 -0.000132015004055575 -0.0454098992049694
446 0 0 -0.000130227999761701 -0.0458596982061863
447 0 0 -0.000128443003632128 -0.046306200325489
448 0 0 -0.000126661994727328 -0.0467493012547493
449 0 0 -0.00012488299398683 -0.0471892990171909
450 12 24 -0.000123107005492784 -0.0476261004805565
451 0 0 -0.00012133400014136 -0.0480599999427795
452 0 0 -0.000119563002954237 -0.0484910011291504
453 0 0 -0.000117793999379501 -0.0489191003143787
454 0 0 -0.000116026996693108 -0.0493444986641407
455 0 0 -0.00011426299897721 -0.0497673004865646
456 0 0 -0.000112499998067506 -0.0501874983310699
457 0 0 -0.000110738001239952 -0.0506053008139133
458 0 0 -0.000108979002106935 -0.0510205999016762
459 0 0 -0.000107220999780111 -0.0514336004853249
460 0 0 -0.000105464001535438 -0.0518442988395691
461 0 0 -0.000103708000096958 -0.0522527992725372
462 0 0 -0.000101953002740629 -0.052659198641777
463 0 0 -0.000100199002190493 -0.0530636012554169
464 0 0 -9.84462021733634E-05 -0.0534658990800381
465 0 0 -9.66938023339026E-05 -0.0538663007318974
466 0 0 -9.49419991229661E-05 -0.0542647987604141
467 0 0 -9.3190697953105E-05 -0.054661501199007
468 0 0 -9.14397023734637E-05 -0.0550564005970955
469 0 0 -8.96888013812713E-05 -0.0554495006799698
470 0 0 -8.79380968399346E-05 -0.0558409988880157
471 0 0 -8.61872977111489E-05 -0.0562308989465237
472 0 0 -8.44363967189565E-05 -0.0566192008554935
473 0 0 -8.26852992759086E-05 -0.0570060014724731
474 0 0 -8.09338016551919E-05 -0.0573913007974625
475 0 0 -7.91818019933999E-05 -0.0577751994132996
476 0 0 -7.74291984271258E-05 -0.0581577010452747
477 0 0 -7.47989979572594E-05 -0.058729000389576
478 0 0 -7.21667965990491E-05 -0.0592973008751869
479 0 0 -6.95323979016393E-05 -0.0598630011081696
480 0 0 -6.68952998239547E-05 -0.0604260005056858
481 0 0 -6.42551021883264E-05 -0.0609865002334118
482 0 0 -6.16116012679413E-05 -0.0615447014570236
483 0 0 -5.89642986597028E-05 -0.0621007010340691
484 0 0 -5.6313001550734E-05 -0.0626545026898384
485 0 0 -5.36570987605955E-05 -0.0632063001394272
486 0 0 -5.09964011143893E-05 -0.0637563019990921
487 0 0 -4.83305993839167E-05 -0.0643043965101242
488 0 0 -4.565919880406E-05 -0.0648508965969086
489 0 0 -4.2981901060557E-05 -0.0653958022594452
490 0 0 -4.02982986997813E-05 -0.065939299762249
491 0 0 -3.76081006834283E-05 -0.0664812996983528
492 0 0 -3.49108995578717E-05 -0.0670221000909805
493 0 0 -3.22064006468281E-05 -0.0675617009401321
494 0 0 -2.94941000902327E-05 -0.0681001991033554
495 0 0 -2.67737996182404E-05 -0.068637803196907
496 0 0 -2.40450008277548E-05 -0.0691744014620781
497 0 0 -2.13072999031283E-05 -0.0697102025151253
498 0 0 -1.8560400349088E-05 -0.070245198905468
499 0 0 -1.58039001689758E-05 -0.0707797035574913
500 13 24 -1.30375001390348E-05 -0.0713135004043579
501 0 0 -1.02605999927619E-05 -0.0718469023704529
502 0 0 -7.47298008718644E-06 -0.0723799020051956
503 0 0 -4.67418021798949E-06 -0.0729126036167145
504 0 0 -1.86379998012853E-06 -0.0734449997544289
505 0 0 9.58571945375297E-07 -0.0739772990345955
506 0 0 3.79334005629062E-06 -0.0745095014572144
507 0 0 6.6409397732059E-06 -0.075041800737381
508 0 0 9.50179037317866E-06 -0.0755741000175476
509 0 0 1.237630021933E-05 -0.0761066004633904
510 0 0 1.52649990923237E-05 -0.0766393020749092
511 0 0 1.81682007678319E-05 -0.0771723985671997
512 0 0 2.10865000553895E-05 -0.0777058973908424
513 0 0 2.40202007262269E-05 -0.0782397985458374
514 0 0 2.69699994532857E-05 -0.0787743031978607
515 0 0 2.99360999633791E-05 -0.0793093964457512
516 0 0 3.29192989738658E-05 -0.0798453018069267
517 0 0 3.59197983925696E-05 -0.0803819000720978
518 0 0 3.8938298530411E-05 -0.0809193998575211
519 0 0 4.19751995650586E-05 -0.0814578980207443
520 0 0 4.50311999884434E-05 -0.0819974020123482
521 0 0 4.81066017528065E-05 -0.0825380012392998
522 0 0 5.12022015755065E-05 -0.0830797031521797
523 0 0 5.43183996342123E-05 -0.0836227983236313
524 0 0 5.74557998334058E-05 -0.0841671973466873
525 0 0 6.0615100665018E-05 -0.0847129970788956
526 0 0 6.37967968941666E-05 -0.0852603018283844
527 0 0 6.70014997012913E-05 -0.085809201002121
528 0 0 7.02299003023654E-05 -0.0863597989082336
529 0 0 7.34826026018709E-05 -0.0869121998548508
530 0 0 7.67602978157811E-05 -0.0874663963913918
531 0 0 8.00636989879422E-05 -0.0880225002765656
532 0 0 8.33934027468786E-05 -0.0885806977748871
533 0 0 8.67502967594191E-05 -0.0891408994793892
534 0 0 9.01348976185545E-05 -0.0897034034132957
535 0 0 9.35482021304779E-05 -0.0902682021260262
536 0 0 9.69907996477559E-05 -0.090835303068161
537 0 0 0.000100463999842759 -0.0914048999547958
538 0 0 0.00010396700236015 -0.091977097094059
539 0 0 0.000107503001345322 -0.0925519987940788
540 0 0 0.00011107099999208 -0.0931297019124031
541 0 0 0.00011467299918877 -0.0937101989984512
542 0 0 0.00011830899893539 -0.0942936986684799
543 0 0 0.000121981000120286 -0.0948802009224892
544 0 0 0.000125688995467499 -0.0954699963331223
545 0 0 0.000129434993141331 -0.0960630998015404
546 0 0 0.000133219000417739 -0.0966596007347107
547 0 0 0.00013704200682696 -0.0972596034407616
548 0 0 0.000140906005981378 -0.0978631973266602
549 0 0 0.000144812001963146 -0.0984705984592438
550 14 24 0.000148760998854414 -0.0990819036960602
551 0 0 0.000152754000737332 -0.0996972024440765
552 0 0 0.000156791997142136 -0.100317001342773
553 0 0 0.000160876996233128 -0.100939996540546
554 0 0 0.000165010002092458 -0.101567998528481
555 0 0 0.000169192004250363 -0.102200999855995
556 0 0 0.000173424996319227 -0.10283800214529
557 0 0 0.000177709996933118 -0.103479996323586
558 0 0 0.000182048999704421 -0.104126997292042
559 0 0 0.000186442994163372 -0.104780003428459
560 0 0 0.000190894003026187 -0.105437003076077
561 0 0 0.000195404005353339 -0.106100000441074
562 0 0 0.000199974005226977 -0.106767997145653
563 0 0 0.000204605996259488 -0.107441999018192
564 0 0 0.000209302001167089 -0.108122996985912
565 0 0 0.000214062994928099 -0.108809001743793
566 0 0 0.000218892993871123 -0.109500996768475
567 0 0 0.00022379300207831 -0.110200002789497
568 0 0 0.000228763994527981 -0.11090599745512
569 0 0 0.000233810002100654 -0.111617997288704
570 0 0 0.00023893199977465 -0.112337999045849
571 0 0 0.00024413299979642 -0.113063998520374
572 0 0 0.000249416014412418 -0.113798998296261
573 0 0 0.000254782004049048 -0.114540003240108
574 0 0 0.000260235014138743 -0.115290001034737
575 0 0 0.000265776005107909 -0.116048000752926
576 0 0 0.000271410011919215 -0.116814002394676
577 0 0 0.000277139013633132 -0.117588996887207
578 0 0 0.00028296498931013 -0.11837299913168
579 0 0 0.000288892013486475 -0.119165003299713
580 0 0 0.00029492299654521 -0.119966998696327
581 0 0 0.000301062013022602 -0.120779000222683
582 0 0 0.000307311012875289 -0.1216000020504
583 0 0 0.000313674012431875 -0.122431002557278
584 0 0 0.000320154998917133 -0.123273000121117
585 0 0 0.000326757988659665 -0.124126002192497
586 0 0 0.000333484989823774 -0.124989002943039
587 0 0 0.000340341997798532 -0.125863000750542
588 0 0 0.000347332010278478 -0.126748993992805
589 0 0 0.000354459014488384 -0.127645999193192
590 0 0 0.000361726997653022 -0.128555998206139
591 0 0 0.000369140994735062 -0.129476994276047
592 0 0 0.00037670400342904 -0.130410999059677
593 0 0 0.000384421000489965 -0.131357997655869
594 0 0 0.000392296002246439 -0.132318004965782
595 0 0 0.000400333985453472 -0.133291006088257
596 0 0 0.000408538995543495 -0.134277001023293
597 0 0 0.000416914990637451 -0.13527700304985
598 0 0 0.000425465987063944 -0.136290997266769
599 0 0 0.000434196990681812 -0.137318998575211
600 15 24 0.000443110999185592 -0.138361006975174
601 0 0 0.000452212989330292 -0.139416992664337
602 0 0 0.000461505987914279 -0.140487998723984
603 0 0 0.000470994011266157 -0.141571998596191
604 0 0 0.000480679998872802 -0.142672002315521
605 0 0 0.000490567006636411 -0.143784999847412
606 0 0 0.000500658003147691 -0.144914001226425
607 0 0 0.000510954996570945 -0.146055996417999
608 0 0 0.000521458976436406 -0.147211998701096
609 0 0 0.000532173027750105 -0.148381993174553
610 0 0 0.000543096975889057 -0.149565994739532
611 0 0 0.000554230995476246 -0.150763005018234
612 0 0 0.000565576017834246 -0.151972994208336
613 0 0 0.000577130995225161 -0.153196007013321
614 0 0 0.000588894996326417 -0.154431000351906
615 0 0 0.000600864994339645 -0.155678004026413
616 0 0 0.000613040989264846 -0.156935006380081
617 0 0 0.000625419022981077 -0.15820300579071
618 0 0 0.000637996010482311 -0.159482002258301
619 0 0 0.000650767993647605 -0.160769000649452
620 0 0 0.000663731014356017 -0.162064999341965
621 0 0 0.000676880008541048 -0.163369998335838
622 0 0 0.00069021200761199 -0.164681002497673
623 0 0 0.00070372101617977 -0.165998995304108
624 0 0 0.000717400980647653 -0.167324006557465
625 0 0 0.000731247011572123 -0.16865299642086
626 0 0 0.000745254976209253 -0.169988006353378
627 0 0 0.000759417016524822 -0.171325996518135
628 0 0 0.000773729989305139 -0.172668993473053
629 0 0 0.000788187026046216 -0.174014002084732
630 0 0 0.000802783004473895 -0.17536099255085
631 0 0 0.000817512976936996 -0.176709994673729
632 0 0 0.000832371995784342 -0.178060993552208
633 0 0 0.000847354996949434 -0.179413005709648
634 0 0 0.00086245802231133 -0.180766001343727
635 0 0 0.00087767600780353 -0.182117998600006
636 0 0 0.000893004005774856 -0.183470994234085
637 0 0 0.000908439978957176 -0.184823006391525
638 0 0 0.000923977990169078 -0.186174005270004
639 0 0 0.000939616002142429 -0.187525004148483
640 0 0 0.000955349998548627 -0.188874006271362
641 0 0 0.0009711780003272 -0.19022199511528
642 0 0 0.000987095991149545 -0.191568002104759
643 0 0 0.00100309995468706 -0.192912995815277
644 0 0 0.0010191899491474 -0.194255992770195
645 0 0 0.00103536003734916 -0.195596992969513
646 0 0 0.00105161999817938 -0.196935996413231
647 0 0 0.00106795004103333 -0.198273003101349
648 0 0 0.00108435994479805 -0.199607998132706
649 0 0 0.00110084004700184 -0.200939998030663
650 16 24 0.0011174000101164 -0.202270999550819
651 0 0 0.0011340300552547 -0.203599005937576
652 0 0 0.00115072994958609 -0.204925000667572
653 0 0 0.00116749003063887 -0.206248000264168
654 0 0 0.00118432997260243 -0.207570001482964
655 0 0 0.00120122998487204 -0.208888992667198
656 0 0 0.0012181899510324 -0.210206001996994
657 0 0 0.0012352199992165 -0.211520001292229
658 0 0 0.00125231000129133 -0.212833002209663
659 0 0 0.00126946996897459 -0.214142993092537
660 0 0 0.00128667999524623 -0.215450003743172
661 0 0 0.00130395998712629 -0.216756001114845
662 0 0 0.00132129003759474 -0.218060001730919
663 0 0 0.00133868004195392 -0.219361007213593
664 0 0 0.00135613000020385 -0.220660001039505
665 0 0 0.00137363001704216 -0.221957996487617
666 0 0 0.00139118998777121 -0.22325299680233
667 0 0 0.00140881002880633 -0.224546000361443
668 0 0 0.00142648001201451 -0.225837007164955
669 0 0 0.00144420005381107 -0.227126002311707
670 0 0 0.0014619700377807 -0.228413000702858
671 0 0 0.00147979997564107 -0.229699000716209
672 0 0 0.00149767997208983 -0.230982005596161
673 0 0 0.00151560001540929 -0.232263997197151
674 0 0 0.0015335800126195 -0.233544006943703
675 0 0 0.00155160995200276 -0.234822005033493
676 0 0 0.00156968005467206 -0.236098006367683
677 0 0 0.00158780999481678 -0.237372994422913
678 0 0 0.00160597998183221 -0.238646000623703
679 0 0 0.00162420002743602 -0.239916995167732
680 0 0 0.00164246000349522 -0.241187006235123
681 0 0 0.00166078004986048 -0.242455005645752
682 0 0 0.00167913001496345 -0.243722006678581
683 0 0 0.0016975300386548 -0.244986996054649
684 0 0 0.00171598000451922 -0.246251001954079
685 0 0 0.00173447001725435 -0.247513994574547
686 0 0 0.00175300997216254 -0.248775005340576
687 0 0 0.00177158997394145 -0.250034004449844
688 0 0 0.00179021002259105 -0.251293003559113
689 0 0 0.00180888001341373 -0.252550005912781
690 0 0 0.00182759005110711 -0.253805994987488
691 0 0 0.00184634001925588 -0.255061000585556
692 0 0 0.00186513003427535 -0.256314992904663
693 0 0 0.00188396999146789 -0.25756698846817
694 0 0 0.00190284999553114 -0.258819013834
695 0 0 0.0019217700464651 -0.260069996118546
696 0 0 0.00194074003957212 -0.261319011449814
697 0 0 0.00195974996313453 -0.26256799697876
698 0 0 0.00197879993356764 -0.263815999031067
699 0 0 0.00199788995087147 -0.265062987804413
700 17 24 0.002017020015046 -0.266310006380081
701 0 0 0.00203619990497828 -0.267556011676788
702 0 0 0.0020554200746119 -0.268801003694534
703 0 0 0.00207468005828559 -0.270045012235641
704 0 0 0.00209399010054767 -0.271288990974426
705 0 0 0.00211333995684981 -0.272532999515533
706 0 0 0.00213273009285331 -0.273775994777679
707 0 0 0.00215217005461454 -0.275018990039825
708 0 0 0.00217166007496417 -0.276261985301971
709 0 0 0.00219117989763618 -0.277503997087479
710 0 0 0.00221076002344489 -0.278746008872986
711 0 0 0.00223037996329367 -0.279987990856171
712 0 0 0.00225003995001316 -0.281230002641678
713 0 0 0.00226976000703871 -0.282472014427185
714 0 0 0.00228952011093497 -0.283715009689331
715 0 0 0.00230933004058897 -0.284956991672516
716 0 0 0.00232918001711369 -0.286199986934662
717 0 0 0.00234909006394446 -0.287441998720169
718 0 0 0.00236904993653297 -0.288686007261276
719 0 0 0.00238906010054052 -0.289929986000061
720 0 0 0.00240912009030581 -0.291173994541168
721 0 0 0.00242922990582883 -0.292418986558914
722 0 0 0.00244940002448857 -0.293664008378983
723 0 0 0.00246961996890604 -0.294910997152328
724 0 0 0.00248989998362958 -0.296157985925674
725 0 0 0.00251023005694151 -0.297405987977982
726 0 0 0.00253061996772885 -0.29865500330925
727 0 0 0.00255106994882226 -0.299905002117157
728 0 0 0.00257158000022173 -0.301156997680664
729 0 0 0.00259214988909662 -0.302408993244171
730 0 0 0.00261278008110821 -0.303662985563278
731 0 0 0.00263347011059523 -0.304917991161346
732 0 0 0.00265422998927534 -0.306174993515015
733 0 0 0.00267504993826151 -0.307433992624283
734 0 0 0.00269593996927142 -0.308694005012512
735 0 0 0.0027168900705874 -0.309956014156342
736 0 0 0.00273792003281415 -0.31121900677681
737 0 0 0.00275902007706463 -0.312485009431839
738 0 0 0.00278018997050822 -0.313753008842468
739 0 0 0.00280142994597554 -0.315023005008698
740 0 0 0.00282274000346661 -0.316294997930527
741 0 0 0.00284413993358612 -0.317568987607956
742 0 0 0.00286560994572937 -0.318845987319946
743 0 0 0.00288716005161405 -0.320125997066498
744 0 0 0.00290879001840949 -0.321408003568649
745 0 0 0.00293050007894635 -0.32269299030304
746 0 0 0.00295230001211166 -0.323980987071991
747 0 0 0.00297419005073607 -0.325271010398865
748 0 0 0.00299615995027125 -0.326564997434616
749 0 0 0.00301821995526552 -0.327861994504929
750 18 24 0.00304038007743657 -0.329162001609802
751 0 0 0.00306262006051838 -0.330466002225876
752 0 0 0.00308495992794633 -0.331773012876511
753 0 0 0.00310739991255105 -0.333083987236023
754 0 0 0.00312994001433253 -0.33439901471138
755 0 0 0.00315258000046015 -0.335716992616653
756 0 0 0.00317533011548221 -0.33704000711441
757 0 0 0.00319817010313272 -0.338366001844406
758 0 0 0.00322112999856472 -0.339697003364563
759 0 0 0.00324420002289116 -0.34103199839592
760 0 0 0.00326736993156374 -0.342372000217438
761 0 0 0.00329065998084843 -0.343715995550156
762 0 0 0.00331406993791461 -0.345064997673035
763 0 0 0.00333760003559291 -0.346417993307114
764 0 0 0.0033612500410527 -0.347777009010315
765 0 0 0.00338501995429397 -0.349141001701355
766 0 0 0.00340892001986504 -0.350510001182556
767 0 0 0.00343295000493526 -0.351884990930557
768 0 0 0.00345709989778697 -0.353264987468719
769 0 0 0.00348139996640384 -0.354651004076004
770 0 0 0.00350582995451987 -0.356041997671127
771 0 0 0.0035303900949657 -0.357439994812012
772 0 0 0.00355510995723307 -0.358844012022018
773 0 0 0.00357995997183025 -0.360253989696503
774 0 0 0.00360495992936194 -0.361669987440109
775 0 0 0.00363012007437646 -0.363092988729477
776 0 0 0.00365542992949486 -0.364522993564606
777 0 0 0.00368088996037841 -0.365960001945496
778 0 0 0.00370651995763183 -0.367403000593185
779 0 0 0.00373230990953743 -0.368853986263275
780 0 0 0.00375826004892588 -0.370312988758087
781 0 0 0.00378437992185354 -0.37177899479866
782 0 0 0.0038106800056994 -0.373252004384995
783 0 0 0.00383715005591512 -0.37473401427269
784 0 0 0.00386381009593606 -0.376222997903824
785 0 0 0.00389064010232687 -0.377721011638641
786 0 0 0.00391766987740993 -0.379227012395859
787 0 0 0.00394487986341119 -0.380742013454437
788 0 0 0.00397229008376598 -0.382265001535416
789 0 0 0.00399988982826471 -0.383798003196716
790 0 0 0.00402770005166531 -0.385340005159378
791 0 0 0.00405571004375815 -0.386891007423401
792 0 0 0.00408393004909158 -0.388451993465424
793 0 0 0.00411236984655261 -0.39002200961113
794 0 0 0.00414102012291551 -0.391602009534836
795 0 0 0.00416989019140601 -0.393193006515503
796 0 0 0.00419898983091116 -0.394793003797531
797 0 0 0.00422831997275352 -0.396405011415482
798 0 0 0.00425788993015885 -0.398027002811432
799 0 0 0.00428768992424011 -0.399659991264343
800 19 24 0.00431773997843266 -0.401304006576538
801 0 0 0.00434802984818816 -0.402960002422333
802 0 0 0.00437856977805495 -0.404626995325089
803 0 0 0.00440937979146838 -0.406305998563766
804 0 0 0.0044404398649931 -0.407997995615005
805 0 0 0.00447177002206445 -0.409700989723206
806 0 0 0.00450336979702115 -0.411417007446289
807 0 0 0.00453524990007281 -0.413145989179611
808 0 0 0.00456740008667111 -0.414887011051178
809 0 0 0.00459985015913844 -0.416642010211945
810 0 0 0.00463258009403944 -0.418410003185272
811 0 0 0.00466560991480947 -0.420192003250122
812 0 0 0.00469892984256148 -0.421988010406494
813 0 0 0.00473257014527917 -0.423797994852066
814 0 0 0.00476650986820459 -0.42562198638916
815 0 0 0.00480076996609569 -0.427460998296738
816 0 0 0.00483536021783948 -0.429313987493515
817 0 0 0.00487026013433933 -0.431183010339737
818 0 0 0.00490549998357892 -0.433066993951797
819 0 0 0.00494108023121953 -0.434965997934341
820 0 0 0.00497699016705155 -0.436881005764008
821 0 0 0.00501326005905867 -0.438813000917435
822 0 0 0.00504986988380551 -0.440759986639023
823 0 0 0.00508684990927577 -0.442723006010056
824 0 0 0.00512418011203408 -0.444703996181488
825 0 0 0.00516188004985452 -0.446700990200043
826 0 0 0.00519995996728539 -0.448715001344681
827 0 0 0.00523841008543968 -0.45074599981308
828 0 0 0.00527724018320441 -0.452794998884201
829 0 0 0.00531646981835365 -0.454861998558044
830 0 0 0.00535607989877462 -0.456945985555649
831 0 0 0.00539608020335436 -0.459048002958298
832 0 0 0.00543648982420564 -0.461169004440308
833 0 0 0.005477299913764 -0.46330800652504
834 0 0 0.00551853002980351 -0.465465009212494
835 0 0 0.00556016014888883 -0.467640995979309
836 0 0 0.005602209828794 -0.469835996627808
837 0 0 0.00564468000084162 -0.472048997879028
838 0 0 0.00568757019937038 -0.474281996488571
839 0 0 0.00573089020326734 -0.476534008979797
840 0 0 0.00577462976798415 -0.478805005550385
841 0 0 0.00581880984827876 -0.481094986200333
842 0 0 0.00586342019960284 -0.483404010534286
843 0 0 0.00590845989063382 -0.48573300242424
844 0 0 0.00595394987612963 -0.488081008195877
845 0 0 0.00599985988810658 -0.490447998046875
846 0 0 0.00604622019454837 -0.492834985256195
847 0 0 0.00609302008524537 -0.49524000287056
848 0 0 0.00614024978131056 -0.497664988040924
849 0 0 0.00618791999295354 -0.500109016895294
850 20 24 0.00623602978885174 -0.502572000026703
851 0 0 0.00628456985577941 -0.505053997039795
852 0 0 0.00633354997262359 -0.507553994655609
853 0 0 0.00638295011594892 -0.510073006153107
854 0 0 0.00643278984352946 -0.512610018253326
855 0 0 0.00648303981870413 -0.515164971351624
856 0 0 0.00653372006490827 -0.517737984657288
857 0 0 0.00658481987193227 -0.520327985286713
858 0 0 0.00663632014766335 -0.52293598651886
859 0 0 0.00668823020532727 -0.525560021400452
860 0 0 0.0067405398003757 -0.528199970722198
861 0 0 0.00679322984069586 -0.530857026576996
862 0 0 0.00684631988406181 -0.533528983592987
863 0 0 0.00689978012815118 -0.536216020584106
864 0 0 0.00695359986275434 -0.538918018341064
865 0 0 0.00700778979808092 -0.541634976863861
866 0 0 0.00706232013180852 -0.544363975524902
867 0 0 0.00711720017716289 -0.547106981277466
868 0 0 0.00717240013182163 -0.54986298084259
869 0 0 0.00722791999578476 -0.552630007266998
870 0 0 0.00728374999016523 -0.555409014225006
871 0 0 0.0073398700915277 -0.558198988437653
872 0 0 0.00739627005532384 -0.560998976230621
873 0 0 0.00745294988155365 -0.563808023929596
874 0 0 0.00750987976789474 -0.566626012325287
875 0 0 0.00756704993546009 -0.569453001022339
876 0 0 0.0076244599185884 -0.572286009788513
877 0 0 0.00768207013607025 -0.575127005577087
878 0 0 0.00773988990113139 -0.577973008155823
879 0 0 0.00779790012165904 -0.580824971199036
880 0 0 0.00785607006400824 -0.583680987358093
881 0 0 0.0079144099727273 -0.586542010307312
882 0 0 0.00797288026660681 -0.589405000209808
883 0 0 0.00803148001432419 -0.592270970344543
884 0 0 0.00809019990265369 -0.595138013362885
885 0 0 0.00814899988472462 -0.598006010055542
886 0 0 0.00820789020508528 -0.600875020027161
887 0 0 0.00826684013009071 -0.603742003440857
888 0 0 0.00832583010196686 -0.606608986854553
889 0 0 0.00838486012071371 -0.609472990036011
890 0 0 0.00844390969723463 -0.612334012985229
891 0 0 0.0085029499605298 -0.615191996097565
892 0 0 0.00856197997927666 -0.6180459856987
893 0 0 0.00862098019570112 -0.620894014835358
894 0 0 0.00867993012070656 -0.623736977577209
895 0 0 0.0087388101965189 -0.626573026180267
896 0 0 0.00879762042313814 -0.629401981830597
897 0 0 0.00885631982237101 -0.632223010063171
898 0 0 0.00891491957008839 -0.63503497838974
899 0 0 0.0089733898639679 -0.637838006019592
900 21 24 0.00903172045946121 -0.640631020069122
901 0 0 0.00908988993614912 -0.643413007259369
902 0 0 0.00914787966758013 -0.646183013916016
903 0 0 0.00920568034052849 -0.648941993713379
904 0 0 0.00926327984780073 -0.651687026023865
905 0 0 0.00932065024971962 -0.654419004917145
906 0 0 0.00937778037041426 -0.657136023044586
907 0 0 0.00943465996533632 -0.659838974475861
908 0 0 0.00949127040803432 -0.66252601146698
909 0 0 0.00954759027808905 -0.665196001529694
910 0 0 0.00960361026227474 -0.667850017547607
911 0 0 0.00965930987149477 -0.670485019683838
912 0 0 0.00971466954797506 -0.673102021217346
913 0 0 0.00976967997848988 -0.675700008869171
914 0 0 0.00982431974261999 -0.678278028964996
915 0 0 0.00987858045846224 -0.680835008621216
916 0 0 0.00993243046104908 -0.683371007442474
917 0 0 0.00998586043715477 -0.68588399887085
918 0 0 0.0100387996062636 -0.688374996185303
919 0 0 0.0100913997739553 -0.690841972827911
920 0 0 0.010143400169909 -0.693283975124359
921 0 0 0.0101950000971556 -0.695701003074646
922 0 0 0.0102460002526641 -0.698091983795166
923 0 0 0.0102965999394655 -0.700456023216248
924 0 0 0.0103465002030134 -0.702790975570679
925 0 0 0.0103959003463387 -0.70509797334671
926 0 0 0.0104446997866035 -0.70737498998642
927 0 0 0.0104929003864527 -0.709621012210846
928 0 0 0.0105403997004032 -0.711835980415344
929 0 0 0.0105871995911002 -0.714016973972321
930 0 0 0.0106333997100592 -0.716165006160736
931 0 0 0.0106787998229265 -0.718276977539063
932 0 0 0.0107234995812178 -0.720353007316589
933 0 0 0.0107674999162555 -0.722392022609711
934 0 0 0.0108105996623635 -0.724390983581543
935 0 0 0.0108529003337026 -0.726351022720337
936 0 0 0.0108943004161119 -0.728268027305603
937 0 0 0.0109347999095917 -0.730143010616302
938 0 0 0.0109743997454643 -0.731971979141235
939 0 0 0.0110130002722144 -0.733754992485046
940 0 0 0.0110504999756813 -0.735490024089813
941 0 0 0.0110871000215411 -0.737174987792969
942 0 0 0.0111224995926023 -0.738807022571564
943 0 0 0.0111568002030253 -0.740384995937347
944 0 0 0.0111897997558117 -0.741905987262726
945 0 0 0.0112215997651219 -0.743368029594421
946 0 0 0.011252099648118 -0.744768977165222
947 0 0 0.0112811997532845 -0.746106028556824
948 0 0 0.0113089000806212 -0.747376024723053
949 0 0 0.0113351000472903 -0.74857497215271
950 22 24 0.0113597000017762 -0.749701976776123
951 0 0 0.0113826999440789 -0.750751972198486
952 0 0 0.0114038996398449 -0.751721978187561
953 0 0 0.0114233000203967 -0.752608001232147
954 0 0 0.0114409001544118 -0.753407001495361
955 0 0 0.0114564001560211 -0.754113972187042
956 0 0 0.0114698000252247 -0.754724979400635
957 0 0 0.0114810997620225 -0.755236983299255
958 0 0 0.0114901000633836 -0.755644977092743
959 0 0 0.0114967003464699 -0.755945026874542
960 0 0 0.0115008000284433 -0.756130993366241
961 0 0 0.0115024000406265 -0.756201982498169
962 0 0 0.0115024000406265 -0.756201982498169
963 0 0 0.0114968996495008 -0.755955994129181
964 0 0 0.0114801004528999 -0.755199015140533
965 0 0 0.0114513002336025 -0.753911972045898
966 0 0 0.0114102996885777 -0.752084970474243
967 0 0 0.0113570997491479 -0.749722003936768
968 0 0 0.0112918000668287 -0.74684202671051
969 0 0 0.0112151997163892 -0.743475019931793
970 0 0 0.0111277997493744 -0.739660024642944
971 0 0 0.011030700057745 -0.735441029071808
972 0 0 0.01092469971627 -0.730867981910706
973 0 0 0.0108107998967171 -0.725984990596771
974 0 0 0.0106899002566934 -0.720835983753204
975 0 0 0.0105629004538059 -0.715462028980255
976 0 0 0.0104304002597928 -0.70989602804184
977 0 0 0.0102930003777146 -0.704168021678925
978 0 0 0.0101514002308249 -0.698306024074554
979 0 0 0.0100060002878308 -0.692330002784729
980 0 0 0.00985717959702015 -0.686259984970093
981 0 0 0.00970530975610018 -0.68011200428009
982 0 0 0.00955068040639162 -0.673900008201599
983 0 0 0.00939352996647358 -0.667635977268219
984 0 0 0.00923409033566713 -0.661328017711639
985 0 0 0.00907254964113235 -0.654986977577209
986 0 0 0.00890905968844891 -0.648620009422302
987 0 0 0.00874377973377705 -0.642232000827789
988 0 0 0.0085768299177289 -0.635830998420715
989 0 0 0.0084083303809166 -0.62942099571228
990 0 0 0.00823836959898472 -0.623005986213684
991 0 0 0.00806705001741648 -0.616590976715088
992 0 0 0.00789444986730814 -0.610177993774414
993 0 0 0.0077206501737237 -0.603770971298218
994 0 0 0.00754569983109832 -0.597374022006989
995 0 0 0.00736967986449599 -0.590987026691437
996 0 0 0.0071926498785615 -0.584614992141724
997 0 0 0.00701466016471386 -0.578258991241455
998 0 0 0.00683576008304954 -0.571919977664948
999 0 0 0.00665601016953588 -0.565600991249084
1000 23 29 0.00647544022649527 -0.559303998947144
