386 29 29 -0.0509197004139423 0.255205988883972
385 0 0 -0.0499271005392075 0.263341993093491
384 0 0 -0.0489165000617504 0.271759003400803
383 0 0 -0.0478875003755093 0.280469000339508
382 0 0 -0.0468393005430698 0.28948301076889
381 0 0 -0.0457713007926941 0.298815011978149
380 0 0 -0.0446829982101917 0.308477997779846
379 0 0 -0.0435736998915672 0.318488001823425
378 0 0 -0.0424427017569542 0.328859001398087
377 0 0 -0.0412891991436481 0.339607000350952
376 0 0 -0.0401127003133297 0.350748986005783
375 0 0 -0.0389121994376183 0.362304002046585
374 0 0 -0.0376872010529041 0.374289005994797
373 0 0 -0.0364367999136448 0.386725008487701
372 0 0 -0.0351603999733925 0.39963099360466
371 0 0 -0.033857099711895 0.413031011819839
370 0 0 -0.0325260981917381 0.426946997642517
369 0 0 -0.0311667993664742 0.44140300154686
368 0 0 -0.0297784004360437 0.45642501115799
367 0 0 -0.0283601991832256 0.472039997577667
366 0 0 -0.0269115008413792 0.488274991512299
365 0 0 -0.0254315007477999 0.505162000656128
364 0 0 -0.0239198002964258 0.522729992866516
363 0 0 -0.0223756991326809 0.541014015674591
362 0 0 -0.0207986999303102 0.56004798412323
361 0 0 -0.0191887002438307 0.579867005348206
360 0 0 -0.0175452996045351 0.600507974624634
359 0 0 -0.0158689003437757 0.622008979320526
358 0 0 -0.014159900136292 0.644402980804443
357 0 0 -0.0124193001538515 0.66772598028183
356 0 0 -0.0106487004086375 0.692004978656769
355 0 0 -0.00885086972266436 0.717260003089905
354 0 0 -0.00702953990548849 0.743496000766754
353 0 0 -0.00519016990438104 0.770696997642517
352 0 0 -0.0033402401022613 0.798817992210388
351 0 0 -0.00148970005102456 0.827771008014679
350 28 24 0.000348603003658354 0.857411980628967
349 0 0 0.00215879990719259 0.887534022331238
348 0 0 0.00392229994758964 0.917855978012085
347 0 0 0.00561867980286479 0.9480299949646
346 0 0 0.00722726015374064 0.977654993534088
345 0 0 0.00872918032109737 1.0063099861145
344 0 0 0.0101094003766775 1.03359997272491
343 0 0 0.0113578997552395 1.05919003486633
342 0 0 0.0124706998467445 1.08280003070831
341 0 0 0.0134487003087997 1.1042799949646
340 0 0 0.0142970001325011 1.12355005741119
339 0 0 0.0150236003100872 1.14058995246887
338 0 0 0.0156382005661726 1.15546000003815
337 0 0 0.01615110039711 1.16823995113373
336 0 0 0.0165727008134127 1.17904996871948
335 0 0 0.0169130004942417 1.1880099773407
334 0 0 0.0171812009066343 1.19525003433228
333 0 0 0.0173857007175684 1.20090997219086
332 0 0 0.0175342001020908 1.20510995388031
331 0 0 0.0176333002746105 1.20797002315521
330 0 0 0.0176890008151531 1.20961999893188
329 0 0 0.0177065990865231 1.21013998985291
328 0 0 0.017705999314785 1.21012997627258
327 0 0 0.0176989007741213 1.20991003513336
326 0 0 0.0176841001957655 1.20945000648499
325 0 0 0.0176621004939079 1.20877003669739
324 0 0 0.0176334008574486 1.20785999298096
323 0 0 0.0175982993096113 1.20675003528595
322 0 0 0.0175573006272316 1.20544004440308
321 0 0 0.017510699108243 1.20395004749298
320 0 0 0.01745880022645 1.20226001739502
319 0 0 0.0174020007252693 1.20041000843048
318 0 0 0.017340499907732 1.19839000701904
317 0 0 0.0172747001051903 1.19621002674103
316 0 0 0.0172048006206751 1.19387996196747
315 0 0 0.0171309001743793 1.19140994548798
314 0 0 0.0170534998178482 1.18879997730255
313 0 0 0.0169725995510817 1.18605005741119
312 0 0 0.0168884992599487 1.18317997455597
311 0 0 0.0168012995272875 1.18018996715546
310 0 0 0.0167113002389669 1.17708003520966
309 0 0 0.01661860011518 1.17385995388031
308 0 0 0.0165234003216028 1.17053997516632
307 0 0 0.0164257008582354 1.16710996627808
306 0 0 0.0163257997483015 1.16358995437622
305 0 0 0.0162237007170916 1.15997004508972
304 0 0 0.0161196999251842 1.15627002716064
303 0 0 0.0160137992352247 1.15248000621796
302 0 0 0.015906099230051 1.14860999584198
301 0 0 0.0157967004925013 1.14467000961304
300 27 24 0.0156856998801231 1.14065003395081
299 0 0 0.0155731998383999 1.136549949646
298 0 0 0.0154593996703625 1.13240003585815
297 0 0 0.0153441997244954 1.12817001342773
296 0 0 0.0152278002351522 1.12389004230499
295 0 0 0.0151102999225259 1.11954998970032
294 0 0 0.0149916997179389 1.115149974823
293 0 0 0.0148719996213913 1.11070001125336
292 0 0 0.0147513998672366 1.10618996620178
291 0 0 0.0146299004554749 1.10163998603821
290 0 0 0.0145076001062989 1.09704995155334
289 0 0 0.0143844997510314 1.09240996837616
288 0 0 0.0142606999725103 1.08773005008698
287 0 0 0.0141363004222512 1.08300995826721
286 0 0 0.0140111995860934 1.07825994491577
285 0 0 0.0138855995610356 1.07346999645233
284 0 0 0.0137595003470778 1.0686399936676
283 0 0 0.0136329000815749 1.06378996372223
282 0 0 0.0135059002786875 1.05891001224518
281 0 0 0.013378500007093 1.05400002002716
280 0 0 0.0132507998496294 1.0490700006485
279 0 0 0.0131227998062968 1.04411995410919
278 0 0 0.0129944998770952 1.03913998603821
277 0 0 0.0128659997135401 1.0341500043869
276 0 0 0.012737300246954 1.02912998199463
275 0 0 0.0126085001975298 1.02409994602203
274 0 0 0.0124795995652676 1.01906001567841
273 0 0 0.0123506002128124 1.01400005817413
272 0 0 0.0122215002775192 1.00893998146057
271 0 0 0.0120924999937415 1.00385999679565
270 0 0 0.0119634997099638 0.998776972293854
269 0 0 0.0118345003575087 0.993686020374298
268 0 0 0.0117055997252464 0.988588988780975
267 0 0 0.0115767996758223 0.983488976955414
266 0 0 0.0114481998607516 0.978386998176575
265 0 0 0.0113198002800345 0.973284006118774
264 0 0 0.0111915003508329 0.968181014060974
263 0 0 0.0110635003075004 0.963079988956451
262 0 0 0.0109356995671988 0.957982003688812
261 0 0 0.0108083002269268 0.952888011932373
260 0 0 0.0106811001896858 0.947799980640411
259 0 0 0.0105542000383139 0.942718029022217
258 0 0 0.0104278000071645 0.937644004821777
257 0 0 0.0103016998618841 0.93257999420166
256 0 0 0.0101760001853108 0.927524983882904
255 0 0 0.0100507000461221 0.922482013702393
254 0 0 0.0099259102717042 0.917451024055481
253 0 0 0.00980157963931561 0.912433981895447
252 0 0 0.00967775005847216 0.90743100643158
251 0 0 0.00955444015562534 0.902444005012512
250 26 24 0.00943167973309755 0.897472977638245
249 0 0 0.00930946972221136 0.892520010471344
248 0 0 0.00918785016983747 0.887585997581482
247 0 0 0.00906683970242739 0.882669985294342
246 0 0 0.00894645042717457 0.877775013446808
245 0 0 0.00882670003920794 0.872901022434235
244 0 0 0.00870762020349503 0.8680499792099
243 0 0 0.00858920998871326 0.863220989704132
242 0 0 0.00847151037305593 0.858415007591248
241 0 0 0.00835452973842621 0.853635013103485
240 0 0 0.00823828019201756 0.848878979682922
239 0 0 0.00812278967350721 0.844150006771088
238 0 0 0.00800807029008865 0.839447021484375
237 0 0 0.00789414998143911 0.834771990776062
236 0 0 0.00778101989999413 0.830124974250793
235 0 0 0.00766872009262443 0.825506985187531
234 0 0 0.00755725987255573 0.820918023586273
233 0 0 0.00744666019454598 0.816359996795654
232 0 0 0.00733692012727261 0.811833024024963
231 0 0 0.00722808018326759 0.807336986064911
230 0 0 0.00712013011798263 0.802873015403748
229 0 0 0.00701310997828841 0.798442006111145
228 0 0 0.00690702022984624 0.794044017791748
227 0 0 0.00680187018588185 0.789680004119873
226 0 0 0.00669769989326596 0.785350024700165
225 0 0 0.00659450003877282 0.781055986881256
224 0 0 0.0064922901801765 0.776796996593475
223 0 0 0.00639108987525105 0.772574007511139
222 0 0 0.0062909098342061 0.768387973308563
221 0 0 0.006191770080477 0.764237999916077
220 0 0 0.00609367992728949 0.760127007961273
219 0 0 0.00599665986374021 0.75605297088623
218 0 0 0.00590072013437748 0.752018988132477
217 0 0 0.00580587005242705 0.748022973537445
216 0 0 0.00571213010698557 0.744067013263702
215 0 0 0.00561951985582709 0.740150988101959
214 0 0 0.0055280402302742 0.736275970935822
213 0 0 0.0054377201013267 0.732442021369934
212 0 0 0.00534855993464589 0.728649973869324
211 0 0 0.0052605802193284 0.724900007247925
210 0 0 0.00517380004748702 0.721193015575409
209 0 0 0.00508823012933135 0.717528998851776
208 0 0 0.00500389002263546 0.713908970355988
207 0 0 0.00492078019306064 0.710332989692688
206 0 0 0.00483892997726798 0.706802010536194
205 0 0 0.0047583500854671 0.70331597328186
204 0 0 0.00467906007543206 0.699876010417938
203 0 0 0.00460107019171119 0.696483016014099
202 0 0 0.00452439999207854 0.693136990070343
201 0 0 0.00444906018674374 0.689839005470276
200 25 24 0.00437506986781955 0.686589002609253
199 0 0 0.00430244999006391 0.683387994766235
198 0 0 0.00423120986670256 0.680236995220184
197 0 0 0.00416136998683214 0.677137017250061
196 0 0 0.00409294990822673 0.674088001251221
195 0 0 0.00402595987543464 0.671090006828308
194 0 0 0.00396043015643954 0.668146014213562
193 0 0 0.00389636005274951 0.665255010128021
192 0 0 0.00383378006517887 0.662418007850647
191 0 0 0.00377270998433232 0.659636974334717
190 0 0 0.00371317006647587 0.65691202878952
189 0 0 0.00365517009049654 0.654245018959045
188 0 0 0.00359873007982969 0.651634991168976
187 0 0 0.00354388006962836 0.649084985256195
186 0 0 0.00349063007161021 0.646596014499664
185 0 0 0.00343900988809764 0.644168019294739
184 0 0 0.00338902999646962 0.641803026199341
183 0 0 0.00334071996621788 0.639503002166748
182 0 0 0.00329410005360842 0.637268006801605
181 0 0 0.00324919004924595 0.63510000705719
180 0 0 0.00320600997656584 0.633001029491425
179 0 0 0.00316459010355175 0.630972981452942
178 0 0 0.00312494998797774 0.629015982151031
177 0 0 0.00308710988610983 0.627133011817932
176 0 0 0.003051090054214 0.625326991081238
175 0 0 0.00301693007349968 0.623597979545593
174 0 0 0.00298463995568454 0.621949017047882
173 0 0 0.00295423995703459 0.620382010936737
172 0 0 0.00292577990330756 0.618901014328003
171 0 0 0.00289926002733409 0.61750602722168
170 0 0 0.00287470989860594 0.616201996803284
169 0 0 0.0028521700296551 0.614991009235382
168 0 0 0.00283164996653795 0.61387699842453
167 0 0 0.00281318998895586 0.61286199092865
166 0 0 0.00279680010862648 0.611949980258942
165 0 0 0.00278251990675926 0.61114501953125
164 0 0 0.00277037010528147 0.610450983047485
163 0 0 0.00276038004085422 0.609871983528137
162 0 0 0.00275255995802581 0.609413027763367
161 0 0 0.00274695991538465 0.609079003334045
160 0 0 0.0027435899246484 0.608874976634979
159 0 0 0.00274248002097011 0.608806014060974
158 0 0 0.00274250004440546 0.608807981014252
157 0 0 0.00274295988492668 0.608837008476257
156 0 0 0.0027435899246484 0.60887598991394
155 0 0 0.00274447002448142 0.608932018280029
154 0 0 0.00274560996331275 0.609004974365234
153 0 0 0.00274699996225536 0.609094023704529
152 0 0 0.00274866004474461 0.609201014041901
151 0 0 0.0027505699545145 0.609324991703033
150 24 24 0.00275274994783103 0.609467029571533
149 0 0 0.00275518000125885 0.60962700843811
148 0 0 0.00275787990540266 0.60980498790741
147 0 0 0.0027608301024884 0.610001981258392
146 0 0 0.00276404991745949 0.610217988491058
145 0 0 0.00276754004880786 0.610453009605408
144 0 0 0.00277129001915455 0.610706984996796
143 0 0 0.0027753000613302 0.610982000827789
142 0 0 0.00277957995422184 0.611275970935822
141 0 0 0.00278411991894245 0.611590981483459
140 0 0 0.0027889299672097 0.611926972866058
139 0 0 0.00279401009902358 0.612285017967224
138 0 0 0.00279935006983578 0.612662971019745
137 0 0 0.00280495989136398 0.613063991069794
136 0 0 0.00281084002926946 0.613487005233765
135 0 0 0.00281699001789093 0.613933026790619
134 0 0 0.00282340007834136 0.614401996135712
133 0 0 0.00283009000122547 0.614893972873688
132 0 0 0.00283703999593854 0.615409970283508
131 0 0 0.00284426007419825 0.615951001644135
130 0 0 0.00285175000317395 0.61651599407196
129 0 0 0.00285951001569629 0.617106974124908
128 0 0 0.00286754011176527 0.617722988128662
127 0 0 0.00287584005855024 0.618364989757538
126 0 0 0.00288441008888185 0.619033992290497
125 0 0 0.00289323995821178 0.619729995727539
124 0 0 0.00290234992280602 0.620454013347626
123 0 0 0.00291171995922923 0.621204972267151
122 0 0 0.0029213500674814 0.621985018253326
121 0 0 0.00293126003816724 0.622794985771179
120 0 0 0.00294143008068204 0.623633027076721
119 0 0 0.00295185996219516 0.624502003192902
118 0 0 0.00296255992725492 0.625401973724365
117 0 0 0.00297351996414363 0.626332998275757
116 0 0 0.00298475008457899 0.627295017242432
115 0 0 0.00299623003229499 0.628289997577667
114 0 0 0.00300798006355762 0.629317998886108
113 0 0 0.0030199799221009 0.630379974842072
112 0 0 0.00303224008530378 0.63147497177124
111 0 0 0.00304475007578731 0.632606029510498
110 0 0 0.00305750989355147 0.633772015571594
109 0 0 0.00307053001597524 0.634972989559174
108 0 0 0.00308378995396197 0.63621199131012
107 0 0 0.00309729995205998 0.637488007545471
106 0 0 0.00311106001026928 0.638800978660583
105 0 0 0.00312505010515451 0.640152990818024
104 0 0 0.00313928001560271 0.641544997692108
103 0 0 0.00315373996272683 0.642975986003876
102 0 0 0.00316843995824456 0.644447982311249
101 0 0 0.00318335997872055 0.645959973335266
100 23 24 0.00319851003587246 0.647514998912811
99 0 0 0.00321387988515198 0.649111986160278
98 0 0 0.00322945998050272 0.650753021240234
97 0 0 0.00324526010081172 0.652436971664429
96 0 0 0.00326125998981297 0.654165029525757
95 0 0 0.00327746011316776 0.655938982963562
94 0 0 0.00329386000521481 0.657757997512817
93 0 0 0.00331044988706708 0.659623980522156
92 0 0 0.00332722999155521 0.661535978317261
91 0 0 0.00334418006241322 0.663496017456055
90 0 0 0.00336131011135876 0.665503978729248
89 0 0 0.00337860989384353 0.667560994625092
88 0 0 0.0033960600849241 0.669665992259979
87 0 0 0.00341366999782622 0.671822011470795
86 0 0 0.00343143008649349 0.674027025699615
85 0 0 0.00344932009465992 0.676283001899719
84 0 0 0.00346735003404319 0.678589999675751
83 0 0 0.00348550011403859 0.68094801902771
82 0 0 0.00350376009009778 0.683358013629913
81 0 0 0.00352212996222079 0.685819983482361
80 0 0 0.00354059995152056 0.688333988189697
79 0 0 0.00355916004627943 0.690900981426239
78 0 0 0.00357780000194907 0.693521022796631
77 0 0 0.00359651003964245 0.696192979812622
76 0 0 0.00361527991481125 0.698917984962463
75 0 0 0.00363411009311676 0.70169597864151
74 0 0 0.00365297007374465 0.704527020454407
73 0 0 0.00367188011296093 0.707410991191864
72 0 0 0.00369079993106425 0.710348010063171
71 0 0 0.00370974000543356 0.713337004184723
70 0 0 0.00372869009152055 0.71637898683548
69 0 0 0.00374762993305922 0.719471991062164
68 0 0 0.00376655999571085 0.722616970539093
67 0 0 0.00378546002320945 0.725813984870911
66 0 0 0.00380433001555502 0.729062020778656
65 0 0 0.00382315996102989 0.732360005378723
64 0 0 0.00384193006902933 0.735707998275757
63 0 0 0.00386064010672271 0.739104986190796
62 0 0 0.00387929007411003 0.742550015449524
61 0 0 0.00389784993603826 0.746043980121613
60 0 0 0.00391633016988635 0.749584972858429
59 0 0 0.00393472006544471 0.753171980381012
58 0 0 0.00395300006493926 0.756805002689362
57 0 0 0.00397117016837001 0.760483026504517
56 0 0 0.00398922013118863 0.764204978942871
55 0 0 0.00400714995339513 0.767969012260437
54 0 0 0.00402494985610247 0.771776020526886
53 0 0 0.00404261006042361 0.775623977184296
52 0 0 0.00406013010069728 0.779513001441956
51 0 0 0.00407750019803643 0.783439993858337
50 22 24 0.00409471988677979 0.787406027317047
49 0 0 0.00411177985370159 0.791409015655518
48 0 0 0.00412868009880185 0.795449018478394
47 0 0 0.00414540991187096 0.799524009227753
46 0 0 0.00416197022423148 0.803632974624634
45 0 0 0.00417836010456085 0.807775020599365
44 0 0 0.00419456977397203 0.811950027942657
43 0 0 0.0042106001637876 0.816156029701233
42 0 0 0.0042264498770237 0.82039201259613
41 0 0 0.00424211984500289 0.82465797662735
40 0 0 0.00425759982317686 0.828952014446259
39 0 0 0.00427290005609393 0.833274006843567
38 0 0 0.00428800983354449 0.837623000144958
37 0 0 0.00430293008685112 0.841997027397156
36 0 0 0.00431765988469124 0.846396028995514
35 0 0 0.00433220993727446 0.850818991661072
34 0 0 0.00434656022116542 0.855265021324158
33 0 0 0.00436072982847691 0.859732985496521
32 0 0 0.00437470991164446 0.864223003387451
31 0 0 0.00438850000500679 0.868732988834381
30 0 0 0.0044021001085639 0.873264014720917
29 0 0 0.00441551022231579 0.877813994884491
28 0 0 0.00442874012514949 0.882381975650787
27 0 0 0.004441789817065 0.886968970298767
26 0 0 0.00445464998483658 0.891571998596191
25 0 0 0.00446732994168997 0.896192014217377
24 0 0 0.00447983015328646 0.900828003883362
23 0 0 0.00449215993285179 0.90547901391983
22 0 0 0.00450430018827319 0.910144984722137
21 0 0 0.00451627979055047 0.914825022220612
20 0 0 0.00452806986868382 0.919519007205963
19 0 0 0.00453970022499561 0.924224972724915
18 0 0 0.00455116014927626 0.928945004940033
17 0 0 0.00456245010718703 0.93367600440979
16 0 0 0.00457357987761497 0.938419997692108
15 0 0 0.00458454014733434 0.943174004554749
14 0 0 0.0045953500084579 0.947938978672028
13 0 0 0.00460598990321159 0.95271497964859
12 0 0 0.00461647985503078 0.957499980926514
11 0 0 0.00462681008502841 0.962296009063721
10 0 0 0.00463700015097857 0.967100024223328
9 0 0 0.00464703002944589 0.971912980079651
8 0 0 0.00465690996497869 0.97673499584198
7 0 0 0.00466665020212531 0.981564998626709
6 0 0 0.00467624980956316 0.986402988433838
5 0 0 0.0046857101842761 0.99124801158905
4 0 0 0.00469193002209067 0.994481980800629
3 0 0 0.00469605019316077 0.996640026569366
2 0 0 0.00469877989962697 0.998080015182495
1 0 0 0.0047023999504745 1
1 0 0 0.0047023999504745 1
2 0 0 0.00470599997788668 1.0019199848175
3 0 0 0.00470869010314345 1.00336003303528
4 0 0 0.00471269991248846 1.00552999973297
5 0 0 0.00471865991130471 1.00876998901367
6 0 0 0.00472750002518296 1.01364994049072
7 0 0 0.00473621021956205 1.01853001117706
8 0 0 0.0047447900287807 1.02341997623444
9 0 0 0.00475325016304851 1.02831995487213
10 0 0 0.00476157991215587 1.03322005271912
11 0 0 0.00476978998631239 1.03812003135681
12 0 0 0.00477789016440511 1.04303002357483
13 0 0 0.0047858702018857 1.04795002937317
14 0 0 0.00479373009875417 1.05287003517151
15 0 0 0.00480148987844586 1.05779004096985
16 0 0 0.00480912998318672 1.06271994113922
17 0 0 0.00481666019186378 1.06764996051788
18 0 0 0.00482408981770277 1.07258999347687
19 0 0 0.00483141001313925 1.07753002643585
20 0 0 0.00483863009139895 1.08247995376587
21 0 0 0.00484573980793357 1.08741998672485
22 0 0 0.00485276011750102 1.09238004684448
23 0 0 0.00485967984423041 1.0973299741745
24 0 0 0.00486649991944432 1.10229003429413
25 0 0 0.00487656006589532 1.10973000526428
26 0 0 0.00488641019910574 1.11717998981476
27 0 0 0.0048960498534143 1.12463998794556
28 0 0 0.00490549998357892 1.13209998607635
29 0 0 0.00491476012393832 1.13956999778748
30 0 0 0.00492382980883121 1.14705002307892
31 0 0 0.00493272021412849 1.15452003479004
32 0 0 0.0049414299428463 1.16200995445251
33 0 0 0.00494997017085552 1.16949999332428
34 0 0 0.00495833018794656 1.17699003219604
35 0 0 0.00496653979644179 1.18448996543884
36 0 0 0.00497457990422845 1.19199001789093
37 0 0 0.00498245982453227 1.19948995113373
38 0 0 0.0049902000464499 1.20700001716614
39 0 0 0.0049977800808847 1.21450996398926
40 0 0 0.00500521995127201 1.22203004360199
41 0 0 0.00501252012327313 1.22955000400543
42 0 0 0.00501968013122678 1.23706996440887
43 0 0 0.00502669997513294 1.24459004402161
44 0 0 0.00503358989953995 1.25212001800537
45 0 0 0.00504036014899611 1.25964999198914
46 0 0 0.00504700001329184 1.2671799659729
47 0 0 0.00505673000589013 1.27848994731903
48 0 0 0.00506620015949011 1.28979003429413
49 0 0 0.00507541000843048 1.30111002922058
50 2 24 0.00508436979725957 1.31242001056671
51 0 0 0.00509310001507401 1.32374000549316
52 0 0 0.00510158995166421 1.33507001399994
53 0 0 0.00510986009612679 1.34640002250671
54 0 0 0.0051179202273488 1.35773003101349
55 0 0 0.00512578012421727 1.36906003952026
56 0 0 0.00513343000784516 1.38039994239807
57 0 0 0.00514088990166783 1.39173996448517
58 0 0 0.00514815980568528 1.40307998657227
59 0 0 0.00515524996444583 1.41443002223969
60 0 0 0.00516217015683651 1.4257800579071
61 0 0 0.005168910138309 1.43712997436523
62 0 0 0.00517550017684698 1.44848001003265
63 0 0 0.00518191978335381 1.45983004570007
64 0 0 0.00519126979634166 1.47686994075775
65 0 0 0.00520029990002513 1.49390995502472
66 0 0 0.0052089998498559 1.51094996929169
67 0 0 0.00521741015836596 1.52798998355865
68 0 0 0.00522554013878107 1.54504001140594
69 0 0 0.00523338001221418 1.56209003925323
70 0 0 0.00524096982553601 1.57913994789124
71 0 0 0.00524831004440784 1.59618997573853
72 0 0 0.00525540998205543 1.61325001716614
73 0 0 0.0052622901275754 1.63031005859375
74 0 0 0.00526893977075815 1.64736998081207
75 0 0 0.00527537986636162 1.66443002223969
76 0 0 0.00528162997215986 1.68148994445801
77 0 0 0.00528767984360456 1.69855999946594
78 0 0 0.00529354019090533 1.71563005447388
79 0 0 0.00529923010617495 1.7326899766922
80 0 0 0.00530475005507469 1.74976003170013
81 0 0 0.00531010003760457 1.76682996749878
82 0 0 0.00531530007719994 1.78390002250671
83 0 0 0.00532035017386079 1.80096995830536
84 0 0 0.00532764988020062 1.82658004760742
85 0 0 0.0053346399217844 1.8521900177002
86 0 0 0.00534135010093451 1.87779998779297
87 0 0 0.00534777017310262 1.90341997146606
88 0 0 0.00535693019628525 1.94184005260468
89 0 0 0.0053655500523746 1.980260014534
90 0 0 0.00537366978824139 2.01869010925293
91 0 0 0.0053813299164176 2.05712008476257
92 0 0 0.00538857001811266 2.09555006027222
93 0 0 0.00539541011676192 2.13398003578186
94 0 0 0.00540188001468778 2.1724100112915
95 0 0 0.00540802022442222 2.21085000038147
96 0 0 0.00541662983596325 2.26850008964539
97 0 0 0.00542460009455681 2.32614994049072
98 0 0 0.00543199013918638 2.38381004333496
99 0 0 0.00543886004015803 2.44146990776062
100 3 24 0.00544524984434247 2.49911999702454
101 0 0 0.00545120984315872 2.55678009986877
102 0 0 0.00545941013842821 2.64327001571655
103 0 0 0.00546684022992849 2.72976994514465
104 0 0 0.00547358999028802 2.81626009941101
105 0 0 0.00547973997890949 2.90275001525879
106 0 0 0.00548536004498601 2.98924994468689
107 0 0 0.00549050979316235 3.07574009895325
108 0 0 0.00549523020163178 3.16224002838135
109 0 0 0.00550023000687361 3.26222991943359
110 0 0 0.00550479022786021 3.36223006248474
111 0 0 0.00550894998013973 3.46222996711731
112 0 0 0.00551276979967952 3.56223011016846
113 0 0 0.00551627995446324 3.66223001480103
114 0 0 0.00551950000226498 3.76222991943359
115 0 0 0.00552247976884246 3.86222004890442
116 0 0 0.00552524020895362 3.96221995353699
117 0 0 0.00552779017016292 4.06222009658813
118 0 0 0.00553015992045403 4.1622200012207
119 0 0 0.00553236994892359 4.26221990585327
120 0 0 0.00553441978991032 4.36221981048584
121 0 0 0.00553634017705917 4.46222019195557
122 0 0 0.00553813017904758 4.56222009658813
123 0 0 0.0055398098193109 4.6622200012207
124 0 0 0.00554138002917171 4.76221990585327
125 0 0 0.00554285990074277 4.86221981048584
126 0 0 0.00554424989968538 4.96222019195557
127 0 0 0.00554555002599955 5.06222009658813
128 0 0 0.00554677983745933 5.1622200012207
129 0 0 0.00554795004427433 5.26221990585327
130 0 0 0.00554904015734792 5.36221981048584
131 0 0 0.00555007997900248 5.46222019195557
132 0 0 0.00555106019601226 5.56222009658813
133 0 0 0.00555199012160301 5.6622200012207
134 0 0 0.00555287022143602 5.76221990585327
135 0 0 0.00555370980873704 5.86221981048584
136 0 0 0.0055545000359416 5.96222019195557
137 0 0 0.00555525999516249 6.06222009658813
138 0 0 0.00555597990751266 6.1622200012207
139 0 0 0.00555665977299213 6.26221990585327
140 0 0 0.00555730983614922 6.36221981048584
141 0 0 0.00555793987587094 6.46222019195557
142 0 0 0.00555852986872196 6.56222009658813
143 0 0 0.00555909983813763 6.6622200012207
144 0 0 0.0055596400052309 6.76221990585327
145 0 0 0.00556016014888883 6.86221981048584
146 0 0 0.00556065980345011 6.96222019195557
147 0 0 0.00556113012135029 7.06222009658813
148 0 0 0.00556159019470215 7.1622200012207
149 0 0 0.00556202000007033 7.26221990585327
150 4 24 0.00556244002655149 7.36221981048584
151 0 0 0.00556284980848432 7.46222019195557
152 0 0 0.00556322978809476 7.56222009658813
153 0 0 0.0055636097677052 7.6622200012207
154 0 0 0.00556395994499326 7.76221990585327
155 0 0 0.00556431012228131 7.86221981048584
156 0 0 0.00556463981047273 7.96222019195557
157 0 0 0.00556496018543839 8.06221961975098
158 0 0 0.00556526007130742 8.1622200012207
159 0 0 0.00556555995717645 8.26222038269043
160 0 0 0.00556585006415844 8.36221981048584
161 0 0 0.00556612014770508 8.46222019195557
162 0 0 0.00556639023125172 8.56221961975098
163 0 0 0.00556663982570171 8.6622200012207
164 0 0 0.005566889885813 8.76222038269043
165 0 0 0.00556713016703725 8.86221981048584
166 0 0 0.00556736020371318 8.96222019195557
167 0 0 0.00556758977472782 9.06221961975098
168 0 0 0.0055677997879684 9.1622200012207
169 0 0 0.00556800980120897 9.26222038269043
170 0 0 0.00556821003556252 9.36221981048584
171 0 0 0.00556840980425477 9.46222019195557
172 0 0 0.00556859979405999 9.56221961975098
173 0 0 0.00556878978386521 9.6622200012207
174 0 0 0.00556896021589637 9.76222038269043
175 0 0 0.00556913996115327 9.86221981048584
176 0 0 0.00556930992752314 9.96222019195557
177 0 0 0.00556947011500597 10.0621995925903
178 0 0 0.00556962983682752 10.1621999740601
179 0 0 0.00556977977976203 10.2622003555298
180 0 0 0.00556993018835783 10.3621997833252
181 0 0 0.00557008013129234 10.4622001647949
182 0 0 0.00557021982967854 10.5621995925903
183 0 0 0.00557035021483898 10.6621999740601
184 0 0 0.00557048991322517 10.7622003555298
185 0 0 0.00557061983272433 10.8621997833252
186 0 0 0.00557073997333646 10.9622001647949
187 0 0 0.00557086989283562 11.0621995925903
188 0 0 0.00557099003344774 11.1621999740601
189 0 0 0.00557109992951155 11.2622003555298
190 0 0 0.00557120982557535 11.3621997833252
191 0 0 0.00557132018730044 11.4622001647949
192 0 0 0.00557143008336425 11.5621995925903
193 0 0 0.00557153997942805 11.6621999740601
194 0 0 0.00557164009660482 11.7622003555298
195 0 0 0.0055717402137816 11.8621997833252
196 0 0 0.00557183008641005 11.9622001647949
197 0 0 0.00557193020358682 12.0621995925903
198 0 0 0.00557202007621527 12.1621999740601
199 0 0 0.00557210994884372 12.2622003555298
200 5 24 0.00557219982147217 12.3621997833252
201 0 0 0.00557227991521358 12.4622001647949
202 0 0 0.00557236978784204 12.5621995925903
203 0 0 0.00557244988158345 12.6621999740601
204 0 0 0.00557252997532487 12.7622003555298
205 0 0 0.00557261006906629 12.8621997833252
206 0 0 0.00557267991825938 12.9622001647949
207 0 0 0.0055727600120008 13.0621995925903
208 0 0 0.0055728298611939 13.1621999740601
209 0 0 0.00557290017604828 13.2622003555298
210 0 0 0.00557297002524137 13.3621997833252
211 0 0 0.00557303987443447 13.4622001647949
212 0 0 0.00557311018928885 13.5621995925903
213 0 0 0.00557316979393363 13.6621999740601
214 0 0 0.00557322986423969 13.7622003555298
215 0 0 0.00557330017909408 13.8621997833252
216 0 0 0.00557335978373885 13.9622001647949
217 0 0 0.00557341985404491 14.0621995925903
218 0 0 0.00557347014546394 14.1621999740601
219 0 0 0.00557353021577001 14.2622003555298
220 0 0 0.00557358982041478 14.3621997833252
221 0 0 0.00557364011183381 14.4622001647949
222 0 0 0.00557370018213987 14.5621995925903
223 0 0 0.00557375000789762 14.6621999740601
224 0 0 0.00557379983365536 14.7622003555298
225 0 0 0.00557385012507439 14.8621997833252
226 0 0 0.00557389995083213 14.9622001647949
227 0 0 0.00557394977658987 15.0621995925903
228 0 0 0.00557398982346058 15.1621999740601
229 0 0 0.00557404011487961 15.2622003555298
230 0 0 0.00557408994063735 15.3621997833252
231 0 0 0.00557412998750806 15.4622001647949
232 0 0 0.0055741798132658 15.5621995925903
233 0 0 0.00557421986013651 15.6621999740601
234 0 0 0.00557425990700722 15.7622003555298
235 0 0 0.00557429995387793 15.8621997833252
236 0 0 0.00557434000074863 15.9622001647949
237 0 0 0.00557438004761934 16.0622005462646
238 0 0 0.00557442009449005 16.1622009277344
239 0 0 0.00557446014136076 16.2621994018555
240 0 0 0.00557450018823147 16.3621997833252
241 0 0 0.00557452999055386 16.4622001647949
242 0 0 0.00557457003742456 16.5622005462646
243 0 0 0.00557461008429527 16.6622009277344
244 0 0 0.00557463988661766 16.7621994018555
245 0 0 0.00557467993348837 16.8621997833252
246 0 0 0.00557471020147204 16.9622001647949
247 0 0 0.00557474000379443 17.0622005462646
248 0 0 0.00557478005066514 17.1622009277344
249 0 0 0.00557480985298753 17.2621994018555
250 6 24 0.0055748401209712 17.3621997833252
251 0 0 0.00557486992329359 17.4622001647949
252 0 0 0.00557490019127727 17.5622005462646
253 0 0 0.00557492999359965 17.6622009277344
254 0 0 0.00557495979592204 17.7621994018555
255 0 0 0.00557499006390572 17.8621997833252
256 0 0 0.0055750198662281 17.9622001647949
257 0 0 0.00557505013421178 18.0622005462646
258 0 0 0.00557507015764713 18.1622009277344
259 0 0 0.00557509995996952 18.2621994018555
260 0 0 0.0055751302279532 18.3621997833252
261 0 0 0.00557514978572726 18.4622001647949
262 0 0 0.00557518005371094 18.5622005462646
263 0 0 0.00557520007714629 18.6622009277344
264 0 0 0.00557522987946868 18.7621994018555
265 0 0 0.00557524990290403 18.8621997833252
266 0 0 0.00557528017088771 18.9622001647949
267 0 0 0.00557530019432306 19.0622005462646
268 0 0 0.00557532999664545 19.1622009277344
269 0 0 0.0055753500200808 19.2621994018555
270 0 0 0.00557537004351616 19.3621997833252
271 0 0 0.00557539006695151 19.4622001647949
272 0 0 0.0055754198692739 19.5622005462646
273 0 0 0.00557543989270926 19.6622009277344
274 0 0 0.00557545991614461 19.7621994018555
275 0 0 0.00557547993957996 19.8621997833252
276 0 0 0.00557549996301532 19.9622001647949
277 0 0 0.00557551998645067 20.0622005462646
278 0 0 0.00557554000988603 20.1622009277344
279 0 0 0.00557556003332138 20.2621994018555
280 0 0 0.00557558005675673 20.3621997833252
281 0 0 0.00557560008019209 20.4622001647949
282 0 0 0.00557562010362744 20.5622005462646
283 0 0 0.0055756401270628 20.6622009277344
284 0 0 0.00557566015049815 20.7621994018555
285 0 0 0.00557566992938519 20.8621997833252
286 0 0 0.00557568995282054 20.9622001647949
287 0 0 0.00557570997625589 21.0622005462646
288 0 0 0.00557572999969125 21.1622009277344
289 0 0 0.00557573977857828 21.2621994018555
290 0 0 0.00557575980201364 21.3621997833252
291 0 0 0.00557577982544899 21.4622001647949
292 0 0 0.00557579006999731 21.5622005462646
293 0 0 0.00557581009343266 21.6622009277344
294 0 0 0.00557583011686802 21.7621994018555
295 0 0 0.00557583989575505 21.8621997833252
296 0 0 0.00557585991919041 21.9622001647949
297 0 0 0.00557587016373873 22.0622005462646
298 0 0 0.00557589018717408 22.1622009277344
299 0 0 0.00557589996606112 22.2621994018555
300 7 24 0.00557591998949647 22.3621997833252
301 0 0 0.0055759297683835 22.4622001647949
302 0 0 0.00557594979181886 22.5622005462646
303 0 0 0.00557596003636718 22.6622009277344
304 0 0 0.00557598005980253 22.7621994018555
305 0 0 0.00557598983868957 22.8621997833252
306 0 0 0.00557600008323789 22.9622001647949
307 0 0 0.00557602010667324 23.0622005462646
308 0 0 0.00557602988556027 23.1622009277344
309 0 0 0.00557604013010859 23.2621994018555
310 0 0 0.00557606015354395 23.3621997833252
311 0 0 0.00557606993243098 23.4622001647949
312 0 0 0.0055760801769793 23.5622005462646
313 0 0 0.00557608995586634 23.6622009277344
314 0 0 0.00557610997930169 23.7621994018555
315 0 0 0.00557612022385001 23.8621997833252
316 0 0 0.00557613000273705 23.9622001647949
317 0 0 0.00557613978162408 24.0622005462646
318 0 0 0.0055761500261724 24.1622009277344
319 0 0 0.00557615980505943 24.2621994018555
320 0 0 0.00557617982849479 24.3621997833252
321 0 0 0.00557619007304311 24.4622001647949
322 0 0 0.00557619985193014 24.5622005462646
323 0 0 0.00557621009647846 24.6622009277344
324 0 0 0.0055762198753655 24.7621994018555
325 0 0 0.00557623011991382 24.8621997833252
326 0 0 0.00557623989880085 24.9622001647949
327 0 0 0.00557625014334917 25.0622005462646
328 0 0 0.0055762599222362 25.1622009277344
329 0 0 0.00557627016678452 25.2621994018555
330 0 0 0.00557627994567156 25.3621997833252
331 0 0 0.00557629019021988 25.4622001647949
332 0 0 0.00557629996910691 25.5622005462646
333 0 0 0.00557631021365523 25.6622009277344
334 0 0 0.00557631999254227 25.7621994018555
335 0 0 0.0055763297714293 25.8621997833252
336 0 0 0.00557634001597762 25.9622001647949
337 0 0 0.00557634979486465 26.0622005462646
338 0 0 0.00557636003941298 26.1622009277344
339 0 0 0.00557636981830001 26.2621994018555
340 0 0 0.00557638006284833 26.3621997833252
341 0 0 0.00557638984173536 26.4622001647949
342 0 0 0.00557638984173536 26.5622005462646
343 0 0 0.00557640008628368 26.6622009277344
344 0 0 0.00557640986517072 26.7621994018555
345 0 0 0.00557642010971904 26.8621997833252
346 0 0 0.00557642988860607 26.9622001647949
347 0 0 0.00557644013315439 27.0622005462646
348 0 0 0.00557644991204143 27.1622009277344
349 0 0 0.00557644991204143 27.2621994018555
350 8 24 0.00557646015658975 27.3621997833252
351 0 0 0.00557646993547678 27.4622001647949
352 0 0 0.0055764801800251 27.5622005462646
353 0 0 0.00557648995891213 27.6622009277344
354 0 0 0.00557648995891213 27.7621994018555
355 0 0 0.00557650020346045 27.8621997833252
356 0 0 0.00557650998234749 27.9622001647949
357 0 0 0.00557652022689581 28.0622005462646
358 0 0 0.00557652022689581 28.1622009277344
359 0 0 0.00557653000578284 28.2621994018555
360 0 0 0.00557653978466988 28.3621997833252
361 0 0 0.00557653978466988 28.4622001647949
362 0 0 0.0055765500292182 28.5622005462646
363 0 0 0.00557655980810523 28.6622009277344
364 0 0 0.00557657005265355 28.7621994018555
365 0 0 0.00557657005265355 28.8621997833252
366 0 0 0.00557657983154058 28.9622001647949
367 0 0 0.00557659007608891 29.0622005462646
368 0 0 0.00557659007608891 29.1622009277344
369 0 0 0.00557659985497594 29.2621994018555
370 0 0 0.00557661009952426 29.3621997833252
371 0 0 0.00557661009952426 29.4622001647949
372 0 0 0.00557661987841129 29.5622005462646
373 0 0 0.00557661987841129 29.6622009277344
374 0 0 0.00557663012295961 29.7621994018555
375 0 0 0.00557663990184665 29.8621997833252
376 0 0 0.00557663990184665 29.9622001647949
377 0 0 0.00557665014639497 30.0622005462646
378 0 0 0.00557665014639497 30.1622009277344
379 0 0 0.005576659925282 30.2621994018555
380 0 0 0.00557667016983032 30.3621997833252
381 0 0 0.00557667016983032 30.4622001647949
382 0 0 0.00557667994871736 30.5622005462646
383 0 0 0.00557667994871736 30.6622009277344
384 0 0 0.00557669019326568 30.7621994018555
385 0 0 0.00557669997215271 30.8621997833252
386 0 0 0.00557669997215271 30.9622001647949
387 0 0 0.00557671021670103 31.0622005462646
388 0 0 0.00557671021670103 31.1622009277344
389 0 0 0.00557671999558806 31.2621994018555
390 0 0 0.00557671999558806 31.3621997833252
391 0 0 0.0055767297744751 31.4622001647949
392 0 0 0.0055767297744751 31.5622005462646
393 0 0 0.00557674001902342 31.6622009277344
394 0 0 0.00557674001902342 31.7621994018555
395 0 0 0.00557674979791045 31.8621997833252
396 0 0 0.00557674979791045 31.9622001647949
397 0 0 0.00557676004245877 32.062198638916
398 0 0 0.00557676004245877 32.1622009277344
399 0 0 0.00557676982134581 32.2621994018555
400 9 24 0.00557676982134581 32.3622016906738
401 0 0 0.00557678006589413 32.4622001647949
402 0 0 0.00557678006589413 32.562198638916
403 0 0 0.00557678984478116 32.6622009277344
404 0 0 0.00557678984478116 32.7621994018555
405 0 0 0.00557680008932948 32.8622016906738
406 0 0 0.00557680008932948 32.9622001647949
407 0 0 0.00557680986821651 33.062198638916
408 0 0 0.00557680986821651 33.1622009277344
409 0 0 0.00557680986821651 33.2621994018555
410 0 0 0.00557682011276484 33.3622016906738
411 0 0 0.00557682011276484 33.4622001647949
412 0 0 0.00557682989165187 33.562198638916
413 0 0 0.00557682989165187 33.6622009277344
414 0 0 0.00557684013620019 33.7621994018555
415 0 0 0.00557684013620019 33.8622016906738
416 0 0 0.00557684013620019 33.9622001647949
417 0 0 0.00557684991508722 34.062198638916
418 0 0 0.00557684991508722 34.1622009277344
419 0 0 0.00557686015963554 34.2621994018555
420 0 0 0.00557686015963554 34.3622016906738
421 0 0 0.00557686993852258 34.4622001647949
422 0 0 0.00557686993852258 34.562198638916
423 0 0 0.00557686993852258 34.6622009277344
424 0 0 0.0055768801830709 34.7621994018555
425 0 0 0.0055768801830709 34.8622016906738
426 0 0 0.0055768801830709 34.9622001647949
427 0 0 0.00557688996195793 35.062198638916
428 0 0 0.00557688996195793 35.1622009277344
429 0 0 0.00557690020650625 35.2621994018555
430 0 0 0.00557690020650625 35.3622016906738
431 0 0 0.00557690020650625 35.4622001647949
432 0 0 0.00557690998539329 35.562198638916
433 0 0 0.00557690998539329 35.6622009277344
434 0 0 0.00557690998539329 35.7621994018555
435 0 0 0.00557692022994161 35.8622016906738
436 0 0 0.00557692022994161 35.9622001647949
437 0 0 0.00557693000882864 36.062198638916
438 0 0 0.00557693000882864 36.1622009277344
439 0 0 0.00557693000882864 36.2621994018555
440 0 0 0.00557693978771567 36.3622016906738
441 0 0 0.00557693978771567 36.4622001647949
442 0 0 0.00557693978771567 36.562198638916
443 0 0 0.00557695003226399 36.6622009277344
444 0 0 0.00557695003226399 36.7621994018555
445 0 0 0.00557695003226399 36.8622016906738
446 0 0 0.00557695981115103 36.9622001647949
447 0 0 0.00557695981115103 37.062198638916
448 0 0 0.00557695981115103 37.1622009277344
449 0 0 0.00557697005569935 37.2621994018555
450 10 24 0.00557697005569935 37.3622016906738
451 0 0 0.00557697005569935 37.4622001647949
452 0 0 0.00557697005569935 37.562198638916
453 0 0 0.00557697983458638 37.6622009277344
454 0 0 0.00557697983458638 37.7621994018555
455 0 0 0.00557697983458638 37.8622016906738
456 0 0 0.0055769900791347 37.9622001647949
457 0 0 0.0055769900791347 38.062198638916
458 0 0 0.0055769900791347 38.1622009277344
459 0 0 0.00557699985802174 38.2621994018555
460 0 0 0.00557699985802174 38.3622016906738
461 0 0 0.00557699985802174 38.4622001647949
462 0 0 0.00557699985802174 38.562198638916
463 0 0 0.00557701010257006 38.6622009277344
464 0 0 0.00557701010257006 38.7621994018555
465 0 0 0.00557701010257006 38.8622016906738
466 0 0 0.00557701988145709 38.9622001647949
467 0 0 0.00557701988145709 39.062198638916
468 0 0 0.00557701988145709 39.1622009277344
469 0 0 0.00557701988145709 39.2621994018555
470 0 0 0.00557703012600541 39.3622016906738
471 0 0 0.00557703012600541 39.4622001647949
472 0 0 0.00557703012600541 39.562198638916
473 0 0 0.00557703012600541 39.6622009277344
474 0 0 0.00557703990489244 39.7621994018555
475 0 0 0.00557703990489244 39.8622016906738
476 0 0 0.00557703990489244 39.9622001647949
477 0 0 0.00557703990489244 40.062198638916
478 0 0 0.00557705014944077 40.1622009277344
479 0 0 0.00557705014944077 40.2621994018555
480 0 0 0.00557705014944077 40.3622016906738
481 0 0 0.00557705014944077 40.4622001647949
482 0 0 0.0055770599283278 40.562198638916
483 0 0 0.0055770599283278 40.6622009277344
484 0 0 0.0055770599283278 40.7621994018555
485 0 0 0.0055770599283278 40.8622016906738
486 0 0 0.00557707017287612 40.9622001647949
487 0 0 0.00557707017287612 41.062198638916
488 0 0 0.00557707017287612 41.1622009277344
489 0 0 0.00557707017287612 41.2621994018555
490 0 0 0.00557707995176315 41.3622016906738
491 0 0 0.00557707995176315 41.4622001647949
492 0 0 0.00557707995176315 41.562198638916
493 0 0 0.00557707995176315 41.6622009277344
494 0 0 0.00557709019631147 41.7621994018555
495 0 0 0.00557709019631147 41.8622016906738
496 0 0 0.00557709019631147 41.9622001647949
497 0 0 0.00557709019631147 42.062198638916
498 0 0 0.00557709019631147 42.1622009277344
499 0 0 0.00557709997519851 42.2621994018555
500 11 24 0.00557709997519851 42.3622016906738
501 0 0 0.00557709997519851 42.4622001647949
502 0 0 0.00557709997519851 42.562198638916
503 0 0 0.00557709997519851 42.6622009277344
504 0 0 0.00557711021974683 42.7621994018555
505 0 0 0.00557711021974683 42.8622016906738
506 0 0 0.00557711021974683 42.9622001647949
507 0 0 0.00557711021974683 43.062198638916
508 0 0 0.00557711999863386 43.1622009277344
509 0 0 0.00557711999863386 43.2621994018555
510 0 0 0.00557711999863386 43.3622016906738
511 0 0 0.00557711999863386 43.4622001647949
512 0 0 0.00557711999863386 43.562198638916
513 0 0 0.0055771297775209 43.6622009277344
514 0 0 0.0055771297775209 43.7621994018555
515 0 0 0.0055771297775209 43.8622016906738
516 0 0 0.0055771297775209 43.9622001647949
517 0 0 0.0055771297775209 44.062198638916
518 0 0 0.0055771297775209 44.1622009277344
519 0 0 0.00557714002206922 44.2621994018555
520 0 0 0.00557714002206922 44.3622016906738
521 0 0 0.00557714002206922 44.4622001647949
522 0 0 0.00557714002206922 44.562198638916
523 0 0 0.00557714002206922 44.6622009277344
524 0 0 0.00557714980095625 44.7621994018555
525 0 0 0.00557714980095625 44.8622016906738
526 0 0 0.00557714980095625 44.9622001647949
527 0 0 0.00557714980095625 45.062198638916
528 0 0 0.00557714980095625 45.1622009277344
529 0 0 0.00557714980095625 45.2621994018555
530 0 0 0.00557716004550457 45.3622016906738
531 0 0 0.00557716004550457 45.4622001647949
532 0 0 0.00557716004550457 45.562198638916
533 0 0 0.00557716004550457 45.6622009277344
534 0 0 0.00557716004550457 45.7621994018555
535 0 0 0.0055771698243916 45.8622016906738
536 0 0 0.0055771698243916 45.9622001647949
537 0 0 0.0055771698243916 46.062198638916
538 0 0 0.0055771698243916 46.1622009277344
539 0 0 0.0055771698243916 46.2621994018555
540 0 0 0.0055771698243916 46.3622016906738
541 0 0 0.00557718006893992 46.4622001647949
542 0 0 0.00557718006893992 46.562198638916
543 0 0 0.00557718006893992 46.6622009277344
544 0 0 0.00557718006893992 46.7621994018555
545 0 0 0.00557718006893992 46.8622016906738
546 0 0 0.00557718006893992 46.9622001647949
547 0 0 0.00557718006893992 47.062198638916
548 0 0 0.00557718984782696 47.1622009277344
549 0 0 0.00557718984782696 47.2621994018555
550 12 24 0.00557718984782696 47.3622016906738
551 0 0 0.00557718984782696 47.4622001647949
552 0 0 0.00557718984782696 47.562198638916
553 0 0 0.00557718984782696 47.6622009277344
554 0 0 0.00557720009237528 47.7621994018555
555 0 0 0.00557720009237528 47.8622016906738
556 0 0 0.00557720009237528 47.9622001647949
557 0 0 0.00557720009237528 48.062198638916
558 0 0 0.00557720009237528 48.1622009277344
559 0 0 0.00557720009237528 48.2621994018555
560 0 0 0.00557720009237528 48.3622016906738
561 0 0 0.00557720987126231 48.4622001647949
562 0 0 0.00557720987126231 48.562198638916
563 0 0 0.00557720987126231 48.6622009277344
564 0 0 0.00557720987126231 48.7621994018555
565 0 0 0.00557720987126231 48.8622016906738
566 0 0 0.00557720987126231 48.9622001647949
567 0 0 0.00557720987126231 49.062198638916
568 0 0 0.00557722011581063 49.1622009277344
569 0 0 0.00557722011581063 49.2621994018555
570 0 0 0.00557722011581063 49.3622016906738
571 0 0 0.00557722011581063 49.4622001647949
572 0 0 0.00557722011581063 49.562198638916
573 0 0 0.00557722011581063 49.6622009277344
574 0 0 0.00557722011581063 49.7621994018555
575 0 0 0.00557722989469767 49.8622016906738
576 0 0 0.00557722989469767 49.9622001647949
577 0 0 0.00557722989469767 50.062198638916
578 0 0 0.00557722989469767 50.1622009277344
579 0 0 0.00557722989469767 50.2621994018555
580 0 0 0.00557722989469767 50.3622016906738
581 0 0 0.00557722989469767 50.4622001647949
582 0 0 0.00557722989469767 50.562198638916
583 0 0 0.00557724013924599 50.6622009277344
584 0 0 0.00557724013924599 50.7621994018555
585 0 0 0.00557724013924599 50.8622016906738
586 0 0 0.00557724013924599 50.9622001647949
587 0 0 0.00557724013924599 51.062198638916
588 0 0 0.00557724013924599 51.1622009277344
589 0 0 0.00557724013924599 51.2621994018555
590 0 0 0.00557724013924599 51.3622016906738
591 0 0 0.00557724991813302 51.4622001647949
592 0 0 0.00557724991813302 51.562198638916
593 0 0 0.00557724991813302 51.6622009277344
594 0 0 0.00557724991813302 51.7621994018555
595 0 0 0.00557724991813302 51.8622016906738
596 0 0 0.00557724991813302 51.9622001647949
597 0 0 0.00557724991813302 52.062198638916
598 0 0 0.00557724991813302 52.1622009277344
599 0 0 0.00557724991813302 52.2621994018555
600 13 24 0.00557726016268134 52.3622016906738
601 0 0 0.00557726016268134 52.4622001647949
602 0 0 0.00557726016268134 52.562198638916
603 0 0 0.00557726016268134 52.6622009277344
604 0 0 0.00557726016268134 52.7621994018555
605 0 0 0.00557726016268134 52.8622016906738
606 0 0 0.00557726016268134 52.9622001647949
607 0 0 0.00557726016268134 53.062198638916
608 0 0 0.00557726016268134 53.1622009277344
609 0 0 0.00557726994156837 53.2621994018555
610 0 0 0.00557726994156837 53.3622016906738
611 0 0 0.00557726994156837 53.4622001647949
612 0 0 0.00557726994156837 53.562198638916
613 0 0 0.00557726994156837 53.6622009277344
614 0 0 0.00557726994156837 53.7621994018555
615 0 0 0.00557726994156837 53.8622016906738
616 0 0 0.00557726994156837 53.9622001647949
617 0 0 0.00557726994156837 54.062198638916
618 0 0 0.0055772801861167 54.1622009277344
619 0 0 0.0055772801861167 54.2621994018555
620 0 0 0.0055772801861167 54.3622016906738
621 0 0 0.0055772801861167 54.4622001647949
622 0 0 0.0055772801861167 54.562198638916
623 0 0 0.0055772801861167 54.6622009277344
624 0 0 0.0055772801861167 54.7621994018555
625 0 0 0.0055772801861167 54.8622016906738
626 0 0 0.0055772801861167 54.9622001647949
627 0 0 0.0055772801861167 55.062198638916
628 0 0 0.00557728996500373 55.1622009277344
629 0 0 0.00557728996500373 55.2621994018555
630 0 0 0.00557728996500373 55.3622016906738
631 0 0 0.00557728996500373 55.4622001647949
632 0 0 0.00557728996500373 55.562198638916
633 0 0 0.00557728996500373 55.6622009277344
634 0 0 0.00557728996500373 55.7621994018555
635 0 0 0.00557728996500373 55.8622016906738
636 0 0 0.00557728996500373 55.9622001647949
637 0 0 0.00557728996500373 56.062198638916
638 0 0 0.00557728996500373 56.1622009277344
639 0 0 0.00557730020955205 56.2621994018555
640 0 0 0.00557730020955205 56.3622016906738
641 0 0 0.00557730020955205 56.4622001647949
642 0 0 0.00557730020955205 56.562198638916
643 0 0 0.00557730020955205 56.6622009277344
644 0 0 0.00557730020955205 56.7621994018555
645 0 0 0.00557730020955205 56.8622016906738
646 0 0 0.00557730020955205 56.9622001647949
647 0 0 0.00557730020955205 57.062198638916
648 0 0 0.00557730020955205 57.1622009277344
649 0 0 0.00557730020955205 57.2621994018555
650 14 24 0.00557730998843908 57.3622016906738
651 0 0 0.00557730998843908 57.4622001647949
652 0 0 0.00557730998843908 57.562198638916
653 0 0 0.00557730998843908 57.6622009277344
654 0 0 0.00557730998843908 57.7621994018555
655 0 0 0.00557730998843908 57.8622016906738
656 0 0 0.00557730998843908 57.9622001647949
657 0 0 0.00557730998843908 58.062198638916
658 0 0 0.00557730998843908 58.1622009277344
659 0 0 0.00557730998843908 58.2621994018555
660 0 0 0.00557730998843908 58.3622016906738
661 0 0 0.00557730998843908 58.4622001647949
662 0 0 0.00557731976732612 58.562198638916
663 0 0 0.00557731976732612 58.6622009277344
664 0 0 0.00557731976732612 58.7621994018555
665 0 0 0.00557731976732612 58.8622016906738
666 0 0 0.00557731976732612 58.9622001647949
667 0 0 0.00557731976732612 59.062198638916
668 0 0 0.00557731976732612 59.1622009277344
669 0 0 0.00557731976732612 59.2621994018555
670 0 0 0.00557731976732612 59.3622016906738
671 0 0 0.00557731976732612 59.4622001647949
672 0 0 0.00557731976732612 59.562198638916
673 0 0 0.00557731976732612 59.6622009277344
674 0 0 0.00557733001187444 59.7621994018555
675 0 0 0.00557733001187444 59.8622016906738
676 0 0 0.00557733001187444 59.9622001647949
677 0 0 0.00557733001187444 60.062198638916
678 0 0 0.00557733001187444 60.1622009277344
679 0 0 0.00557733001187444 60.2621994018555
680 0 0 0.00557733001187444 60.3622016906738
681 0 0 0.00557733001187444 60.4622001647949
682 0 0 0.00557733001187444 60.562198638916
683 0 0 0.00557733001187444 60.6622009277344
684 0 0 0.00557733001187444 60.7621994018555
685 0 0 0.00557733001187444 60.8622016906738
686 0 0 0.00557733001187444 60.9622001647949
687 0 0 0.00557733001187444 61.062198638916
688 0 0 0.00557733979076147 61.1622009277344
689 0 0 0.00557733979076147 61.2621994018555
690 0 0 0.00557733979076147 61.3622016906738
691 0 0 0.00557733979076147 61.4622001647949
692 0 0 0.00557733979076147 61.562198638916
693 0 0 0.00557733979076147 61.6622009277344
694 0 0 0.00557733979076147 61.7621994018555
695 0 0 0.00557733979076147 61.8622016906738
696 0 0 0.00557733979076147 61.9622001647949
697 0 0 0.00557733979076147 62.062198638916
698 0 0 0.00557733979076147 62.1622009277344
699 0 0 0.00557733979076147 62.2621994018555
700 15 24 0.00557733979076147 62.3622016906738
701 0 0 0.00557733979076147 62.4622001647949
702 0 0 0.00557735003530979 62.562198638916
703 0 0 0.00557735003530979 62.6622009277344
704 0 0 0.00557735003530979 62.7621994018555
705 0 0 0.00557735003530979 62.8622016906738
706 0 0 0.00557735003530979 62.9622001647949
707 0 0 0.00557735003530979 63.062198638916
708 0 0 0.00557735003530979 63.1622009277344
709 0 0 0.00557735003530979 63.2621994018555
710 0 0 0.00557735003530979 63.3622016906738
711 0 0 0.00557735003530979 63.4622001647949
712 0 0 0.00557735003530979 63.562198638916
713 0 0 0.00557735003530979 63.6622009277344
714 0 0 0.00557735003530979 63.7621994018555
715 0 0 0.00557735003530979 63.8622016906738
716 0 0 0.00557735003530979 63.9622001647949
717 0 0 0.00557735003530979 64.0622024536133
718 0 0 0.00557735981419683 64.1622009277344
719 0 0 0.00557735981419683 64.2621994018555
720 0 0 0.00557735981419683 64.3621978759766
721 0 0 0.00557735981419683 64.4621963500977
722 0 0 0.00557735981419683 64.5622024536133
723 0 0 0.00557735981419683 64.6622009277344
724 0 0 0.00557735981419683 64.7621994018555
725 0 0 0.00557735981419683 64.8621978759766
726 0 0 0.00557735981419683 64.9621963500977
727 0 0 0.00557735981419683 65.0622024536133
728 0 0 0.00557735981419683 65.1622009277344
729 0 0 0.00557735981419683 65.2621994018555
730 0 0 0.00557735981419683 65.3621978759766
731 0 0 0.00557735981419683 65.4621963500977
732 0 0 0.00557735981419683 65.5622024536133
733 0 0 0.00557735981419683 65.6622009277344
734 0 0 0.00557737005874515 65.7621994018555
735 0 0 0.00557737005874515 65.8621978759766
736 0 0 0.00557737005874515 65.9621963500977
737 0 0 0.00557737005874515 66.0622024536133
738 0 0 0.00557737005874515 66.1622009277344
739 0 0 0.00557737005874515 66.2621994018555
740 0 0 0.00557737005874515 66.3621978759766
741 0 0 0.00557737005874515 66.4621963500977
742 0 0 0.00557737005874515 66.5622024536133
743 0 0 0.00557737005874515 66.6622009277344
744 0 0 0.00557737005874515 66.7621994018555
745 0 0 0.00557737005874515 66.8621978759766
746 0 0 0.00557737005874515 66.9621963500977
747 0 0 0.00557737005874515 67.0622024536133
748 0 0 0.00557737005874515 67.1622009277344
749 0 0 0.00557737005874515 67.2621994018555
750 16 24 0.00557737005874515 67.3621978759766
751 0 0 0.00557737005874515 67.4621963500977
752 0 0 0.00557737005874515 67.5622024536133
753 0 0 0.00557737983763218 67.6622009277344
754 0 0 0.00557737983763218 67.7621994018555
755 0 0 0.00557737983763218 67.8621978759766
756 0 0 0.00557737983763218 67.9621963500977
757 0 0 0.00557737983763218 68.0622024536133
758 0 0 0.00557737983763218 68.1622009277344
759 0 0 0.00557737983763218 68.2621994018555
760 0 0 0.00557737983763218 68.3621978759766
761 0 0 0.00557737983763218 68.4621963500977
762 0 0 0.00557737983763218 68.5622024536133
763 0 0 0.00557737983763218 68.6622009277344
764 0 0 0.00557737983763218 68.7621994018555
765 0 0 0.00557737983763218 68.8621978759766
766 0 0 0.00557737983763218 68.9621963500977
767 0 0 0.00557737983763218 69.0622024536133
768 0 0 0.00557737983763218 69.1622009277344
769 0 0 0.00557737983763218 69.2621994018555
770 0 0 0.00557737983763218 69.3621978759766
771 0 0 0.00557737983763218 69.4621963500977
772 0 0 0.0055773900821805 69.5622024536133
773 0 0 0.0055773900821805 69.6622009277344
774 0 0 0.0055773900821805 69.7621994018555
775 0 0 0.0055773900821805 69.8621978759766
776 0 0 0.0055773900821805 69.9621963500977
777 0 0 0.0055773900821805 70.0622024536133
778 0 0 0.0055773900821805 70.1622009277344
779 0 0 0.0055773900821805 70.2621994018555
780 0 0 0.0055773900821805 70.3621978759766
781 0 0 0.0055773900821805 70.4621963500977
782 0 0 0.0055773900821805 70.5622024536133
783 0 0 0.0055773900821805 70.6622009277344
784 0 0 0.0055773900821805 70.7621994018555
785 0 0 0.0055773900821805 70.8621978759766
786 0 0 0.0055773900821805 70.9621963500977
787 0 0 0.0055773900821805 71.0622024536133
788 0 0 0.0055773900821805 71.1622009277344
789 0 0 0.0055773900821805 71.2621994018555
790 0 0 0.0055773900821805 71.3621978759766
791 0 0 0.0055773900821805 71.4621963500977
792 0 0 0.0055773900821805 71.5622024536133
793 0 0 0.0055773900821805 71.6622009277344
794 0 0 0.00557739986106753 71.7621994018555
795 0 0 0.00557739986106753 71.8621978759766
796 0 0 0.00557739986106753 71.9621963500977
797 0 0 0.00557739986106753 72.0622024536133
798 0 0 0.00557739986106753 72.1622009277344
799 0 0 0.00557739986106753 72.2621994018555
800 17 24 0.00557739986106753 72.3621978759766
801 0 0 0.00557739986106753 72.4621963500977
802 0 0 0.00557739986106753 72.5622024536133
803 0 0 0.00557739986106753 72.6622009277344
804 0 0 0.00557739986106753 72.7621994018555
805 0 0 0.00557739986106753 72.8621978759766
806 0 0 0.00557739986106753 72.9621963500977
807 0 0 0.00557739986106753 73.0622024536133
808 0 0 0.00557739986106753 73.1622009277344
809 0 0 0.00557739986106753 73.2621994018555
810 0 0 0.00557739986106753 73.3621978759766
811 0 0 0.00557739986106753 73.4621963500977
812 0 0 0.00557739986106753 73.5622024536133
813 0 0 0.00557739986106753 73.6622009277344
814 0 0 0.00557739986106753 73.7621994018555
815 0 0 0.00557739986106753 73.8621978759766
816 0 0 0.00557739986106753 73.9621963500977
817 0 0 0.00557741010561585 74.0622024536133
818 0 0 0.00557741010561585 74.1622009277344
819 0 0 0.00557741010561585 74.2621994018555
820 0 0 0.00557741010561585 74.3621978759766
821 0 0 0.00557741010561585 74.4621963500977
822 0 0 0.00557741010561585 74.5622024536133
823 0 0 0.00557741010561585 74.6622009277344
824 0 0 0.00557741010561585 74.7621994018555
825 0 0 0.00557741010561585 74.8621978759766
826 0 0 0.00557741010561585 74.9621963500977
827 0 0 0.00557741010561585 75.0622024536133
828 0 0 0.00557741010561585 75.1622009277344
829 0 0 0.00557741010561585 75.2621994018555
830 0 0 0.00557741010561585 75.3621978759766
831 0 0 0.00557741010561585 75.4621963500977
832 0 0 0.00557741010561585 75.5622024536133
833 0 0 0.00557741010561585 75.6622009277344
834 0 0 0.00557741010561585 75.7621994018555
835 0 0 0.00557741010561585 75.8621978759766
836 0 0 0.00557741010561585 75.9621963500977
837 0 0 0.00557741010561585 76.0622024536133
838 0 0 0.00557741010561585 76.1622009277344
839 0 0 0.00557741010561585 76.2621994018555
840 0 0 0.00557741010561585 76.3621978759766
841 0 0 0.00557741010561585 76.4621963500977
842 0 0 0.00557741010561585 76.5622024536133
843 0 0 0.00557741988450289 76.6622009277344
844 0 0 0.00557741988450289 76.7621994018555
845 0 0 0.00557741988450289 76.8621978759766
846 0 0 0.00557741988450289 76.9621963500977
847 0 0 0.00557741988450289 77.0622024536133
848 0 0 0.00557741988450289 77.1622009277344
849 0 0 0.00557741988450289 77.2621994018555
850 18 24 0.00557741988450289 77.3621978759766
851 0 0 0.00557741988450289 77.4621963500977
852 0 0 0.00557741988450289 77.5622024536133
853 0 0 0.00557741988450289 77.6622009277344
854 0 0 0.00557741988450289 77.7621994018555
855 0 0 0.00557741988450289 77.8621978759766
856 0 0 0.00557741988450289 77.9621963500977
857 0 0 0.00557741988450289 78.0622024536133
858 0 0 0.00557741988450289 78.1622009277344
859 0 0 0.00557741988450289 78.2621994018555
860 0 0 0.00557741988450289 78.3621978759766
861 0 0 0.00557741988450289 78.4621963500977
862 0 0 0.00557741988450289 78.5622024536133
863 0 0 0.00557741988450289 78.6622009277344
864 0 0 0.00557741988450289 78.7621994018555
865 0 0 0.00557741988450289 78.8621978759766
866 0 0 0.00557741988450289 78.9621963500977
867 0 0 0.00557741988450289 79.0622024536133
868 0 0 0.00557741988450289 79.1622009277344
869 0 0 0.00557741988450289 79.2621994018555
870 0 0 0.00557741988450289 79.3621978759766
871 0 0 0.00557741988450289 79.4621963500977
872 0 0 0.00557741988450289 79.5622024536133
873 0 0 0.00557743012905121 79.6622009277344
874 0 0 0.00557743012905121 79.7621994018555
875 0 0 0.00557743012905121 79.8621978759766
876 0 0 0.00557743012905121 79.9621963500977
877 0 0 0.00557743012905121 80.0622024536133
878 0 0 0.00557743012905121 80.1622009277344
879 0 0 0.00557743012905121 80.2621994018555
880 0 0 0.00557743012905121 80.3621978759766
881 0 0 0.00557743012905121 80.4621963500977
882 0 0 0.00557743012905121 80.5622024536133
883 0 0 0.00557743012905121 80.6622009277344
884 0 0 0.00557743012905121 80.7621994018555
885 0 0 0.00557743012905121 80.8621978759766
886 0 0 0.00557743012905121 80.9621963500977
887 0 0 0.00557743012905121 81.0622024536133
888 0 0 0.00557743012905121 81.1622009277344
889 0 0 0.00557743012905121 81.2621994018555
890 0 0 0.00557743012905121 81.3621978759766
891 0 0 0.00557743012905121 81.4621963500977
892 0 0 0.00557743012905121 81.5622024536133
893 0 0 0.00557743012905121 81.6622009277344
894 0 0 0.00557743012905121 81.7621994018555
895 0 0 0.00557743012905121 81.8621978759766
896 0 0 0.00557743012905121 81.9621963500977
897 0 0 0.00557743012905121 82.0622024536133
898 0 0 0.00557743012905121 82.1622009277344
899 0 0 0.00557743012905121 82.2621994018555
900 19 24 0.00557743012905121 82.3621978759766
901 0 0 0.00557743012905121 82.4621963500977
902 0 0 0.00557743012905121 82.5622024536133
903 0 0 0.00557743012905121 82.6622009277344
904 0 0 0.00557743012905121 82.7621994018555
905 0 0 0.00557743990793824 82.8621978759766
906 0 0 0.00557743990793824 82.9621963500977
907 0 0 0.00557743990793824 83.0622024536133
908 0 0 0.00557743990793824 83.1622009277344
909 0 0 0.00557743990793824 83.2621994018555
910 0 0 0.00557743990793824 83.3621978759766
911 0 0 0.00557743990793824 83.4621963500977
912 0 0 0.00557743990793824 83.5622024536133
913 0 0 0.00557743990793824 83.6622009277344
914 0 0 0.00557743990793824 83.7621994018555
915 0 0 0.00557743990793824 83.8621978759766
916 0 0 0.00557743990793824 83.9621963500977
917 0 0 0.00557743990793824 84.0622024536133
918 0 0 0.00557743990793824 84.1622009277344
919 0 0 0.00557743990793824 84.2621994018555
920 0 0 0.00557743990793824 84.3621978759766
921 0 0 0.00557743990793824 84.4621963500977
922 0 0 0.00557743990793824 84.5622024536133
923 0 0 0.00557743990793824 84.6622009277344
924 0 0 0.00557743990793824 84.7621994018555
925 0 0 0.00557743990793824 84.8621978759766
926 0 0 0.00557743990793824 84.9621963500977
927 0 0 0.00557743990793824 85.0622024536133
928 0 0 0.00557743990793824 85.1622009277344
929 0 0 0.00557743990793824 85.2621994018555
930 0 0 0.00557743990793824 85.3621978759766
931 0 0 0.00557743990793824 85.4621963500977
932 0 0 0.00557743990793824 85.5622024536133
933 0 0 0.00557743990793824 85.6622009277344
934 0 0 0.00557743990793824 85.7621994018555
935 0 0 0.00557743990793824 85.8621978759766
936 0 0 0.00557743990793824 85.9621963500977
937 0 0 0.00557743990793824 86.0622024536133
938 0 0 0.00557743990793824 86.1622009277344
939 0 0 0.00557743990793824 86.2621994018555
940 0 0 0.00557743990793824 86.3621978759766
941 0 0 0.00557743990793824 86.4621963500977
942 0 0 0.00557745015248656 86.5622024536133
943 0 0 0.00557745015248656 86.6622009277344
944 0 0 0.00557745015248656 86.7621994018555
945 0 0 0.00557745015248656 86.8621978759766
946 0 0 0.00557745015248656 86.9621963500977
947 0 0 0.00557745015248656 87.0622024536133
948 0 0 0.00557745015248656 87.1622009277344
949 0 0 0.00557745015248656 87.2621994018555
950 20 24 0.00557745015248656 87.3621978759766
951 0 0 0.00557745015248656 87.4621963500977
952 0 0 0.00557745015248656 87.5622024536133
953 0 0 0.00557745015248656 87.6622009277344
954 0 0 0.00557745015248656 87.7621994018555
955 0 0 0.00557745015248656 87.8621978759766
956 0 0 0.00557745015248656 87.9621963500977
957 0 0 0.00557745015248656 88.0622024536133
958 0 0 0.00557745015248656 88.1622009277344
959 0 0 0.00557745015248656 88.2621994018555
960 0 0 0.00557745015248656 88.3621978759766
961 0 0 0.00557745015248656 88.4621963500977
962 0 0 0.00557745015248656 88.5622024536133
963 0 0 0.00557745015248656 88.6622009277344
964 0 0 0.00557745015248656 88.7621994018555
965 0 0 0.00557745015248656 88.8621978759766
966 0 0 0.00557745015248656 88.9621963500977
967 0 0 0.00557745015248656 89.0622024536133
968 0 0 0.00557745015248656 89.1622009277344
969 0 0 0.00557745015248656 89.2621994018555
970 0 0 0.00557745015248656 89.3621978759766
971 0 0 0.00557745015248656 89.4621963500977
972 0 0 0.00557745015248656 89.5622024536133
973 0 0 0.00557745015248656 89.6622009277344
974 0 0 0.00557745015248656 89.7621994018555
975 0 0 0.00557745015248656 89.8621978759766
976 0 0 0.00557745015248656 89.9621963500977
977 0 0 0.00557745015248656 90.0622024536133
978 0 0 0.00557745015248656 90.1622009277344
979 0 0 0.00557745015248656 90.2621994018555
980 0 0 0.00557745015248656 90.3621978759766
981 0 0 0.00557745015248656 90.4621963500977
982 0 0 0.00557745015248656 90.5622024536133
983 0 0 0.00557745015248656 90.6622009277344
984 0 0 0.00557745015248656 90.7621994018555
985 0 0 0.0055774599313736 90.8621978759766
986 0 0 0.0055774599313736 90.9621963500977
987 0 0 0.0055774599313736 91.0622024536133
988 0 0 0.0055774599313736 91.1622009277344
989 0 0 0.0055774599313736 91.2621994018555
990 0 0 0.0055774599313736 91.3621978759766
991 0 0 0.0055774599313736 91.4621963500977
992 0 0 0.0055774599313736 91.5622024536133
993 0 0 0.0055774599313736 91.6622009277344
994 0 0 0.0055774599313736 91.7621994018555
995 0 0 0.0055774599313736 91.8621978759766
996 0 0 0.0055774599313736 91.9621963500977
997 0 0 0.0055774599313736 92.0622024536133
998 0 0 0.0055774599313736 92.1622009277344
999 0 0 0.0055774599313736 92.2621994018555
1000 21 29 0.0055774599313736 92.3621978759766
