1000 41 29 -0.00546642998233438 90.1676025390625
999 0 0 -0.00546623021364212 90.0675964355469
998 0 0 -0.0054660402238369 89.9675979614258
997 0 0 -0.00546583998948336 89.8675994873047
996 0 0 -0.0054656402207911 89.7676010131836
995 0 0 -0.00546545023098588 89.6676025390625
994 0 0 -0.00546524999663234 89.5675964355469
993 0 0 -0.00546506000682712 89.4675979614258
992 0 0 -0.00546485977247357 89.3675994873047
991 0 0 -0.00546466000378132 89.2676010131836
990 0 0 -0.00546445976942778 89.1676025390625
989 0 0 -0.00546426000073552 89.0675964355469
988 0 0 -0.00546406023204327 88.9675979614258
987 0 0 -0.00546385999768972 88.8675994873047
986 0 0 -0.00546366022899747 88.7676010131836
985 0 0 -0.00546345999464393 88.6676025390625
984 0 0 -0.00546326022595167 88.5675964355469
983 0 0 -0.00546305999159813 88.4675979614258
982 0 0 -0.00546286022290587 88.3675994873047
981 0 0 -0.00546265998855233 88.2676010131836
980 0 0 -0.00546244997531176 88.1676025390625
979 0 0 -0.0054622502066195 88.0675964355469
978 0 0 -0.00546204997226596 87.9675979614258
977 0 0 -0.00546183995902538 87.8675994873047
976 0 0 -0.00546164019033313 87.7676010131836
975 0 0 -0.00546143017709255 87.6676025390625
974 0 0 -0.00546122994273901 87.5675964355469
973 0 0 -0.00546101992949843 87.4675979614258
972 0 0 -0.00546080991625786 87.3675994873047
971 0 0 -0.0054606101475656 87.2676010131836
970 0 0 -0.00546040013432503 87.1676025390625
969 0 0 -0.00546019012108445 87.0675964355469
968 0 0 -0.00545998010784388 86.9675979614258
967 0 0 -0.00545977987349033 86.8675994873047
966 0 0 -0.00545956986024976 86.7676010131836
965 0 0 -0.00545935984700918 86.6676025390625
964 0 0 -0.00545914983376861 86.5675964355469
963 0 0 -0.00545893982052803 86.4675979614258
962 0 0 -0.00545872002840042 86.3675994873047
961 0 0 -0.00545851001515985 86.2676010131836
960 0 0 -0.00545830000191927 86.1676025390625
959 0 0 -0.00545808998867869 86.0675964355469
958 0 0 -0.00545787019655108 85.9675979614258
957 0 0 -0.00545766018331051 85.8675994873047
956 0 0 -0.00545745017006993 85.7676010131836
955 0 0 -0.00545722991228104 85.6676025390625
954 0 0 -0.00545701989904046 85.5675964355469
953 0 0 -0.00545680010691285 85.4675979614258
952 0 0 -0.00545657984912395 85.3675994873047
951 0 0 -0.00545636983588338 85.2676010131836
950 40 24 -0.00545615004375577 85.1676025390625
949 0 0 -0.00545592978596687 85.0675964355469
948 0 0 -0.00545570999383926 84.9675979614258
947 0 0 -0.00545549998059869 84.8675994873047
946 0 0 -0.00545528018847108 84.7676010131836
945 0 0 -0.00545505993068218 84.6676025390625
944 0 0 -0.00545484013855457 84.5675964355469
943 0 0 -0.00545461988076568 84.4675979614258
942 0 0 -0.00545438984408975 84.3675994873047
941 0 0 -0.00545417005196214 84.2676010131836
940 0 0 -0.00545394979417324 84.1676025390625
939 0 0 -0.00545373000204563 84.0675964355469
938 0 0 -0.0054534999653697 83.9675979614258
937 0 0 -0.00545328017324209 83.8675994873047
936 0 0 -0.0054530599154532 83.7676010131836
935 0 0 -0.00545282987877727 83.6676025390625
934 0 0 -0.00545261008664966 83.5675964355469
933 0 0 -0.00545238004997373 83.4675979614258
932 0 0 -0.0054521500132978 83.3675994873047
931 0 0 -0.00545193022117019 83.2676010131836
930 0 0 -0.00545170018449426 83.1676025390625
929 0 0 -0.00545147014781833 83.0675964355469
928 0 0 -0.0054512401111424 82.9675979614258
927 0 0 -0.00545101007446647 82.8675994873047
926 0 0 -0.00545078003779054 82.7676010131836
925 0 0 -0.00545055000111461 82.6676025390625
924 0 0 -0.00545031996443868 82.5675964355469
923 0 0 -0.00545008992776275 82.4675979614258
922 0 0 -0.00544985989108682 82.3675994873047
921 0 0 -0.00544962985441089 82.2676010131836
920 0 0 -0.00544939003884792 82.1676025390625
919 0 0 -0.00544916000217199 82.0675964355469
918 0 0 -0.00544892018660903 81.9675979614258
917 0 0 -0.0054486901499331 81.8675994873047
916 0 0 -0.00544844986870885 81.7676010131836
915 0 0 -0.00544821983203292 81.6676025390625
914 0 0 -0.00544798001646996 81.5675964355469
913 0 0 -0.00544774020090699 81.4675979614258
912 0 0 -0.00544751016423106 81.3675994873047
911 0 0 -0.00544726988300681 81.2676010131836
910 0 0 -0.00544703006744385 81.1676025390625
909 0 0 -0.0054467897862196 81.0675964355469
908 0 0 -0.00544654997065663 80.9675979614258
907 0 0 -0.00544631015509367 80.8675994873047
906 0 0 -0.00544606987386942 80.7676010131836
905 0 0 -0.00544583005830646 80.6676025390625
904 0 0 -0.00544557999819517 80.5675964355469
903 0 0 -0.00544534018263221 80.4675979614258
902 0 0 -0.00544509990140796 80.3675994873047
901 0 0 -0.00544484984129667 80.2676010131836
900 39 24 -0.00544461002573371 80.1676025390625
899 0 0 -0.00544435996562243 80.0675964355469
898 0 0 -0.00544412015005946 79.9675979614258
897 0 0 -0.00544387008994818 79.8675994873047
896 0 0 -0.00544362002983689 79.7676010131836
895 0 0 -0.00544338021427393 79.6676025390625
894 0 0 -0.00544313015416265 79.5675964355469
893 0 0 -0.00544288009405136 79.4675979614258
892 0 0 -0.00544263003394008 79.3675994873047
891 0 0 -0.00544237997382879 79.2676010131836
890 0 0 -0.00544212991371751 79.1676025390625
889 0 0 -0.00544187985360622 79.0675964355469
888 0 0 -0.00544162001460791 78.9675979614258
887 0 0 -0.00544136995449662 78.8675994873047
886 0 0 -0.00544111989438534 78.7676010131836
885 0 0 -0.00544086005538702 78.6676025390625
884 0 0 -0.00544060999527574 78.5675964355469
883 0 0 -0.00544035015627742 78.4675979614258
882 0 0 -0.00544010009616613 78.3675994873047
881 0 0 -0.00543983979150653 78.2676010131836
880 0 0 -0.00543957995250821 78.1676025390625
879 0 0 -0.00543932989239693 78.0675964355469
878 0 0 -0.00543907005339861 77.9675979614258
877 0 0 -0.00543881021440029 77.8675994873047
876 0 0 -0.00543854990974069 77.7676010131836
875 0 0 -0.00543829007074237 77.6676025390625
874 0 0 -0.00543803023174405 77.5675964355469
873 0 0 -0.00543776014819741 77.4675979614258
872 0 0 -0.00543749984353781 77.3675994873047
871 0 0 -0.00543724000453949 77.2676010131836
870 0 0 -0.00543696992099285 77.1676025390625
869 0 0 -0.00543671008199453 77.0675964355469
868 0 0 -0.0054364399984479 76.9675979614258
867 0 0 -0.00543618015944958 76.8675994873047
866 0 0 -0.00543591007590294 76.7676010131836
865 0 0 -0.0054356399923563 76.6676025390625
864 0 0 -0.00543538015335798 76.5675964355469
863 0 0 -0.00543511006981134 76.4675979614258
862 0 0 -0.00543483998626471 76.3675994873047
861 0 0 -0.00543456990271807 76.2676010131836
860 0 0 -0.00543429981917143 76.1676025390625
859 0 0 -0.00543403020128608 76.0675964355469
858 0 0 -0.00543374987319112 75.9675979614258
857 0 0 -0.00543347978964448 75.8675994873047
856 0 0 -0.00543321017175913 75.7676010131836
855 0 0 -0.00543292984366417 75.6676025390625
854 0 0 -0.00543266022577882 75.5675964355469
853 0 0 -0.00543237989768386 75.4675979614258
852 0 0 -0.00543210981413722 75.3675994873047
851 0 0 -0.00543182995170355 75.2676010131836
850 38 24 -0.00543155008926988 75.1676025390625
849 0 0 -0.0054312702268362 75.0675964355469
848 0 0 -0.00543098989874125 74.9675979614258
847 0 0 -0.00543071003630757 74.8675994873047
846 0 0 -0.0054304301738739 74.7676010131836
845 0 0 -0.00543014984577894 74.6676025390625
844 0 0 -0.00542986998334527 74.5675964355469
843 0 0 -0.00542957987636328 74.4675979614258
842 0 0 -0.00542930001392961 74.3675994873047
841 0 0 -0.00542902015149593 74.2676010131836
840 0 0 -0.00542873004451394 74.1676025390625
839 0 0 -0.00542843993753195 74.0675964355469
838 0 0 -0.00542816007509828 73.9675979614258
837 0 0 -0.00542786996811628 73.8675994873047
836 0 0 -0.00542757986113429 73.7676010131836
835 0 0 -0.00542729021981359 73.6676025390625
834 0 0 -0.00542700011283159 73.5675964355469
833 0 0 -0.0054267100058496 73.4675979614258
832 0 0 -0.00542641989886761 73.3675994873047
831 0 0 -0.00542612979188561 73.2676010131836
830 0 0 -0.00542582990601659 73.1676025390625
829 0 0 -0.0054255397990346 73.0675964355469
828 0 0 -0.00542523991316557 72.9675979614258
827 0 0 -0.00542494980618358 72.8675994873047
826 0 0 -0.00542464992031455 72.7676010131836
825 0 0 -0.00542435981333256 72.6676025390625
824 0 0 -0.00542405992746353 72.5675964355469
823 0 0 -0.00542376004159451 72.4675979614258
822 0 0 -0.00542346015572548 72.3675994873047
821 0 0 -0.00542315980419517 72.2676010131836
820 0 0 -0.00542285991832614 72.1676025390625
819 0 0 -0.00542256003245711 72.0675964355469
818 0 0 -0.00542224990203977 71.9675979614258
817 0 0 -0.00542195001617074 71.8675994873047
816 0 0 -0.00542163988575339 71.7676010131836
815 0 0 -0.00542133999988437 71.6676025390625
814 0 0 -0.00542102986946702 71.5675964355469
813 0 0 -0.00542072998359799 71.4675979614258
812 0 0 -0.00542041985318065 71.3675994873047
811 0 0 -0.00542011018842459 71.2676010131836
810 0 0 -0.00541980005800724 71.1676025390625
809 0 0 -0.00541948992758989 71.0675964355469
808 0 0 -0.00541917979717255 70.9675979614258
807 0 0 -0.00541887013241649 70.8675994873047
806 0 0 -0.00541855022311211 70.7676010131836
805 0 0 -0.00541824009269476 70.6676025390625
804 0 0 -0.00541792018339038 70.5675964355469
803 0 0 -0.00541761005297303 70.4675979614258
802 0 0 -0.00541729014366865 70.3675994873047
801 0 0 -0.00541696976870298 70.2676010131836
800 37 24 -0.0054166498593986 70.1676025390625
799 0 0 -0.00541634019464254 70.0675964355469
798 0 0 -0.00541601981967688 69.9675979614258
797 0 0 -0.00541569013148546 69.8675994873047
796 0 0 -0.00541537022218108 69.7676010131836
795 0 0 -0.00541504984721541 69.6676025390625
794 0 0 -0.00541472993791103 69.5675964355469
793 0 0 -0.00541439978405833 69.4675979614258
792 0 0 -0.00541407009586692 69.3675994873047
791 0 0 -0.00541375018656254 69.2676010131836
790 0 0 -0.00541342003270984 69.1676025390625
789 0 0 -0.00541308987885714 69.0675964355469
788 0 0 -0.00541276019066572 68.9675979614258
787 0 0 -0.00541243003681302 68.8675994873047
786 0 0 -0.00541209988296032 68.7676010131836
785 0 0 -0.00541177019476891 68.6676025390625
784 0 0 -0.0054114400409162 68.5675964355469
783 0 0 -0.00541110010817647 68.4675979614258
782 0 0 -0.00541076995432377 68.3675994873047
781 0 0 -0.00541043002158403 68.2676010131836
780 0 0 -0.0054100900888443 68.1676025390625
779 0 0 -0.00540975015610456 68.0675964355469
778 0 0 -0.00540942000225186 67.9675979614258
777 0 0 -0.00540908006951213 67.8675994873047
776 0 0 -0.00540872989222407 67.7676010131836
775 0 0 -0.00540838995948434 67.6676025390625
774 0 0 -0.0054080500267446 67.5675964355469
773 0 0 -0.00540771009400487 67.4675979614258
772 0 0 -0.00540735991671681 67.3675994873047
771 0 0 -0.00540701020509005 67.2676010131836
770 0 0 -0.00540666980668902 67.1676025390625
769 0 0 -0.00540632009506226 67.0675964355469
768 0 0 -0.0054059699177742 66.9675979614258
767 0 0 -0.00540562020614743 66.8675994873047
766 0 0 -0.00540527002885938 66.7676010131836
765 0 0 -0.00540491985157132 66.6676025390625
764 0 0 -0.00540455989539623 66.5675964355469
763 0 0 -0.00540421018376946 66.4675979614258
762 0 0 -0.00540385022759438 66.3675994873047
761 0 0 -0.00540350005030632 66.2676010131836
760 0 0 -0.00540314009413123 66.1676025390625
759 0 0 -0.00540278013795614 66.0675964355469
758 0 0 -0.00540242018178105 65.9675979614258
757 0 0 -0.00540206022560596 65.8675994873047
756 0 0 -0.00540169980376959 65.7676010131836
755 0 0 -0.0054013398475945 65.6676025390625
754 0 0 -0.00540097011253238 65.5675964355469
753 0 0 -0.00540061015635729 65.4675979614258
752 0 0 -0.00540023995563388 65.3675994873047
751 0 0 -0.00539987022057176 65.2676010131836
750 36 24 -0.00539950001984835 65.1676025390625
749 0 0 -0.00539914006367326 65.0675964355469
748 0 0 -0.00539876008406281 64.9675979614258
747 0 0 -0.00539838988333941 64.8675994873047
746 0 0 -0.00539802014827728 64.7676010131836
745 0 0 -0.00539764994755387 64.6676025390625
744 0 0 -0.00539726996794343 64.5675964355469
743 0 0 -0.00539688998833299 64.4675979614258
742 0 0 -0.00539651978760958 64.3675994873047
741 0 0 -0.00539613980799913 64.2676010131836
740 0 0 -0.00539575982838869 64.1676025390625
739 0 0 -0.00539537984877825 64.0675964355469
738 0 0 -0.0053949998691678 63.967601776123
737 0 0 -0.00539461011067033 63.8675994873047
736 0 0 -0.00539423013105989 63.7676010131836
735 0 0 -0.00539383990690112 63.6675987243652
734 0 0 -0.00539345992729068 63.5676002502441
733 0 0 -0.0053930701687932 63.467601776123
732 0 0 -0.00539267994463444 63.3675994873047
731 0 0 -0.00539229018613696 63.2676010131836
730 0 0 -0.0053918999619782 63.1675987243652
729 0 0 -0.0053914999589324 63.0676002502441
728 0 0 -0.00539111020043492 62.967601776123
727 0 0 -0.00539071019738913 62.8675994873047
726 0 0 -0.00539031997323036 62.7676010131836
725 0 0 -0.00538991997018456 62.6675987243652
724 0 0 -0.00538951996713877 62.5676002502441
723 0 0 -0.00538911996409297 62.467601776123
722 0 0 -0.00538871996104717 62.3675994873047
721 0 0 -0.00538831017911434 62.2676010131836
720 0 0 -0.00538791017606854 62.1675987243652
719 0 0 -0.00538749992847443 62.0676002502441
718 0 0 -0.00538709992542863 61.967601776123
717 0 0 -0.0053866901434958 61.8675994873047
716 0 0 -0.00538627989590168 61.7676010131836
715 0 0 -0.00538587011396885 61.6675987243652
714 0 0 -0.00538545986637473 61.5676002502441
713 0 0 -0.00538503983989358 61.467601776123
712 0 0 -0.00538463005796075 61.3675994873047
711 0 0 -0.0053842100314796 61.2676010131836
710 0 0 -0.00538379978388548 61.1675987243652
709 0 0 -0.00538338022306561 61.0676002502441
708 0 0 -0.00538296019658446 60.967601776123
707 0 0 -0.00538254017010331 60.8675994873047
706 0 0 -0.00538210989907384 60.7676010131836
705 0 0 -0.00538168987259269 60.6675987243652
704 0 0 -0.0053812600672245 60.5676002502441
703 0 0 -0.00538084004074335 60.467601776123
702 0 0 -0.00538040976971388 60.3675994873047
701 0 0 -0.00537997996434569 60.2676010131836
700 35 24 -0.00537955015897751 60.1675987243652
699 0 0 -0.005379110109061 60.0676002502441
698 0 0 -0.00537867983803153 59.967601776123
697 0 0 -0.00537823978811502 59.8675994873047
696 0 0 -0.00537780998274684 59.7676010131836
695 0 0 -0.00537736993283033 59.6675987243652
694 0 0 -0.00537692988291383 59.5676002502441
693 0 0 -0.00537648983299732 59.467601776123
692 0 0 -0.00537604978308082 59.3675994873047
691 0 0 -0.00537559995427728 59.2676010131836
690 0 0 -0.00537515990436077 59.1675987243652
689 0 0 -0.00537471007555723 59.0676002502441
688 0 0 -0.00537425978109241 58.967601776123
687 0 0 -0.00537380995228887 58.8675994873047
686 0 0 -0.00537336012348533 58.7676010131836
685 0 0 -0.0053729098290205 58.6675987243652
684 0 0 -0.00537245022132993 58.5676002502441
683 0 0 -0.0053719999268651 58.467601776123
682 0 0 -0.00537153985351324 58.3675994873047
681 0 0 -0.00537107978016138 58.2676010131836
680 0 0 -0.00537062017247081 58.1675987243652
679 0 0 -0.00537016009911895 58.0676002502441
678 0 0 -0.00536968978121877 57.967601776123
677 0 0 -0.00536923017352819 57.8675994873047
676 0 0 -0.00536875985562801 57.7676010131836
675 0 0 -0.00536829000338912 57.6675987243652
674 0 0 -0.00536782015115023 57.5676002502441
673 0 0 -0.00536734983325005 57.467601776123
672 0 0 -0.00536687020212412 57.3675994873047
671 0 0 -0.00536639988422394 57.2676010131836
670 0 0 -0.00536591978743672 57.1675987243652
669 0 0 -0.0053654401563108 57.0676002502441
668 0 0 -0.00536496005952358 56.967601776123
667 0 0 -0.00536447996273637 56.8675994873047
666 0 0 -0.00536399986594915 56.7676010131836
665 0 0 -0.00536350999027491 56.6675987243652
664 0 0 -0.00536302989348769 56.5676002502441
663 0 0 -0.00536254001781344 56.467601776123
662 0 0 -0.0053620501421392 56.3675994873047
661 0 0 -0.00536155980080366 56.2676010131836
660 0 0 -0.00536106014624238 56.1675987243652
659 0 0 -0.00536056980490685 56.0676002502441
658 0 0 -0.00536007015034556 55.967601776123
657 0 0 -0.005359570030123 55.8675994873047
656 0 0 -0.00535906990990043 55.7676010131836
655 0 0 -0.00535856978967786 55.6675987243652
654 0 0 -0.00535805989056826 55.5676002502441
653 0 0 -0.00535755977034569 55.467601776123
652 0 0 -0.00535704987123609 55.3675994873047
651 0 0 -0.00535653997212648 55.2676010131836
650 34 24 -0.00535603007301688 55.1675987243652
649 0 0 -0.00535552017390728 55.0676002502441
648 0 0 -0.00535500003024936 54.967601776123
647 0 0 -0.00535447988659143 54.8675994873047
646 0 0 -0.0053539602085948 54.7676010131836
645 0 0 -0.00535344006493688 54.6675987243652
644 0 0 -0.00535291992127895 54.5676002502441
643 0 0 -0.00535239977762103 54.467601776123
642 0 0 -0.00535186985507607 54.3675994873047
641 0 0 -0.00535133993253112 54.2676010131836
640 0 0 -0.00535081000998616 54.1675987243652
639 0 0 -0.00535028008744121 54.0676002502441
638 0 0 -0.00534975016489625 53.967601776123
637 0 0 -0.00534920999780297 53.8675994873047
636 0 0 -0.0053486698307097 53.7676010131836
635 0 0 -0.00534813012927771 53.6675987243652
634 0 0 -0.00534758996218443 53.5676002502441
633 0 0 -0.00534704979509115 53.467601776123
632 0 0 -0.00534649984911084 53.3675994873047
631 0 0 -0.00534594990313053 53.2676010131836
630 0 0 -0.00534539995715022 53.1675987243652
629 0 0 -0.00534485001116991 53.0676002502441
628 0 0 -0.0053443000651896 52.967601776123
627 0 0 -0.00534373987466097 52.8675994873047
626 0 0 -0.00534318014979362 52.7676010131836
625 0 0 -0.00534261995926499 52.6675987243652
624 0 0 -0.00534205976873636 52.5676002502441
623 0 0 -0.00534150004386902 52.467601776123
622 0 0 -0.00534093007445335 52.3675994873047
621 0 0 -0.00534036010503769 52.2676010131836
620 0 0 -0.00533979013562202 52.1675987243652
619 0 0 -0.00533922016620636 52.0676002502441
618 0 0 -0.00533863995224237 51.967601776123
617 0 0 -0.00533806020393968 51.8675994873047
616 0 0 -0.00533748976886272 51.7676010131836
615 0 0 -0.00533689977601171 51.6675987243652
614 0 0 -0.00533632002770901 51.5676002502441
613 0 0 -0.00533573003485799 51.467601776123
612 0 0 -0.005335149820894 51.3675994873047
611 0 0 -0.00533455004915595 51.2676010131836
610 0 0 -0.00533396005630493 51.1675987243652
609 0 0 -0.00533337006345391 51.0676002502441
608 0 0 -0.00533276982605457 50.967601776123
607 0 0 -0.00533217005431652 50.8675994873047
606 0 0 -0.00533156981691718 50.7676010131836
605 0 0 -0.00533095980063081 50.6675987243652
604 0 0 -0.00533036002889276 50.5676002502441
603 0 0 -0.00532975001260638 50.467601776123
602 0 0 -0.00532913021743298 50.3675994873047
601 0 0 -0.0053285202011466 50.2676010131836
600 33 24 -0.00532789994031191 50.1675987243652
599 0 0 -0.00532728992402554 50.0676002502441
598 0 0 -0.00532665988430381 49.967601776123
597 0 0 -0.0053260400891304 49.8675994873047
596 0 0 -0.00532541004940867 49.7676010131836
595 0 0 -0.00532478978857398 49.6675987243652
594 0 0 -0.00532414996996522 49.5676002502441
593 0 0 -0.00532351993024349 49.467601776123
592 0 0 -0.00532288011163473 49.3675994873047
591 0 0 -0.005322250071913 49.2676010131836
590 0 0 -0.00532160978764296 49.1675987243652
589 0 0 -0.00532096019014716 49.0676002502441
588 0 0 -0.00532031012699008 48.967601776123
587 0 0 -0.00531966984272003 48.8675994873047
586 0 0 -0.00531901000067592 48.7676010131836
585 0 0 -0.00531835993751884 48.6675987243652
584 0 0 -0.00531770009547472 48.5676002502441
583 0 0 -0.00531703978776932 48.467601776123
582 0 0 -0.0053163799457252 48.3675994873047
581 0 0 -0.00531572010368109 48.2676010131836
580 0 0 -0.00531505001708865 48.1675987243652
579 0 0 -0.00531437993049622 48.0676002502441
578 0 0 -0.00531370984390378 47.967601776123
577 0 0 -0.00531302997842431 47.8675994873047
576 0 0 -0.00531235011294484 47.7676010131836
575 0 0 -0.00531166978180408 47.6675987243652
574 0 0 -0.00531098991632462 47.5676002502441
573 0 0 -0.00531029980629683 47.467601776123
572 0 0 -0.00530961016193032 47.3675994873047
571 0 0 -0.00530892005190253 47.2676010131836
570 0 0 -0.00530822016298771 47.1675987243652
569 0 0 -0.0053075198084116 47.0676002502441
568 0 0 -0.00530681991949677 46.967601776123
567 0 0 -0.00530612003058195 46.8675994873047
566 0 0 -0.00530540989711881 46.7676010131836
565 0 0 -0.00530470022931695 46.6675987243652
564 0 0 -0.00530397985130548 46.5676002502441
563 0 0 -0.00530327018350363 46.467601776123
562 0 0 -0.00530254980549216 46.3675994873047
561 0 0 -0.00530182989314198 46.2676010131836
560 0 0 -0.00530110020190477 46.1675987243652
559 0 0 -0.00530037004500628 46.0676002502441
558 0 0 -0.00529963988810778 45.967601776123
557 0 0 -0.00529891019687057 45.8675994873047
556 0 0 -0.00529816979542375 45.7676010131836
555 0 0 -0.00529742985963821 45.6675987243652
554 0 0 -0.00529668014496565 45.5676002502441
553 0 0 -0.0052959299646318 45.467601776123
552 0 0 -0.00529517978429794 45.3675994873047
551 0 0 -0.00529443006962538 45.2676010131836
550 32 24 -0.00529367011040449 45.1675987243652
549 0 0 -0.00529291015118361 45.0676002502441
548 0 0 -0.00529215019196272 44.967601776123
547 0 0 -0.00529137998819351 44.8675994873047
546 0 0 -0.0052906097844243 44.7676010131836
545 0 0 -0.00528984004631639 44.6675987243652
544 0 0 -0.00528906006366014 44.5676002502441
543 0 0 -0.0052882800810039 44.467601776123
542 0 0 -0.00528748985379934 44.3675994873047
541 0 0 -0.00528670009225607 44.2676010131836
540 0 0 -0.00528590986505151 44.1675987243652
539 0 0 -0.00528512010350823 44.0676002502441
538 0 0 -0.00528432009741664 43.967601776123
537 0 0 -0.00528352009132504 43.8675994873047
536 0 0 -0.00528270984068513 43.7676010131836
535 0 0 -0.0052819000557065 43.6675987243652
534 0 0 -0.00528108980506659 43.5676002502441
533 0 0 -0.00528026977553964 43.467601776123
532 0 0 -0.00527945021167397 43.3675994873047
531 0 0 -0.00527863018214703 43.2676010131836
530 0 0 -0.00527779990807176 43.1675987243652
529 0 0 -0.00527697009965777 43.0676002502441
528 0 0 -0.0052761398255825 42.967601776123
527 0 0 -0.0052752997726202 42.8675994873047
526 0 0 -0.00527444994077086 42.7676010131836
525 0 0 -0.00527360988780856 42.6675987243652
524 0 0 -0.00527276005595922 42.5676002502441
523 0 0 -0.00527189997956157 42.467601776123
522 0 0 -0.00527103990316391 42.3675994873047
521 0 0 -0.00527017982676625 42.2676010131836
520 0 0 -0.00526930997148156 42.1675987243652
519 0 0 -0.00526844011619687 42.0676002502441
518 0 0 -0.00526756979525089 41.967601776123
517 0 0 -0.00526669016107917 41.8675994873047
516 0 0 -0.00526581006124616 41.7676010131836
515 0 0 -0.00526492018252611 41.6675987243652
514 0 0 -0.00526402983814478 41.5676002502441
513 0 0 -0.0052631301805377 41.467601776123
512 0 0 -0.00526223005726933 41.3675994873047
511 0 0 -0.00526132993400097 41.2676010131836
510 0 0 -0.00526042003184557 41.1675987243652
509 0 0 -0.00525951012969017 41.0676002502441
508 0 0 -0.00525858998298645 40.967601776123
507 0 0 -0.00525766983628273 40.8675994873047
506 0 0 -0.0052567501552403 40.7676010131836
505 0 0 -0.00525582022964954 40.6675987243652
504 0 0 -0.00525488005951047 40.5676002502441
503 0 0 -0.0052539398893714 40.467601776123
502 0 0 -0.00525300018489361 40.3675994873047
501 0 0 -0.00525204977020621 40.2676010131836
500 31 24 -0.00525109982118011 40.1675987243652
499 0 0 -0.00525014009326696 40.0676002502441
498 0 0 -0.00524917989969254 39.967601776123
497 0 0 -0.00524820992723107 39.8675994873047
496 0 0 -0.00524723995476961 39.7676010131836
495 0 0 -0.00524626020342112 39.6675987243652
494 0 0 -0.00524527998641133 39.5676002502441
493 0 0 -0.00524428999051452 39.467601776123
492 0 0 -0.0052432999946177 39.3675994873047
491 0 0 -0.00524230999872088 39.2676010131836
490 0 0 -0.00524129997938871 39.1675987243652
489 0 0 -0.00524030020460486 39.0676002502441
488 0 0 -0.00523929018527269 38.967601776123
487 0 0 -0.0052382699213922 38.8675994873047
486 0 0 -0.005237250123173 38.7676010131836
485 0 0 -0.00523622008040547 38.6675987243652
484 0 0 -0.00523519003763795 38.5676002502441
483 0 0 -0.00523415021598339 38.467601776123
482 0 0 -0.00523310992866755 38.3675994873047
481 0 0 -0.00523205986246467 38.2676010131836
480 0 0 -0.00523100979626179 38.1675987243652
479 0 0 -0.00522994995117188 38.0676002502441
478 0 0 -0.00522889010608196 37.967601776123
477 0 0 -0.00522782001644373 37.8675994873047
476 0 0 -0.00522674014791846 37.7676010131836
475 0 0 -0.00522565981373191 37.6675987243652
474 0 0 -0.00522457994520664 37.5676002502441
473 0 0 -0.00522348983213305 37.467601776123
472 0 0 -0.00522238994017243 37.3675994873047
471 0 0 -0.00522129004821181 37.2676010131836
470 0 0 -0.00522017991170287 37.1675987243652
469 0 0 -0.0052190599963069 37.0676002502441
468 0 0 -0.00521794008091092 36.967601776123
467 0 0 -0.00521680992096663 36.8675994873047
466 0 0 -0.00521568022668362 36.7676010131836
465 0 0 -0.005214539822191 36.6675987243652
464 0 0 -0.00521339988335967 36.5676002502441
463 0 0 -0.00521225016564131 36.467601776123
462 0 0 -0.00521109020337462 36.3675994873047
461 0 0 -0.00520992977544665 36.2676010131836
460 0 0 -0.00520876003429294 36.1675987243652
459 0 0 -0.0052075800485909 36.0676002502441
458 0 0 -0.00520640006288886 35.967601776123
457 0 0 -0.0052052098326385 35.8675994873047
456 0 0 -0.00520400982350111 35.7676010131836
455 0 0 -0.00520280981436372 35.6675987243652
454 0 0 -0.00520160002633929 35.5676002502441
453 0 0 -0.00520038977265358 35.467601776123
452 0 0 -0.00519917020574212 35.3675994873047
451 0 0 -0.00519793992862105 35.2676010131836
450 30 24 -0.00519669987261295 35.1675987243652
449 0 0 -0.00519545981660485 35.0676002502441
448 0 0 -0.00519420998170972 34.967601776123
447 0 0 -0.00519294990226626 34.8675994873047
446 0 0 -0.00519168982282281 34.7676010131836
445 0 0 -0.00519041996449232 34.6675987243652
444 0 0 -0.00518913986161351 34.5676002502441
443 0 0 -0.00518786022439599 34.467601776123
442 0 0 -0.00518656009808183 34.3675994873047
441 0 0 -0.00518525997176766 34.2676010131836
440 0 0 -0.0051839598454535 34.1675987243652
439 0 0 -0.00518264016136527 34.0676002502441
438 0 0 -0.00518132001161575 33.967601776123
437 0 0 -0.0051799900829792 33.8675994873047
436 0 0 -0.00517864990979433 33.7676010131836
435 0 0 -0.00517731020227075 33.6675987243652
434 0 0 -0.00517595978453755 33.5676002502441
433 0 0 -0.00517458980903029 33.467601776123
432 0 0 -0.00517323007807136 33.3675994873047
431 0 0 -0.00517184985801578 33.2676010131836
430 0 0 -0.00517045985907316 33.1675987243652
429 0 0 -0.00516906986013055 33.0676002502441
428 0 0 -0.0051676700823009 32.967601776123
427 0 0 -0.00516626005992293 32.8675994873047
426 0 0 -0.00516483979299664 32.7676010131836
425 0 0 -0.00516341999173164 32.6675987243652
424 0 0 -0.00516198016703129 32.5676002502441
423 0 0 -0.00516053987666965 32.467601776123
422 0 0 -0.00515908002853394 32.3675994873047
421 0 0 -0.00515762018039823 32.2676010131836
420 0 0 -0.0051561500877142 32.1675987243652
419 0 0 -0.00515467021614313 32.0676002502441
418 0 0 -0.00515318987891078 31.9675998687744
417 0 0 -0.00515168998390436 31.8675994873047
416 0 0 -0.00515017984434962 31.767599105835
415 0 0 -0.00514867017045617 31.6676006317139
414 0 0 -0.00514714000746608 31.5676002502441
413 0 0 -0.00514560984447598 31.4675998687744
412 0 0 -0.00514406012371182 31.3675994873047
411 0 0 -0.00514250993728638 31.267599105835
410 0 0 -0.0051409499719739 31.1676006317139
409 0 0 -0.00513936998322606 31.0676002502441
408 0 0 -0.00513778999447823 30.9675998687744
407 0 0 -0.00513620022684336 30.8675994873047
406 0 0 -0.00513460021466017 30.767599105835
405 0 0 -0.00513298017904162 30.6676006317139
404 0 0 -0.00513136014342308 30.5676002502441
403 0 0 -0.00512972008436918 30.4675998687744
402 0 0 -0.00512808002531528 30.3675994873047
401 0 0 -0.00512643018737435 30.267599105835
400 29 24 -0.00512475986033678 30.1676006317139
399 0 0 -0.00512308022007346 30.0676002502441
398 0 0 -0.00512140011414886 29.9675998687744
397 0 0 -0.00511969998478889 29.8675994873047
396 0 0 -0.0051179900765419 29.767599105835
395 0 0 -0.00511626992374659 29.6676006317139
394 0 0 -0.00511453999206424 29.5676002502441
393 0 0 -0.00511279003694654 29.4675998687744
392 0 0 -0.00511104008182883 29.3675994873047
391 0 0 -0.00510927010327578 29.267599105835
390 0 0 -0.0051074898801744 29.1676006317139
389 0 0 -0.00510569987818599 29.0676002502441
388 0 0 -0.00510390009731054 28.9675998687744
387 0 0 -0.00510209007188678 28.8675994873047
386 0 0 -0.00510026002302766 28.767599105835
385 0 0 -0.00509842019528151 28.6676006317139
384 0 0 -0.00509657012298703 28.5676002502441
383 0 0 -0.0050947000272572 28.4675998687744
382 0 0 -0.00509282993152738 28.3675994873047
381 0 0 -0.00509093981236219 28.267599105835
380 0 0 -0.00508903013542295 28.1676006317139
379 0 0 -0.00508711999282241 28.0676002502441
378 0 0 -0.00508518982678652 27.9675998687744
377 0 0 -0.00508324988186359 27.8675994873047
376 0 0 -0.00508128991350532 27.767599105835
375 0 0 -0.00507932016626 27.6676006317139
374 0 0 -0.00507732992991805 27.5676002502441
373 0 0 -0.00507534015923738 27.4675998687744
372 0 0 -0.00507332012057304 27.3675994873047
371 0 0 -0.0050713000819087 27.267599105835
370 0 0 -0.00506926001980901 27.1676006317139
369 0 0 -0.00506719993427396 27.0676002502441
368 0 0 -0.00506513006985188 26.9675998687744
367 0 0 -0.00506304018199444 26.8675994873047
366 0 0 -0.00506094004958868 26.767599105835
365 0 0 -0.00505883013829589 26.6676006317139
364 0 0 -0.00505670020356774 26.5676002502441
363 0 0 -0.00505454977974296 26.4675998687744
362 0 0 -0.0050523797981441 26.3675994873047
361 0 0 -0.00505020981654525 26.267599105835
360 0 0 -0.00504801003262401 26.1676006317139
359 0 0 -0.00504580000415444 26.0676002502441
358 0 0 -0.00504356995224953 25.9675998687744
357 0 0 -0.00504133012145758 25.8675994873047
356 0 0 -0.00503906002268195 25.767599105835
355 0 0 -0.00503678992390633 25.6676006317139
354 0 0 -0.00503449002280831 25.5676002502441
353 0 0 -0.00503217987716198 25.4675998687744
352 0 0 -0.00502985017374158 25.3675994873047
351 0 0 -0.00502749998122454 25.267599105835
350 28 24 -0.00502513023093343 25.1676006317139
349 0 0 -0.00502273999154568 25.0676002502441
348 0 0 -0.00502033997327089 24.9675998687744
347 0 0 -0.00501791993156075 24.8675994873047
346 0 0 -0.00501547986641526 24.767599105835
345 0 0 -0.00501300999894738 24.6676006317139
344 0 0 -0.00501052988693118 24.5676002502441
343 0 0 -0.00500803021714091 24.4675998687744
342 0 0 -0.005005510058254 24.3675994873047
341 0 0 -0.00500296987593174 24.267599105835
340 0 0 -0.00500041013583541 24.1676006317139
339 0 0 -0.00499782990664244 24.0676002502441
338 0 0 -0.0049952301196754 23.9675998687744
337 0 0 -0.00499260984361172 23.8675994873047
336 0 0 -0.00498996023088694 23.767599105835
335 0 0 -0.00498729990795255 23.6676006317139
334 0 0 -0.00498460978269577 23.5676002502441
333 0 0 -0.00498190009966493 23.4675998687744
332 0 0 -0.00497916992753744 23.3675994873047
331 0 0 -0.00497640995308757 23.267599105835
330 0 0 -0.00497364019975066 23.1676006317139
329 0 0 -0.00497082993388176 23.0676002502441
328 0 0 -0.00496800988912582 22.9675998687744
327 0 0 -0.0049651600420475 22.8675994873047
326 0 0 -0.00496229017153382 22.767599105835
325 0 0 -0.00495939003303647 22.6676006317139
324 0 0 -0.00495646987110376 22.5676002502441
323 0 0 -0.00495351990684867 22.4675998687744
322 0 0 -0.00495054991915822 22.3675994873047
321 0 0 -0.00494755012914538 22.267599105835
320 0 0 -0.00494452007114887 22.1676006317139
319 0 0 -0.00494146998971701 22.0676002502441
318 0 0 -0.00493839010596275 21.9675998687744
317 0 0 -0.00493529019877315 21.8675994873047
316 0 0 -0.00493214977905154 21.767599105835
315 0 0 -0.00492898980155587 21.6676006317139
314 0 0 -0.00492580002173781 21.5676002502441
313 0 0 -0.0049225902184844 21.4675998687744
312 0 0 -0.00491933990269899 21.3675994873047
311 0 0 -0.0049160597845912 21.267599105835
310 0 0 -0.00491276010870934 21.1676006317139
309 0 0 -0.00490941992029548 21.0676002502441
308 0 0 -0.00490604992955923 20.9675998687744
307 0 0 -0.0049026501365006 20.8675994873047
306 0 0 -0.00489922007545829 20.767599105835
305 0 0 -0.00489576021209359 20.6676006317139
304 0 0 -0.00489227008074522 20.5676002502441
303 0 0 -0.00488873990252614 20.4675998687744
302 0 0 -0.00488517992198467 20.3675994873047
301 0 0 -0.0048815798945725 20.267599105835
300 27 24 -0.00487795006483793 20.1676998138428
299 0 0 -0.00487428996711969 20.067699432373
298 0 0 -0.00487058982253075 19.9676990509033
297 0 0 -0.00486685987561941 19.8677005767822
296 0 0 -0.00486308010295033 19.7677001953125
295 0 0 -0.00485927984118462 19.6676998138428
294 0 0 -0.00485543021932244 19.567699432373
293 0 0 -0.00485154986381531 19.4676990509033
292 0 0 -0.00484762014821172 19.3677005767822
291 0 0 -0.00484366016462445 19.2677001953125
290 0 0 -0.00483966013416648 19.1676998138428
289 0 0 -0.0048356200568378 19.067699432373
288 0 0 -0.00483153015375137 18.9676990509033
287 0 0 -0.00482740998268127 18.8677005767822
286 0 0 -0.00482323998585343 18.7677001953125
285 0 0 -0.00481902994215488 18.6676998138428
284 0 0 -0.00481477985158563 18.567699432373
283 0 0 -0.00481047993525863 18.4676990509033
282 0 0 -0.00480613997206092 18.3677005767822
281 0 0 -0.00480175018310547 18.2677001953125
280 0 0 -0.00479731988161802 18.1676998138428
279 0 0 -0.0047928299754858 18.067699432373
278 0 0 -0.00478830002248287 17.9676990509033
277 0 0 -0.00478373002260923 17.8677005767822
276 0 0 -0.00477909995242953 17.7677001953125
275 0 0 -0.00477442005649209 17.6676998138428
274 0 0 -0.00476968986913562 17.567699432373
273 0 0 -0.0047649098560214 17.4676990509033
272 0 0 -0.00476006977260113 17.3677005767822
271 0 0 -0.00475519010797143 17.2677001953125
270 0 0 -0.00475024012848735 17.1676998138428
269 0 0 -0.00474525010213256 17.067699432373
268 0 0 -0.00474019022658467 16.9676990509033
267 0 0 -0.00473508005961776 16.8677005767822
266 0 0 -0.00472990982234478 16.7677001953125
265 0 0 -0.00472467998042703 16.6676998138428
264 0 0 -0.00471939006820321 16.567699432373
263 0 0 -0.00471404008567333 16.4676990509033
262 0 0 -0.00470861978828907 16.3677005767822
261 0 0 -0.00470313988626003 16.2677001953125
260 0 0 -0.00469759991392493 16.1676998138428
259 0 0 -0.00469199009239674 16.067699432373
258 0 0 -0.00468632020056248 15.9677000045776
257 0 0 -0.0046805702149868 15.8676996231079
256 0 0 -0.00467476015910506 15.7677001953125
255 0 0 -0.00466887000948191 15.6676998138428
254 0 0 -0.00466291001066566 15.5677003860474
253 0 0 -0.00465688016265631 15.4677000045776
252 0 0 -0.00465077999979258 15.3676996231079
251 0 0 -0.00464458996430039 15.2677001953125
250 26 24 -0.00463833007961512 15.167799949646
249 0 0 -0.00463199010118842 15.0677995681763
248 0 0 -0.00462557002902031 14.9678001403809
247 0 0 -0.00461906986311078 14.8677997589111
246 0 0 -0.0046124798245728 14.7678003311157
245 0 0 -0.00460581015795469 14.667799949646
244 0 0 -0.00459905015304685 14.5677995681763
243 0 0 -0.00459219980984926 14.4678001403809
242 0 0 -0.00458526005968451 14.3677997589111
241 0 0 -0.00457822997123003 14.2678003311157
240 0 0 -0.00457110023126006 14.167799949646
239 0 0 -0.00456388015300035 14.0677995681763
238 0 0 -0.00455655995756388 13.9678001403809
237 0 0 -0.00454912986606359 13.8677997589111
236 0 0 -0.00454160990193486 13.7678003311157
235 0 0 -0.00453398004174232 13.667799949646
234 0 0 -0.0045262398198247 13.5677995681763
233 0 0 -0.00451839016750455 13.4678001403809
232 0 0 -0.00451043993234634 13.3677997589111
231 0 0 -0.00450235977768898 13.2678003311157
230 0 0 -0.00449417997151613 13.167799949646
229 0 0 -0.00448586978018284 13.0677995681763
228 0 0 -0.00447743991389871 12.9678001403809
227 0 0 -0.00446888990700245 12.8677997589111
226 0 0 -0.00446020998060703 12.7679004669189
225 0 0 -0.00445138989016414 12.6679000854492
224 0 0 -0.0044424501247704 12.5678997039795
223 0 0 -0.00443337019532919 12.4679002761841
222 0 0 -0.0044241501018405 12.3678998947144
221 0 0 -0.00441478984430432 12.2679004669189
220 0 0 -0.00440528988838196 12.1679000854492
219 0 0 -0.00439563021063805 12.0678997039795
218 0 0 -0.00438582012429833 11.9679002761841
217 0 0 -0.00437586009502411 11.8678998947144
216 0 0 -0.00436573009938002 11.7679004669189
215 0 0 -0.00435543991625309 11.6679000854492
214 0 0 -0.00434498023241758 11.5678997039795
213 0 0 -0.00433435011655092 11.4679002761841
212 0 0 -0.00432355003431439 11.3678998947144
211 0 0 -0.00431255996227264 11.2679996490479
210 0 0 -0.00430139014497399 11.1680002212524
209 0 0 -0.0042900200933218 11.0679998397827
208 0 0 -0.00427846983075142 10.9680004119873
207 0 0 -0.00426671002060175 10.8680000305176
206 0 0 -0.0042547401972115 10.7679996490479
205 0 0 -0.00424257013946772 10.6680002212524
204 0 0 -0.004230170045048 10.5679998397827
203 0 0 -0.0042175599373877 10.4680004119873
202 0 0 -0.00420471001416445 10.3680000305176
201 0 0 -0.00419163005426526 10.2680997848511
200 25 24 -0.00417830981314182 10.1681003570557
199 0 0 -0.00416473997756839 10.0680999755859
198 0 0 -0.00415090983733535 9.96809005737305
197 0 0 -0.00413681985810399 9.8681001663208
196 0 0 -0.00412245979532599 9.76811027526855
195 0 0 -0.00410783011466265 9.66812992095947
194 0 0 -0.00409290008246899 9.56814002990723
193 0 0 -0.00407767994329333 9.46815013885498
192 0 0 -0.00406215991824865 9.3681697845459
191 0 0 -0.00404631998389959 9.26817989349365
190 0 0 -0.00403016014024615 9.16819953918457
189 0 0 -0.00401367014274001 9.0682201385498
188 0 0 -0.00399682996794581 8.96823024749756
187 0 0 -0.00397964008152485 8.86824989318848
186 0 0 -0.00396207999438047 8.76826953887939
185 0 0 -0.00394413992762566 8.66829013824463
184 0 0 -0.0039258198812604 8.56830024719238
183 0 0 -0.0039070900529623 8.4683198928833
182 0 0 -0.00388793996535242 8.36833953857422
181 0 0 -0.00386837008409202 8.26836967468262
180 0 0 -0.0038483499083668 8.16839027404785
179 0 0 -0.00382786011323333 8.06840991973877
178 0 0 -0.00380690000019968 7.96844005584717
177 0 0 -0.00378545001149178 7.86846017837524
176 0 0 -0.0037634801119566 7.76848983764648
175 0 0 -0.00374099006876349 7.66850996017456
174 0 0 -0.00371794006787241 7.56854009628296
173 0 0 -0.00369432009756565 7.46857023239136
172 0 0 -0.00367010990157723 7.3685998916626
171 0 0 -0.00364527991041541 7.268630027771
170 0 0 -0.0036198201123625 7.16866016387939
169 0 0 -0.00359368999488652 7.06869983673096
168 0 0 -0.00356687000021338 6.96872997283936
167 0 0 -0.00353933009319007 6.86877012252808
166 0 0 -0.00351104000583291 6.76880979537964
165 0 0 -0.00348196993581951 6.66884994506836
164 0 0 -0.00345209008082747 6.56889009475708
163 0 0 -0.0034213699400425 6.46893978118896
162 0 0 -0.00338974990881979 6.36897993087769
161 0 0 -0.00335721997544169 6.26903009414673
160 0 0 -0.00332372006960213 6.16907978057861
159 0 0 -0.00328920991159976 6.06913995742798
158 0 0 -0.00325364992022514 5.96919012069702
157 0 0 -0.00321699003688991 5.86924982070923
156 0 0 -0.00317915994673967 5.76930999755859
155 0 0 -0.00314013008028269 5.66938018798828
154 0 0 -0.00309982011094689 5.56944990158081
153 0 0 -0.00305816996842623 5.4695200920105
152 0 0 -0.00301512004807591 5.36959981918335
151 0 0 -0.00297059002332389 5.26968002319336
150 24 24 -0.00293081998825073 5.18324995040894
149 0 0 -0.00288982992060483 5.09682989120483
148 0 0 -0.00284756999462843 5.01040983200073
147 0 0 -0.00280396989546716 4.92399978637695
146 0 0 -0.00275897001847625 4.83759021759033
145 0 0 -0.0027125000488013 4.75119018554688
144 0 0 -0.00266447989270091 4.66479015350342
143 0 0 -0.0026148499455303 4.57840013504028
142 0 0 -0.00256350007839501 4.49201011657715
141 0 0 -0.00251035997644067 4.40563011169434
140 0 0 -0.00245531997643411 4.31926012039185
139 0 0 -0.00239827996119857 4.23289012908936
138 0 0 -0.00233912002295256 4.14653015136719
137 0 0 -0.00227774004451931 4.06018018722534
136 0 0 -0.00221400009468198 3.97383999824524
135 0 0 -0.0021701199002564 3.91628003120422
134 0 0 -0.00212508998811245 3.85873007774353
133 0 0 -0.00207885005511343 3.80117988586426
132 0 0 -0.00203136005438864 3.74363994598389
131 0 0 -0.00198256992734969 3.68610000610352
130 0 0 -0.00193241005763412 3.62857007980347
129 0 0 -0.00188084994442761 3.57104992866516
128 0 0 -0.00182779994793236 3.51353001594543
127 0 0 -0.00177321000955999 3.45602011680603
126 0 0 -0.00171700003556907 3.39851999282837
125 0 0 -0.00165910995565355 3.34102010726929
124 0 0 -0.00159946002531797 3.28352999687195
123 0 0 -0.00153796002268791 3.22604990005493
122 0 0 -0.00147452997043729 3.16858005523682
121 0 0 -0.00143111997749656 3.13028001785278
120 0 0 -0.00138678995426744 3.09196996688843
119 0 0 -0.00134148995857686 3.05367994308472
118 0 0 -0.00129519996698946 3.01537990570068
117 0 0 -0.00124788004904985 2.97708988189697
116 0 0 -0.00119950994849205 2.93881011009216
115 0 0 -0.00115003995597363 2.9005401134491
114 0 0 -0.00109943002462387 2.86226010322571
113 0 0 -0.00104766001459211 2.82399988174438
112 0 0 -0.000994662987068295 2.78573989868164
111 0 0 -0.000940411002375185 2.74748992919922
110 0 0 -0.000884854991454631 2.70924997329712
109 0 0 -0.000827946001663804 2.67101001739502
108 0 0 -0.000769635022152215 2.63279008865356
107 0 0 -0.000709869025740772 2.59456992149353
106 0 0 -0.000648592016659677 2.5563600063324
105 0 0 -0.000585747009608895 2.51816010475159
104 0 0 -0.000521272013429552 2.47996997833252
103 0 0 -0.000477350986329839 2.45451998710632
102 0 0 -0.000432656990597025 2.42906999588013
101 0 0 -0.000387170002795756 2.40362000465393
100 23 24 -0.000340867991326377 2.37818002700806
99 0 0 -0.000293727993266657 2.3527500629425
98 0 0 -0.000245728995651007 2.32732009887695
97 0 0 -0.000196845998289064 2.30189990997314
96 0 0 -0.000147054000990465 2.27647995948792
95 0 0 -9.63287020567805E-05 2.25108003616333
94 0 0 -4.46427002316341E-05 2.22567009925842
93 0 0 8.03135026217205E-06 2.20027995109558
92 0 0 6.17219993728213E-05 2.17489004135132
91 0 0 0.000116458999400493 2.1495099067688
90 0 0 0.000172272993950173 2.12413001060486
89 0 0 0.000229195997235365 2.09876990318298
88 0 0 0.000287261005723849 2.07341003417969
87 0 0 0.000346502987667918 2.04806995391846
86 0 0 0.000406957988161594 2.02273011207581
85 0 0 0.000468662998173386 1.9974000453949
84 0 0 0.000531658006366342 1.97207999229431
83 0 0 0.000595982011873275 1.94676995277405
82 0 0 0.000639625010080636 1.92990005016327
81 0 0 0.000683889025822282 1.91304004192352
80 0 0 0.000728790007997304 1.8961900472641
79 0 0 0.000774340995121747 1.87934005260468
78 0 0 0.000820555025711656 1.86249005794525
77 0 0 0.000867447000928223 1.84564995765686
76 0 0 0.000915032986085862 1.82881999015808
75 0 0 0.000963326019700617 1.8119900226593
74 0 0 0.00101233995519578 1.79516994953156
73 0 0 0.0010621000546962 1.77836000919342
72 0 0 0.00111261999700218 1.761549949646
71 0 0 0.00116390001494437 1.74475002288818
70 0 0 0.00121598003897816 1.72794997692108
69 0 0 0.00126886996440589 1.71116995811462
68 0 0 0.00132259004749358 1.69439005851746
67 0 0 0.00137714995071292 1.67762005329132
66 0 0 0.00143258995376527 1.66085004806519
65 0 0 0.00148890004493296 1.64409995079041
64 0 0 0.00154613004997373 1.62734997272491
63 0 0 0.00160428998060524 1.61062002182007
62 0 0 0.00166339997667819 1.59388995170593
61 0 0 0.00172348995693028 1.57717001438141
60 0 0 0.0017845700494945 1.56046998500824
59 0 0 0.00184667995199561 1.54376995563507
58 0 0 0.00190984003711492 1.52708005905151
57 0 0 0.00197406997904181 1.51040995121002
56 0 0 0.00203939992934465 1.49373996257782
55 0 0 0.00208358000963926 1.48264002799988
54 0 0 0.00212826998904347 1.47153997421265
53 0 0 0.00217347010038793 1.46045005321503
52 0 0 0.00221920991316438 1.44937002658844
51 0 0 0.00226548011414707 1.43828999996185
50 22 24 0.00231229001656175 1.42721998691559
49 0 0 0.00235966010950506 1.41614997386932
48 0 0 0.00240759993903339 1.40508997440338
47 0 0 0.00245609995909035 1.39402997493744
46 0 0 0.00250518997199833 1.38299000263214
45 0 0 0.00255486997775733 1.37195003032684
44 0 0 0.00260515999980271 1.36091005802155
43 0 0 0.00265606003813446 1.3498899936676
42 0 0 0.00270758010447025 1.33887004852295
41 0 0 0.00275973998941481 1.32785999774933
40 0 0 0.00281254993751645 1.31685996055603
39 0 0 0.00286600994877517 1.30586004257202
38 0 0 0.00292014004662633 1.29488003253937
37 0 0 0.00297495000995696 1.28390002250671
36 0 0 0.00303046009503305 1.27293002605438
35 0 0 0.00308666005730629 1.26197004318237
34 0 0 0.00314358994364738 1.25102996826172
33 0 0 0.00320124998688698 1.24009001255035
32 0 0 0.0032596499659121 1.22915995121002
31 0 0 0.00331879989244044 1.2182400226593
30 0 0 0.00337873003445566 1.20732998847961
29 0 0 0.00343943992629647 1.19642996788025
28 0 0 0.00350094004534185 1.18553996086121
27 0 0 0.00356325996108353 1.17466998100281
26 0 0 0.00362640991806984 1.16381001472473
25 0 0 0.00369038991630077 1.15295994281769
24 0 0 0.00375522999092937 1.14212000370026
23 0 0 0.00379893998615444 1.13489997386932
22 0 0 0.00384303997270763 1.12768995761871
21 0 0 0.00388752995058894 1.1204799413681
20 0 0 0.00393242994323373 1.1132800579071
19 0 0 0.00397774018347263 1.10608994960785
18 0 0 0.00402344996109605 1.09889996051788
17 0 0 0.0040695802308619 1.09172999858856
16 0 0 0.0041161198168993 1.08455002307892
15 0 0 0.00416309991851449 1.07738995552063
14 0 0 0.00421050004661083 1.07023000717163
13 0 0 0.00425834022462368 1.06307995319366
12 0 0 0.00430661020800471 1.05593001842499
11 0 0 0.00435533979907632 1.04879999160767
10 0 0 0.00440450990572572 1.04166996479034
9 0 0 0.00445414008572698 1.03454995155334
8 0 0 0.00450422009453177 1.02743005752563
7 0 0 0.00455478020012379 1.02032995223999
6 0 0 0.00460579991340637 1.01322996616364
5 0 0 0.00464008003473282 1.00850999355316
4 0 0 0.00466305017471313 1.00536000728607
3 0 0 0.00467841979116201 1.00326001644135
2 0 0 0.00468868017196655 1.00186002254486
1 0 0 0.0047023999504745 1
1 0 0 0.0047023999504745 1
2 0 0 0.00471615977585316 0.9981369972229
3 0 0 0.00472649978473783 0.996739983558655
4 0 0 0.00474203983321786 0.994646012783051
5 0 0 0.00476542999967933 0.991505026817322
6 0 0 0.00480070989578962 0.986799001693726
7 0 0 0.00485402997583151 0.979745984077454
8 0 0 0.00490785017609596 0.972703993320465
9 0 0 0.00496217980980873 0.965671002864838
10 0 0 0.00501703005284071 0.958648979663849
11 0 0 0.00507239019498229 0.951637029647827
12 0 0 0.00512827001512051 0.944635987281799
13 0 0 0.00518468022346497 0.937645971775055
14 0 0 0.00524161988869309 0.930667996406555
15 0 0 0.00529910018667579 0.923700988292694
16 0 0 0.00535712018609047 0.916746020317078
17 0 0 0.0054156999103725 0.909802973270416
18 0 0 0.0054748198017478 0.902872979640961
19 0 0 0.00553449988365173 0.895955979824066
20 0 0 0.00559474993497133 0.889051973819733
21 0 0 0.0056555699557066 0.882161021232605
22 0 0 0.00571695016697049 0.875285029411316
23 0 0 0.00577891990542412 0.868422985076904
24 0 0 0.00584146985784173 0.861576020717621
25 0 0 0.00590460002422333 0.854743003845215
26 0 0 0.00596832018345594 0.84792697429657
27 0 0 0.00603264011442661 0.841126024723053
28 0 0 0.00609755981713533 0.834342002868652
29 0 0 0.00616308022290468 0.827575027942657
30 0 0 0.0062291999347508 0.82082599401474
31 0 0 0.00629593012854457 0.814094007015228
32 0 0 0.00636326987296343 0.807380974292755
33 0 0 0.00643122009932995 0.80068701505661
34 0 0 0.00649979012086987 0.794012010097504
35 0 0 0.00656897993758321 0.787357985973358
36 0 0 0.00663877977058291 0.780725002288818
37 0 0 0.00670919986441731 0.77411299943924
38 0 0 0.00678024021908641 0.767522990703583
39 0 0 0.00685189012438059 0.760955989360809
40 0 0 0.00692415982484818 0.75441300868988
41 0 0 0.00699704978615046 0.747893989086151
42 0 0 0.0070705502294004 0.741401016712189
43 0 0 0.0071446499787271 0.734933972358704
44 0 0 0.00721936021000147 0.728492975234985
45 0 0 0.00729467021301389 0.722081005573273
46 0 0 0.00737057020887733 0.71569699048996
47 0 0 0.00744704995304346 0.709344029426575
48 0 0 0.00752410991117358 0.703020989894867
49 0 0 0.00760173983871937 0.696730017662048
50 2 24 0.00767990993335843 0.690473020076752
51 0 0 0.0077586299739778 0.684249997138977
52 0 0 0.00783788040280342 0.678063988685608
53 0 0 0.00791762955486774 0.671913981437683
54 0 0 0.00799787044525146 0.665803015232086
55 0 0 0.00807857979089022 0.65973299741745
56 0 0 0.00815973989665508 0.65370500087738
57 0 0 0.00824130978435278 0.647719979286194
58 0 0 0.00832326989620924 0.641780972480774
59 0 0 0.00840559042990208 0.635888993740082
60 0 0 0.00848822016268969 0.630047976970673
61 0 0 0.008571139536798 0.624257981777191
62 0 0 0.00865428987890482 0.618521988391876
63 0 0 0.00873763021081686 0.612842977046967
64 0 0 0.00882109999656677 0.607222974300385
65 0 0 0.00890466012060642 0.60166597366333
66 0 0 0.00898822024464607 0.596175014972687
67 0 0 0.00907171983271837 0.590752005577087
68 0 0 0.00915510021150112 0.585400998592377
69 0 0 0.00923824962228537 0.580125987529755
70 0 0 0.00932108983397484 0.574931979179382
71 0 0 0.00940352026373148 0.569821000099182
72 0 0 0.00948543008416891 0.564800024032593
73 0 0 0.00956670008599758 0.559872984886169
74 0 0 0.00964718963950872 0.555046021938324
75 0 0 0.00972677953541279 0.550323009490967
76 0 0 0.00980530027300119 0.545713007450104
77 0 0 0.00988260004669428 0.541220009326935
78 0 0 0.0099584897980094 0.53685200214386
79 0 0 0.010032800026238 0.532616972923279
80 0 0 0.0101052997633815 0.528523027896881
81 0 0 0.0101757002994418 0.524577975273132
82 0 0 0.0102439001202583 0.520790994167328
83 0 0 0.0103096002712846 0.5171719789505
84 0 0 0.0103725995868444 0.513729989528656
85 0 0 0.0104325003921986 0.510475993156433
86 0 0 0.0104892002418637 0.507421016693115
87 0 0 0.0105422995984554 0.50457501411438
88 0 0 0.0105915004387498 0.50194901227951
89 0 0 0.0106365997344255 0.499552994966507
90 0 0 0.0106774000450969 0.497399002313614
91 0 0 0.0107134999707341 0.495494991540909
92 0 0 0.0107447002083063 0.493851006031036
93 0 0 0.0107709001749754 0.492475003004074
94 0 0 0.0107918996363878 0.491373986005783
95 0 0 0.0108075002208352 0.490554004907608
96 0 0 0.0108177000656724 0.490018993616104
97 0 0 0.0108224004507065 0.489771008491516
98 0 0 0.010822799988091 0.489751994609833
99 0 0 0.0108118001371622 0.490334004163742
100 3 24 0.0107797998934984 0.492047995328903
101 0 0 0.0107281999662519 0.494850993156433
102 0 0 0.0106587996706367 0.498683005571365
103 0 0 0.0105737997218966 0.503472983837128
104 0 0 0.0104753999039531 0.509145975112915
105 0 0 0.0103658000007272 0.515625
106 0 0 0.0102471997961402 0.522836029529572
107 0 0 0.0101212998852134 0.530710995197296
108 0 0 0.00998992007225752 0.539186000823975
109 0 0 0.00985458958894014 0.548202991485596
110 0 0 0.0097165796905756 0.557709991931915
111 0 0 0.00957700982689857 0.567662000656128
112 0 0 0.00943681038916111 0.578015029430389
113 0 0 0.00929678045213223 0.588733971118927
114 0 0 0.00915755983442068 0.599784016609192
115 0 0 0.00901971012353897 0.611135005950928
116 0 0 0.00888365041464567 0.622761011123657
117 0 0 0.00874972995370626 0.634635984897614
118 0 0 0.0086182402446866 0.646740019321442
119 0 0 0.00848937034606934 0.659053027629852
120 0 0 0.00836331024765968 0.671557009220123
121 0 0 0.00824015028774738 0.684234976768494
122 0 0 0.00811996962875128 0.697073996067047
123 0 0 0.00800282973796129 0.710060000419617
124 0 0 0.00788872968405485 0.723181009292603
125 0 0 0.00777766993269324 0.736427009105682
126 0 0 0.00766963977366686 0.749786972999573
127 0 0 0.00756460009142756 0.76325398683548
128 0 0 0.00746250012889504 0.776817977428436
129 0 0 0.00736329006031156 0.790471971035004
130 0 0 0.00726690981537104 0.804211020469666
131 0 0 0.00717329001054168 0.818027019500732
132 0 0 0.00708235986530781 0.831915020942688
133 0 0 0.00699404021725059 0.845870018005371
134 0 0 0.00690827006474137 0.859887003898621
135 0 0 0.00682496000081301 0.873962998390198
136 0 0 0.00674404017627239 0.88809198141098
137 0 0 0.00666543981060386 0.90227198600769
138 0 0 0.00658906996250153 0.916499972343445
139 0 0 0.00651487009599805 0.930772006511688
140 0 0 0.00644276011735201 0.945084989070892
141 0 0 0.00637267995625734 0.959437012672424
142 0 0 0.00630454998463392 0.973824977874756
143 0 0 0.00623831013217568 0.988247990608215
144 0 0 0.00617387983947992 1.00269997119904
145 0 0 0.00611121999099851 1.01718997955322
146 0 0 0.00605025980621576 1.03170001506805
147 0 0 0.00599092990159988 1.04623997211456
148 0 0 0.00593319023028016 1.06080996990204
149 0 0 0.00587697979062796 1.07539999485016
150 4 24 0.00582223990932107 1.09001994132996
151 0 0 0.00576891982927918 1.10465002059937
152 0 0 0.00571697996929288 1.11931002140045
153 0 0 0.00566637003794312 1.13398003578186
154 0 0 0.00561704020947218 1.14867997169495
155 0 0 0.00556894997134805 1.16339004039764
156 0 0 0.00552206020802259 1.1781200170517
157 0 0 0.00547632994130254 1.19286000728607
158 0 0 0.00543170981109142 1.20763003826141
159 0 0 0.00538817001506686 1.22239995002747
160 0 0 0.00534567981958389 1.23719000816345
161 0 0 0.00530420010909438 1.25198996067047
162 0 0 0.00526370014995337 1.2668000459671
163 0 0 0.00522413989529014 1.28163003921509
164 0 0 0.00518549978733063 1.2964700460434
165 0 0 0.00514775002375245 1.31131994724274
166 0 0 0.00511085009202361 1.32617998123169
167 0 0 0.00507479021325707 1.34105002880096
168 0 0 0.00503952987492085 1.35591995716095
169 0 0 0.00500504998490214 1.37081003189087
170 0 0 0.00497131980955601 1.38571000099182
171 0 0 0.00493833003565669 1.4006199836731
172 0 0 0.00490604992955923 1.41552996635437
173 0 0 0.00487445993348956 1.43044996261597
174 0 0 0.00484354002401233 1.44537997245789
175 0 0 0.00481325993314385 1.46031999588013
176 0 0 0.00478362012654543 1.47526001930237
177 0 0 0.00475458009168506 1.49021995067596
178 0 0 0.00472613982856274 1.50516998767853
179 0 0 0.0046982797794044 1.52014005184174
180 0 0 0.00467097014188766 1.53510999679565
181 0 0 0.00464420998468995 1.55007994174957
182 0 0 0.00461796997115016 1.5650600194931
183 0 0 0.00459225010126829 1.58004999160767
184 0 0 0.0045670298859477 1.59503996372223
185 0 0 0.00454228976741433 1.61003994941711
186 0 0 0.00451803021132946 1.62504005432129
187 0 0 0.00449422001838684 1.6400500535965
188 0 0 0.00447086011990905 1.6550600528717
189 0 0 0.00444793980568647 1.67007994651794
190 0 0 0.00442543998360634 1.68509995937347
191 0 0 0.00440334994345903 1.700119972229
192 0 0 0.00438165990635753 1.71514999866486
193 0 0 0.00436036009341478 1.73018002510071
194 0 0 0.0043291300535202 1.75274002552032
195 0 0 0.00429872004315257 1.77530002593994
196 0 0 0.00426909979432821 1.79787003993988
197 0 0 0.00424023997038603 1.82044994831085
198 0 0 0.00421212008222938 1.84303998947144
199 0 0 0.00418470986187458 1.86563003063202
200 5 24 0.00415797997266054 1.88822996616364
201 0 0 0.00413190992549062 1.91083002090454
202 0 0 0.00410646991804242 1.93343997001648
203 0 0 0.00408165017142892 1.95606005191803
204 0 0 0.00405741017311811 1.97868001461029
205 0 0 0.00403374992311001 2.00131011009216
206 0 0 0.0040106400847435 2.02394008636475
207 0 0 0.00398806994780898 2.04658007621765
208 0 0 0.00396599993109703 2.06922006607056
209 0 0 0.00394443981349468 2.09186005592346
210 0 0 0.00392335979267955 2.11451005935669
211 0 0 0.00390274007804692 2.13717007637024
212 0 0 0.00388257997110486 2.15983009338379
213 0 0 0.00386284990236163 2.18249011039734
214 0 0 0.00383404991589487 2.2164900302887
215 0 0 0.00380616006441414 2.25048995018005
216 0 0 0.00377914006821811 2.28450989723206
217 0 0 0.00375294010154903 2.31853008270264
218 0 0 0.0037275399081409 2.35255002975464
219 0 0 0.00370288989506662 2.38659000396729
220 0 0 0.00367896002717316 2.42062997817993
221 0 0 0.00365573004819453 2.45466995239258
222 0 0 0.00363316992297769 2.48871994018555
223 0 0 0.00361124007031322 2.52277994155884
224 0 0 0.00358992000110447 2.55683994293213
225 0 0 0.00356918992474675 2.59089994430542
226 0 0 0.00354902003891766 2.62496995925903
227 0 0 0.0035293900873512 2.65903997421265
228 0 0 0.00351028004661202 2.69312000274658
229 0 0 0.00349166989326477 2.72720003128052
230 0 0 0.00346463988535106 2.77832007408142
231 0 0 0.00343863992020488 2.82944989204407
232 0 0 0.00341359991580248 2.88058996200562
233 0 0 0.00338947004638612 2.93174004554749
234 0 0 0.00336621003225446 2.98288989067078
235 0 0 0.00334377004764974 3.03404998779297
236 0 0 0.00332210003398359 3.08521008491516
237 0 0 0.00330117996782064 3.1363799571991
238 0 0 0.00328095001168549 3.18755006790161
239 0 0 0.00326138990931213 3.23872995376587
240 0 0 0.00324247009120882 3.28991007804871
241 0 0 0.00322415004484355 3.34108996391296
242 0 0 0.00320639996789396 3.39228010177612
243 0 0 0.00318921008147299 3.4434700012207
244 0 0 0.00316440011374652 3.52027010917664
245 0 0 0.00314069003798068 3.59705996513367
246 0 0 0.00311802001670003 3.67387008666992
247 0 0 0.00309630995616317 3.7506799697876
248 0 0 0.00307551003061235 3.82749009132385
249 0 0 0.00305555993691087 3.90430998802185
250 6 24 0.00303641008213162 3.98113989830017
251 0 0 0.00301800994202495 4.05797004699707
252 0 0 0.00300032994709909 4.13479995727539
253 0 0 0.00298332003876567 4.21162986755371
254 0 0 0.00296693993732333 4.28846979141235
255 0 0 0.00294653000310063 4.38841009140015
256 0 0 0.00292706000618637 4.4883599281311
257 0 0 0.00290847010910511 4.5883002281189
258 0 0 0.00289070000872016 4.68826007843018
259 0 0 0.00287370989099145 4.78820991516113
260 0 0 0.00285742990672588 4.88816976547241
261 0 0 0.00284183002077043 4.98813009262085
262 0 0 0.00282686995342374 5.08809995651245
263 0 0 0.00281250011175871 5.18805980682373
264 0 0 0.00279868999496102 5.28803014755249
265 0 0 0.00278541003353894 5.38800001144409
266 0 0 0.00277263997122645 5.48797988891602
267 0 0 0.00276032998226583 5.58795022964478
268 0 0 0.00274848006665707 5.6879301071167
269 0 0 0.00273703993298113 5.7878999710083
270 0 0 0.00272601004689932 5.88787984848022
271 0 0 0.0027153599075973 5.98786020278931
272 0 0 0.00270506995730102 6.08784008026123
273 0 0 0.00269511993974447 6.18782997131348
274 0 0 0.00268550007604063 6.2878098487854
275 0 0 0.0026761800982058 6.38779020309448
276 0 0 0.00266717001795769 6.48778009414673
277 0 0 0.00265843002125621 6.58775997161865
278 0 0 0.0026499698869884 6.6877498626709
279 0 0 0.00264176004566252 6.7877402305603
280 0 0 0.00263380003161728 6.88772010803223
281 0 0 0.00262607005424798 6.98770999908447
282 0 0 0.0026185701135546 7.08769989013672
283 0 0 0.00261127995327115 7.18768978118896
284 0 0 0.00260419002734125 7.28768014907837
285 0 0 0.00259731011465192 7.38767004013062
286 0 0 0.00259060994721949 7.48765993118286
287 0 0 0.00258410000242293 7.58764982223511
288 0 0 0.00257775001227856 7.68765020370483
289 0 0 0.00257158000022173 7.78764009475708
290 0 0 0.00256555993109941 7.88762998580933
291 0 0 0.00255971006117761 7.98761987686157
292 0 0 0.00255399011075497 8.08761978149414
293 0 0 0.00254843011498451 8.18760967254639
294 0 0 0.00254300003871322 8.28759956359863
295 0 0 0.00253770011477172 8.38759994506836
296 0 0 0.00253253011032939 8.48758983612061
297 0 0 0.00252749002538621 8.58759021759033
298 0 0 0.00252256006933749 8.68758010864258
299 0 0 0.00251775002107024 8.78757953643799
300 7 24 0.00251305010169744 8.88757038116455
301 0 0 0.00250845006667078 8.98756980895996
302 0 0 0.00250395992770791 9.08755970001221
303 0 0 0.00249956990592182 9.18756008148193
304 0 0 0.00249528000131249 9.28754997253418
305 0 0 0.00249107996933162 9.38755035400391
306 0 0 0.00248697004280984 9.48754978179932
307 0 0 0.00248294998891652 9.58753967285156
308 0 0 0.00247901002876461 9.68754005432129
309 0 0 0.00247515994124115 9.78754043579102
310 0 0 0.00247137993574142 9.88753032684326
311 0 0 0.0024676900357008 9.98752975463867
312 0 0 0.00246405997313559 10.0874996185303
313 0 0 0.0024605100043118 10.1875
314 0 0 0.00245702988468111 10.2875003814697
315 0 0 0.00245362007990479 10.3874998092651
316 0 0 0.00245027989149094 10.4875001907349
317 0 0 0.00244700000621378 10.5874996185303
318 0 0 0.00244377995841205 10.6875
319 0 0 0.00244062999263406 10.7875003814697
320 0 0 0.00243753008544445 10.8874998092651
321 0 0 0.00243449001573026 10.9875001907349
322 0 0 0.00243151001632214 11.0874996185303
323 0 0 0.0024285800755024 11.1875
324 0 0 0.0024256999604404 11.2875003814697
325 0 0 0.00242286990396678 11.3874998092651
326 0 0 0.00242009991779923 11.4875001907349
327 0 0 0.00241736997850239 11.5874996185303
328 0 0 0.00241470010951161 11.6875
329 0 0 0.00241206004284322 11.7875003814697
330 0 0 0.00240948004648089 11.8874998092651
331 0 0 0.0024069300852716 11.9875001907349
332 0 0 0.00240442994982004 12.0874996185303
333 0 0 0.00240198010578752 12.1875
334 0 0 0.00239956006407738 12.2875003814697
335 0 0 0.00239718006923795 12.3874998092651
336 0 0 0.00239483988843858 12.4875001907349
337 0 0 0.00239253998734057 12.5874996185303
338 0 0 0.00239027990028262 12.6875
339 0 0 0.00238805008120835 12.7875003814697
340 0 0 0.00238586007617414 12.8874998092651
341 0 0 0.00238370010629296 12.9875001907349
342 0 0 0.00238156993873417 13.0874996185303
343 0 0 0.00237948005087674 13.1875
344 0 0 0.00237741996534169 13.2875003814697
345 0 0 0.00237538991495967 13.3874998092651
346 0 0 0.00237339991144836 13.4875001907349
347 0 0 0.0023714299313724 13.5874996185303
348 0 0 0.00236948998644948 13.6875
349 0 0 0.00236758007667959 13.7875003814697
350 8 24 0.00236569996923208 13.8874998092651
351 0 0 0.00236383988521993 13.9875001907349
352 0 0 0.00236201006919146 14.0874996185303
353 0 0 0.00236021005548537 14.1875
354 0 0 0.00235843006521463 14.2875003814697
355 0 0 0.00235668011009693 14.3874998092651
356 0 0 0.00235495995730162 14.4875001907349
357 0 0 0.00235325004905462 14.5874996185303
358 0 0 0.00235156994313002 14.6875
359 0 0 0.00234992010518909 14.7875003814697
360 0 0 0.00234828004613519 14.8874998092651
361 0 0 0.00234667002223432 14.9875001907349
362 0 0 0.00234508002176881 15.0874996185303
363 0 0 0.00234352005645633 15.1875
364 0 0 0.00234197010286152 15.2875003814697
365 0 0 0.00234043993987143 15.3874998092651
366 0 0 0.00233893003314734 15.4875001907349
367 0 0 0.00233744992874563 15.5874996185303
368 0 0 0.00233598006889224 15.6875
369 0 0 0.00233452999964356 15.7875003814697
370 0 0 0.00233309995383024 15.8874998092651
371 0 0 0.00233168993145227 15.9874000549316
372 0 0 0.00233028992079198 16.0874004364014
373 0 0 0.00232890993356705 16.1874008178711
374 0 0 0.00232754996977746 16.2873992919922
375 0 0 0.00232621002942324 16.3873996734619
376 0 0 0.00232488010078669 16.4874000549316
377 0 0 0.00232356996275485 16.5874004364014
378 0 0 0.002322280080989 16.6874008178711
379 0 0 0.00232099997811019 16.7873992919922
380 0 0 0.00231973989866674 16.8873996734619
381 0 0 0.00231849006377161 16.9874000549316
382 0 0 0.0023172500077635 17.0874004364014
383 0 0 0.00231603998690844 17.1874008178711
384 0 0 0.00231482996605337 17.2873992919922
385 0 0 0.00231363996863365 17.3873996734619
386 0 0 0.00231245998293161 17.4874000549316
387 0 0 0.00231130002066493 17.5874004364014
388 0 0 0.00231015007011592 17.6874008178711
389 0 0 0.00230900989845395 17.7873992919922
390 0 0 0.00230788998305798 17.8873996734619
391 0 0 0.00230678007937968 17.9874000549316
392 0 0 0.00230567995458841 18.0874004364014
393 0 0 0.00230459007434547 18.1874008178711
394 0 0 0.00230351998470724 18.2873992919922
395 0 0 0.002302449895069 18.3873996734619
396 0 0 0.00230140006169677 18.4874000549316
397 0 0 0.00230036000721157 18.5874004364014
398 0 0 0.00229933997616172 18.6874008178711
399 0 0 0.00229831994511187 18.7873992919922
400 9 24 0.0022973099257797 18.8873996734619
401 0 0 0.00229631992988288 18.9874000549316
402 0 0 0.00229532993398607 19.0874004364014
403 0 0 0.00229435996152461 19.1874008178711
404 0 0 0.00229338998906314 19.2873992919922
405 0 0 0.00229244004003704 19.3873996734619
406 0 0 0.00229149009101093 19.4874000549316
407 0 0 0.00229055993258953 19.5874004364014
408 0 0 0.00228963000699878 19.6874008178711
409 0 0 0.00228872010484338 19.7873992919922
410 0 0 0.00228780996985734 19.8873996734619
411 0 0 0.00228691007941961 19.9874000549316
412 0 0 0.0022860299795866 20.0874004364014
413 0 0 0.00228515011258423 20.1874008178711
414 0 0 0.0022842800244689 20.2873992919922
415 0 0 0.00228340993635356 20.3873996734619
416 0 0 0.00228256010450423 20.4874000549316
417 0 0 0.00228172005154192 20.5874004364014
418 0 0 0.00228087999857962 20.6874008178711
419 0 0 0.002280049957335 20.7873992919922
420 0 0 0.00227922992780805 20.8873996734619
421 0 0 0.00227841990999877 20.9874000549316
422 0 0 0.0022776098921895 21.0874004364014
423 0 0 0.00227681989781559 21.1874008178711
424 0 0 0.00227602990344167 21.2873992919922
425 0 0 0.00227524992078543 21.3873996734619
426 0 0 0.00227446993812919 21.4874000549316
427 0 0 0.00227369996719062 21.5874004364014
428 0 0 0.00227294000796974 21.6874008178711
429 0 0 0.00227219006046653 21.7873992919922
430 0 0 0.00227144011296332 21.8873996734619
431 0 0 0.00227069994434714 21.9874000549316
432 0 0 0.00226997002027929 22.0874004364014
433 0 0 0.00226925010792911 22.1874008178711
434 0 0 0.00226852996274829 22.2873992919922
435 0 0 0.00226781005039811 22.3873996734619
436 0 0 0.00226710992865264 22.4874000549316
437 0 0 0.00226641003973782 22.5874004364014
438 0 0 0.00226570991799235 22.6874008178711
439 0 0 0.00226503005251288 22.7873992919922
440 0 0 0.00226433994248509 22.8873996734619
441 0 0 0.0022636700887233 22.9874000549316
442 0 0 0.00226300000213087 23.0874004364014
443 0 0 0.00226233992725611 23.1874008178711
444 0 0 0.00226168008521199 23.2873992919922
445 0 0 0.00226102001033723 23.3873996734619
446 0 0 0.00226037995889783 23.4874000549316
447 0 0 0.00225973990745842 23.5874004364014
448 0 0 0.00225910008884966 23.6874008178711
449 0 0 0.00225847004912794 23.7873992919922
450 10 24 0.00225785002112389 23.8873996734619
451 0 0 0.00225722999311984 23.9874000549316
452 0 0 0.00225660996511579 24.0874004364014
453 0 0 0.00225599994882941 24.1874008178711
454 0 0 0.00225539994426072 24.2873992919922
455 0 0 0.00225479993969202 24.3873996734619
456 0 0 0.00225419993512332 24.4874000549316
457 0 0 0.00225360994227231 24.5874004364014
458 0 0 0.00225302996113896 24.6874008178711
459 0 0 0.00225244998000562 24.7873992919922
460 0 0 0.00225186999887228 24.8873996734619
461 0 0 0.00225130002945662 24.9874000549316
462 0 0 0.00225074007175863 25.0874004364014
463 0 0 0.00225018011406064 25.1874008178711
464 0 0 0.00224961992353201 25.2873992919922
465 0 0 0.0022490699775517 25.3873996734619
466 0 0 0.00224852003157139 25.4874000549316
467 0 0 0.00224797008559108 25.5874004364014
468 0 0 0.00224743993021548 25.6874008178711
469 0 0 0.00224689999595284 25.7873992919922
470 0 0 0.00224637007340789 25.8873996734619
471 0 0 0.00224583991803229 25.9874000549316
472 0 0 0.00224532000720501 26.0874004364014
473 0 0 0.00224480009637773 26.1874008178711
474 0 0 0.00224428996443748 26.2873992919922
475 0 0 0.00224377005361021 26.3873996734619
476 0 0 0.00224326993338764 26.4874000549316
477 0 0 0.00224276003427804 26.5874004364014
478 0 0 0.00224225991405547 26.6874008178711
479 0 0 0.00224177003838122 26.7873992919922
480 0 0 0.00224127992987633 26.8873996734619
481 0 0 0.00224079005420208 26.9874000549316
482 0 0 0.00224029994569719 27.0874004364014
483 0 0 0.00223982008174062 27.1874008178711
484 0 0 0.00223934999667108 27.2873992919922
485 0 0 0.00223886989988387 27.3873996734619
486 0 0 0.00223840004764497 27.4874000549316
487 0 0 0.00223792996257544 27.5874004364014
488 0 0 0.00223746988922358 27.6874008178711
489 0 0 0.00223701004870236 27.7873992919922
490 0 0 0.0022365499753505 27.8873996734619
491 0 0 0.00223609991371632 27.9874000549316
492 0 0 0.00223565008491278 28.0874004364014
493 0 0 0.00223520002327859 28.1874008178711
494 0 0 0.00223475997336209 28.2873992919922
495 0 0 0.00223431992344558 28.3873996734619
496 0 0 0.00223388010635972 28.4874000549316
497 0 0 0.00223344005644321 28.5874004364014
498 0 0 0.00223301001824439 28.6874008178711
499 0 0 0.00223257998004556 28.7873992919922
500 11 24 0.00223215995356441 28.8873996734619
501 0 0 0.00223173992708325 28.9874000549316
502 0 0 0.0022313199006021 29.0874004364014
503 0 0 0.00223090010695159 29.1874008178711
504 0 0 0.00223049009218812 29.2873992919922
505 0 0 0.00223008007742465 29.3873996734619
506 0 0 0.00222967006266117 29.4874000549316
507 0 0 0.0022292600478977 29.5874004364014
508 0 0 0.0022288600448519 29.6874008178711
509 0 0 0.0022284600418061 29.7873992919922
510 0 0 0.0022280600387603 29.8873996734619
511 0 0 0.00222767004743218 29.9874000549316
512 0 0 0.00222728005610406 30.0874004364014
513 0 0 0.00222689006477594 30.1874008178711
514 0 0 0.00222650007344782 30.2873992919922
515 0 0 0.00222612009383738 30.3873996734619
516 0 0 0.00222573010250926 30.4874000549316
517 0 0 0.00222534989006817 30.5874004364014
518 0 0 0.00222497992217541 30.6874008178711
519 0 0 0.00222459994256496 30.7873992919922
520 0 0 0.0022242299746722 30.8873996734619
521 0 0 0.00222386000677943 30.9874000549316
522 0 0 0.00222350005060434 31.0874004364014
523 0 0 0.00222313008271158 31.1874008178711
524 0 0 0.00222276989370584 31.2873992919922
525 0 0 0.00222240993753076 31.3873996734619
526 0 0 0.00222204998135567 31.4874000549316
527 0 0 0.00222170003689826 31.5874004364014
528 0 0 0.00222134008072317 31.6874008178711
529 0 0 0.00222098990343511 31.7873992919922
530 0 0 0.0022206399589777 31.8873996734619
531 0 0 0.00222030002623796 31.9874000549316
532 0 0 0.00221995008178055 32.0873985290527
533 0 0 0.00221960991621017 32.1874008178711
534 0 0 0.00221926998347044 32.2873992919922
535 0 0 0.00221893005073071 32.3874015808105
536 0 0 0.002218599896878 32.4874000549316
537 0 0 0.00221826997585595 32.5873985290527
538 0 0 0.00221793004311621 32.6874008178711
539 0 0 0.00221759988926351 32.7873992919922
540 0 0 0.00221727997995913 32.8874015808105
541 0 0 0.00221695005893707 32.9874000549316
542 0 0 0.00221662991680205 33.0873985290527
543 0 0 0.00221631000749767 33.1874008178711
544 0 0 0.00221599009819329 33.2873992919922
545 0 0 0.00221566995605826 33.3874015808105
546 0 0 0.00221535004675388 33.4874000549316
547 0 0 0.00221503991633654 33.5873985290527
548 0 0 0.00221473001874983 33.6874008178711
549 0 0 0.00221441988833249 33.7873992919922
550 12 24 0.00221410999074578 33.8874015808105
551 0 0 0.00221380009315908 33.9874000549316
552 0 0 0.00221349997445941 34.0873985290527
553 0 0 0.00221320008859038 34.1874008178711
554 0 0 0.00221288995817304 34.2873992919922
555 0 0 0.00221260008402169 34.3874015808105
556 0 0 0.00221229996532202 34.4874000549316
557 0 0 0.00221200007945299 34.5873985290527
558 0 0 0.002211709972471 34.6874008178711
559 0 0 0.00221142009831965 34.7873992919922
560 0 0 0.00221111997961998 34.8874015808105
561 0 0 0.00221083988435566 34.9874000549316
562 0 0 0.00221055001020432 35.0873985290527
563 0 0 0.00221025990322232 35.1874008178711
564 0 0 0.00220998004078865 35.2873992919922
565 0 0 0.00220969994552433 35.3874015808105
566 0 0 0.00220942008309066 35.4874000549316
567 0 0 0.00220913998782635 35.5873985290527
568 0 0 0.00220885989256203 35.6874008178711
569 0 0 0.00220858003012836 35.7873992919922
570 0 0 0.00220830994658172 35.8874015808105
571 0 0 0.00220803008414805 35.9874000549316
572 0 0 0.00220776000060141 36.0873985290527
573 0 0 0.00220748991705477 36.1874008178711
574 0 0 0.00220722006633878 36.2873992919922
575 0 0 0.00220695999450982 36.3874015808105
576 0 0 0.00220668991096318 36.4874000549316
577 0 0 0.00220643007196486 36.5873985290527
578 0 0 0.0022061700001359 36.6874008178711
579 0 0 0.00220589991658926 36.7873992919922
580 0 0 0.00220564007759094 36.8874015808105
581 0 0 0.00220539001747966 36.9874000549316
582 0 0 0.0022051299456507 37.0873985290527
583 0 0 0.00220487010665238 37.1874008178711
584 0 0 0.00220462004654109 37.2873992919922
585 0 0 0.00220436998642981 37.3874015808105
586 0 0 0.00220411992631853 37.4874000549316
587 0 0 0.00220386008732021 37.5873985290527
588 0 0 0.0022036200389266 37.6874008178711
589 0 0 0.00220336997881532 37.7873992919922
590 0 0 0.00220311991870403 37.8874015808105
591 0 0 0.00220288010314107 37.9874000549316
592 0 0 0.00220263004302979 38.0873985290527
593 0 0 0.00220238999463618 38.1874008178711
594 0 0 0.00220214994624257 38.2873992919922
595 0 0 0.00220190989784896 38.3874015808105
596 0 0 0.002201670082286 38.4874000549316
597 0 0 0.00220144004561007 38.5873985290527
598 0 0 0.00220119999721646 38.6874008178711
599 0 0 0.00220095994882286 38.7873992919922
600 13 24 0.00220072991214693 38.8874015808105
601 0 0 0.00220050010830164 38.9874000549316
602 0 0 0.00220027007162571 39.0873985290527
603 0 0 0.00220004003494978 39.1874008178711
604 0 0 0.00219980999827385 39.2873992919922
605 0 0 0.00219957996159792 39.3874015808105
606 0 0 0.00219935993663967 39.4874000549316
607 0 0 0.00219912989996374 39.5873985290527
608 0 0 0.00219891010783613 39.6874008178711
609 0 0 0.0021986800711602 39.7873992919922
610 0 0 0.00219846004620194 39.8874015808105
611 0 0 0.00219824002124369 39.9874000549316
612 0 0 0.00219801999628544 40.0873985290527
613 0 0 0.00219779997132719 40.1874008178711
614 0 0 0.00219757994636893 40.2873992919922
615 0 0 0.00219736993312836 40.3874015808105
616 0 0 0.0021971499081701 40.4874000549316
617 0 0 0.00219693989492953 40.5873985290527
618 0 0 0.0021967301145196 40.6874008178711
619 0 0 0.00219651008956134 40.7873992919922
620 0 0 0.00219630007632077 40.8874015808105
621 0 0 0.00219609006308019 40.9874000549316
622 0 0 0.00219588004983962 41.0873985290527
623 0 0 0.00219568004831672 41.1874008178711
624 0 0 0.00219547003507614 41.2873992919922
625 0 0 0.00219526002183557 41.3874015808105
626 0 0 0.00219506002031267 41.4874000549316
627 0 0 0.00219485000707209 41.5873985290527
628 0 0 0.00219465000554919 41.6874008178711
629 0 0 0.00219445000402629 41.7873992919922
630 0 0 0.0021942500025034 41.8874015808105
631 0 0 0.0021940500009805 41.9874000549316
632 0 0 0.0021938499994576 42.0873985290527
633 0 0 0.0021936499979347 42.1874008178711
634 0 0 0.0021934499964118 42.2873992919922
635 0 0 0.00219326000660658 42.3874015808105
636 0 0 0.00219306000508368 42.4874000549316
637 0 0 0.00219287001527846 42.5873985290527
638 0 0 0.00219267001375556 42.6874008178711
639 0 0 0.00219248002395034 42.7873992919922
640 0 0 0.00219229003414512 42.8874015808105
641 0 0 0.0021921000443399 42.9874000549316
642 0 0 0.00219191005453467 43.0873985290527
643 0 0 0.00219172006472945 43.1874008178711
644 0 0 0.00219153007492423 43.2873992919922
645 0 0 0.00219134008511901 43.3874015808105
646 0 0 0.00219116010703146 43.4874000549316
647 0 0 0.0021909698843956 43.5873985290527
648 0 0 0.00219078990630805 43.6874008178711
649 0 0 0.00219059991650283 43.7873992919922
650 14 24 0.00219041993841529 43.8874015808105
651 0 0 0.00219023996032774 43.9874000549316
652 0 0 0.0021900599822402 44.0873985290527
653 0 0 0.00218988000415266 44.1874008178711
654 0 0 0.00218970002606511 44.2873992919922
655 0 0 0.00218952004797757 44.3874015808105
656 0 0 0.00218934006989002 44.4874000549316
657 0 0 0.00218916009180248 44.5873985290527
658 0 0 0.00218898989260197 44.6874008178711
659 0 0 0.00218880991451442 44.7873992919922
660 0 0 0.00218862993642688 44.8874015808105
661 0 0 0.00218845997005701 44.9874000549316
662 0 0 0.00218829000368714 45.0873985290527
663 0 0 0.0021881100255996 45.1874008178711
664 0 0 0.00218794005922973 45.2873992919922
665 0 0 0.00218777009285986 45.3874015808105
666 0 0 0.00218759989365935 45.4874000549316
667 0 0 0.00218742992728949 45.5873985290527
668 0 0 0.00218725996091962 45.6874008178711
669 0 0 0.00218708999454975 45.7873992919922
670 0 0 0.00218693003989756 45.8874015808105
671 0 0 0.00218676007352769 45.9874000549316
672 0 0 0.00218659988604486 46.0873985290527
673 0 0 0.00218642991967499 46.1874008178711
674 0 0 0.0021862699650228 46.2873992919922
675 0 0 0.00218609999865294 46.3874015808105
676 0 0 0.00218594004400074 46.4874000549316
677 0 0 0.00218578008934855 46.5873985290527
678 0 0 0.00218561990186572 46.6874008178711
679 0 0 0.00218544993549585 46.7873992919922
680 0 0 0.00218528998084366 46.8874015808105
681 0 0 0.00218513002619147 46.9874000549316
682 0 0 0.00218498008325696 47.0873985290527
683 0 0 0.00218481989577413 47.1874008178711
684 0 0 0.00218465994112194 47.2873992919922
685 0 0 0.00218449998646975 47.3874015808105
686 0 0 0.00218435004353523 47.4874000549316
687 0 0 0.00218419008888304 47.5873985290527
688 0 0 0.00218403991311789 47.6874008178711
689 0 0 0.0021838799584657 47.7873992919922
690 0 0 0.00218373001553118 47.8874015808105
691 0 0 0.00218358007259667 47.9874000549316
692 0 0 0.00218341988511384 48.0873985290527
693 0 0 0.00218326994217932 48.1874008178711
694 0 0 0.00218311999924481 48.2873992919922
695 0 0 0.0021829700563103 48.3874015808105
696 0 0 0.00218282011337578 48.4874000549316
697 0 0 0.00218266993761063 48.5873985290527
698 0 0 0.00218251999467611 48.6874008178711
699 0 0 0.00218238006345928 48.7873992919922
700 15 24 0.00218222988769412 48.8874015808105
701 0 0 0.00218207994475961 48.9874000549316
702 0 0 0.00218194001354277 49.0873985290527
703 0 0 0.00218179007060826 49.1874008178711
704 0 0 0.00218164990656078 49.2873992919922
705 0 0 0.00218149996362627 49.3874015808105
706 0 0 0.00218136003240943 49.4874000549316
707 0 0 0.00218121008947492 49.5873985290527
708 0 0 0.00218106992542744 49.6874008178711
709 0 0 0.0021809299942106 49.7873992919922
710 0 0 0.00218079006299376 49.8874015808105
711 0 0 0.00218064989894629 49.9874000549316
712 0 0 0.00218050996772945 50.0873985290527
713 0 0 0.00218037003651261 50.1874008178711
714 0 0 0.00218023010529578 50.2873992919922
715 0 0 0.0021800899412483 50.3874015808105
716 0 0 0.00217995001003146 50.4874000549316
717 0 0 0.00217981007881463 50.5873985290527
718 0 0 0.00217967992648482 50.6874008178711
719 0 0 0.00217953999526799 50.7873992919922
720 0 0 0.00217940006405115 50.8874015808105
721 0 0 0.00217926991172135 50.9874000549316
722 0 0 0.00217912998050451 51.0873985290527
723 0 0 0.00217900006100535 51.1874008178711
724 0 0 0.00217886990867555 51.2873992919922
725 0 0 0.00217872997745872 51.3874015808105
726 0 0 0.00217860005795956 51.4874000549316
727 0 0 0.00217846990562975 51.5873985290527
728 0 0 0.0021783399861306 51.6874008178711
729 0 0 0.00217821006663144 51.7873992919922
730 0 0 0.00217807991430163 51.8874015808105
731 0 0 0.0021779399830848 51.9874000549316
732 0 0 0.00217782007530332 52.0873985290527
733 0 0 0.00217768992297351 52.1874008178711
734 0 0 0.00217756000347435 52.2873992919922
735 0 0 0.0021774300839752 52.3874015808105
736 0 0 0.00217729993164539 52.4874000549316
737 0 0 0.00217717001214623 52.5873985290527
738 0 0 0.00217705010436475 52.6874008178711
739 0 0 0.00217691995203495 52.7873992919922
740 0 0 0.00217680004425347 52.8874015808105
741 0 0 0.00217666989192367 52.9874000549316
742 0 0 0.00217654998414218 53.0873985290527
743 0 0 0.00217642006464303 53.1874008178711
744 0 0 0.0021762999240309 53.2873992919922
745 0 0 0.00217617000453174 53.3874015808105
746 0 0 0.00217605009675026 53.4874000549316
747 0 0 0.00217592995613813 53.5873985290527
748 0 0 0.00217581004835665 53.6874008178711
749 0 0 0.00217568990774453 53.7873992919922
750 16 24 0.00217555998824537 53.8874015808105
751 0 0 0.00217544008046389 53.9874000549316
752 0 0 0.00217531993985176 54.0873985290527
753 0 0 0.00217520003207028 54.1874008178711
754 0 0 0.00217507989145815 54.2873992919922
755 0 0 0.00217496999539435 54.3874015808105
756 0 0 0.00217485008761287 54.4874000549316
757 0 0 0.00217472994700074 54.5873985290527
758 0 0 0.00217461003921926 54.6874008178711
759 0 0 0.00217448989860713 54.7873992919922
760 0 0 0.00217438000254333 54.8874015808105
761 0 0 0.00217426009476185 54.9874000549316
762 0 0 0.0021741499658674 55.0873985290527
763 0 0 0.00217403005808592 55.1874008178711
764 0 0 0.00217391992919147 55.2873992919922
765 0 0 0.00217380002140999 55.3874015808105
766 0 0 0.00217368989251554 55.4874000549316
767 0 0 0.00217356998473406 55.5873985290527
768 0 0 0.00217346008867025 55.6874008178711
769 0 0 0.00217334995977581 55.7873992919922
770 0 0 0.00217323005199432 55.8874015808105
771 0 0 0.00217311992309988 55.9874000549316
772 0 0 0.00217301002703607 56.0873985290527
773 0 0 0.00217289989814162 56.1874008178711
774 0 0 0.00217279000207782 56.2873992919922
775 0 0 0.00217268010601401 56.3874015808105
776 0 0 0.00217256997711957 56.4874000549316
777 0 0 0.00217246008105576 56.5873985290527
778 0 0 0.00217234995216131 56.6874008178711
779 0 0 0.00217224005609751 56.7873992919922
780 0 0 0.00217212992720306 56.8874015808105
781 0 0 0.00217202003113925 56.9874000549316
782 0 0 0.00217190990224481 57.0873985290527
783 0 0 0.00217181001789868 57.1874008178711
784 0 0 0.00217169988900423 57.2873992919922
785 0 0 0.00217158999294043 57.3874015808105
786 0 0 0.0021714901085943 57.4874000549316
787 0 0 0.00217137997969985 57.5873985290527
788 0 0 0.00217128009535372 57.6874008178711
789 0 0 0.00217116996645927 57.7873992919922
790 0 0 0.00217107008211315 57.8874015808105
791 0 0 0.0021709599532187 57.9874000549316
792 0 0 0.00217086006887257 58.0873985290527
793 0 0 0.00217074993997812 58.1874008178711
794 0 0 0.002170650055632 58.2873992919922
795 0 0 0.00217054993845522 58.3874015808105
796 0 0 0.00217044004239142 58.4874000549316
797 0 0 0.00217033992521465 58.5873985290527
798 0 0 0.00217024004086852 58.6874008178711
799 0 0 0.00217013992369175 58.7873992919922
800 17 24 0.00217004003934562 58.8874015808105
801 0 0 0.00216993992216885 58.9874000549316
802 0 0 0.00216984003782272 59.0873985290527
803 0 0 0.00216973992064595 59.1874008178711
804 0 0 0.00216964003629982 59.2873992919922
805 0 0 0.00216953991912305 59.3874015808105
806 0 0 0.00216944003477693 59.4874000549316
807 0 0 0.00216933991760015 59.5873985290527
808 0 0 0.00216924003325403 59.6874008178711
809 0 0 0.00216913991607726 59.7873992919922
810 0 0 0.00216904003173113 59.8874015808105
811 0 0 0.00216894992627203 59.9874000549316
812 0 0 0.00216885004192591 60.0873985290527
813 0 0 0.00216874992474914 60.1874008178711
814 0 0 0.00216865004040301 60.2873992919922
815 0 0 0.00216855993494391 60.3874015808105
816 0 0 0.00216846005059779 60.4874000549316
817 0 0 0.00216836994513869 60.5873985290527
818 0 0 0.00216827006079257 60.6874008178711
819 0 0 0.00216817995533347 60.7873992919922
820 0 0 0.00216808007098734 60.8874015808105
821 0 0 0.00216798996552825 60.9874000549316
822 0 0 0.00216789008118212 61.0873985290527
823 0 0 0.00216779997572303 61.1874008178711
824 0 0 0.00216771010309458 61.2873992919922
825 0 0 0.00216760998591781 61.3874015808105
826 0 0 0.00216752011328936 61.4874000549316
827 0 0 0.00216743000783026 61.5873985290527
828 0 0 0.00216733990237117 61.6874008178711
829 0 0 0.00216724001802504 61.7873992919922
830 0 0 0.00216714991256595 61.8874015808105
831 0 0 0.0021670600399375 61.9874000549316
832 0 0 0.0021669699344784 62.0873985290527
833 0 0 0.00216688006184995 62.1874008178711
834 0 0 0.00216678995639086 62.2873992919922
835 0 0 0.00216670008376241 62.3874015808105
836 0 0 0.00216660997830331 62.4874000549316
837 0 0 0.00216652010567486 62.5873985290527
838 0 0 0.00216643000021577 62.6874008178711
839 0 0 0.00216633989475667 62.7873992919922
840 0 0 0.00216625002212822 62.8874015808105
841 0 0 0.00216615991666913 62.9874000549316
842 0 0 0.00216607004404068 63.0873985290527
843 0 0 0.00216598995029926 63.1874008178711
844 0 0 0.00216590007767081 63.2873992919922
845 0 0 0.00216580997221172 63.3874015808105
846 0 0 0.00216572009958327 63.4874000549316
847 0 0 0.00216564000584185 63.5873985290527
848 0 0 0.00216554990038276 63.6874008178711
849 0 0 0.00216546002775431 63.7873992919922
850 18 24 0.00216537993401289 63.8874015808105
851 0 0 0.00216529006138444 63.9874000549316
852 0 0 0.00216520996764302 64.08740234375
853 0 0 0.00216512009501457 64.1874008178711
854 0 0 0.00216504000127316 64.2873992919922
855 0 0 0.00216494989581406 64.3873977661133
856 0 0 0.00216487003490329 64.4873962402344
857 0 0 0.00216477992944419 64.58740234375
858 0 0 0.00216470006853342 64.6874008178711
859 0 0 0.002164619974792 64.7873992919922
860 0 0 0.00216453010216355 64.8873977661133
861 0 0 0.00216445000842214 64.9873962402344
862 0 0 0.00216436991468072 65.08740234375
863 0 0 0.00216429005376995 65.1874008178711
864 0 0 0.00216419994831085 65.2873992919922
865 0 0 0.00216412008740008 65.3873977661133
866 0 0 0.00216403999365866 65.4873962402344
867 0 0 0.00216395989991724 65.58740234375
868 0 0 0.00216388003900647 65.6874008178711
869 0 0 0.00216378993354738 65.7873992919922
870 0 0 0.0021637100726366 65.8873977661133
871 0 0 0.00216362997889519 65.9873962402344
872 0 0 0.00216354988515377 66.08740234375
873 0 0 0.002163470024243 66.1874008178711
874 0 0 0.00216338993050158 66.2873992919922
875 0 0 0.00216331006959081 66.3873977661133
876 0 0 0.00216322997584939 66.4873962402344
877 0 0 0.00216315989382565 66.58740234375
878 0 0 0.00216308003291488 66.6874008178711
879 0 0 0.00216299993917346 66.7873992919922
880 0 0 0.00216292007826269 66.8873977661133
881 0 0 0.00216283998452127 66.9873962402344
882 0 0 0.00216275989077985 67.08740234375
883 0 0 0.00216269004158676 67.1874008178711
884 0 0 0.00216260994784534 67.2873992919922
885 0 0 0.00216253008693457 67.3873977661133
886 0 0 0.00216244999319315 67.4873962402344
887 0 0 0.00216237991116941 67.58740234375
888 0 0 0.00216230005025864 67.6874008178711
889 0 0 0.00216221995651722 67.7873992919922
890 0 0 0.00216215010732412 67.8873977661133
891 0 0 0.00216207001358271 67.9873962402344
892 0 0 0.00216199993155897 68.08740234375
893 0 0 0.00216192007064819 68.1874008178711
894 0 0 0.00216184998862445 68.2873992919922
895 0 0 0.00216176989488304 68.3873977661133
896 0 0 0.00216170004568994 68.4873962402344
897 0 0 0.00216161995194852 68.58740234375
898 0 0 0.00216155010275543 68.6874008178711
899 0 0 0.00216147000901401 68.7873992919922
900 19 24 0.00216139992699027 68.8873977661133
901 0 0 0.00216133007779717 68.9873962402344
902 0 0 0.00216124998405576 69.08740234375
903 0 0 0.00216117990203202 69.1874008178711
904 0 0 0.00216111005283892 69.2873992919922
905 0 0 0.0021610299590975 69.3873977661133
906 0 0 0.00216096010990441 69.4873962402344
907 0 0 0.00216089002788067 69.58740234375
908 0 0 0.00216081994585693 69.6874008178711
909 0 0 0.00216074008494616 69.7873992919922
910 0 0 0.00216067000292242 69.8873977661133
911 0 0 0.00216059992089868 69.9873962402344
912 0 0 0.00216053007170558 70.08740234375
913 0 0 0.00216045998968184 70.1874008178711
914 0 0 0.0021603899076581 70.2873992919922
915 0 0 0.002160320058465 70.3873977661133
916 0 0 0.00216024997644126 70.4873962402344
917 0 0 0.00216017011553049 70.58740234375
918 0 0 0.00216010003350675 70.6874008178711
919 0 0 0.00216002995148301 70.7873992919922
920 0 0 0.00215996010228992 70.8873977661133
921 0 0 0.00215990003198385 70.9873962402344
922 0 0 0.00215982994996011 71.08740234375
923 0 0 0.00215976010076702 71.1874008178711
924 0 0 0.00215969001874328 71.2873992919922
925 0 0 0.00215961993671954 71.3873977661133
926 0 0 0.00215955008752644 71.4873962402344
927 0 0 0.0021594800055027 71.58740234375
928 0 0 0.00215940992347896 71.6874008178711
929 0 0 0.00215935008600354 71.7873992919922
930 0 0 0.0021592800039798 71.8873977661133
931 0 0 0.00215920992195606 71.9873962402344
932 0 0 0.00215914007276297 72.08740234375
933 0 0 0.0021590800024569 72.1874008178711
934 0 0 0.00215900992043316 72.2873992919922
935 0 0 0.00215894007124007 72.3873977661133
936 0 0 0.00215886998921633 72.4873962402344
937 0 0 0.00215880991891026 72.58740234375
938 0 0 0.00215874006971717 72.6874008178711
939 0 0 0.00215867999941111 72.7873992919922
940 0 0 0.00215860991738737 72.8873977661133
941 0 0 0.00215854006819427 72.9873962402344
942 0 0 0.00215847999788821 73.08740234375
943 0 0 0.00215840991586447 73.1874008178711
944 0 0 0.00215835007838905 73.2873992919922
945 0 0 0.00215827999636531 73.3873977661133
946 0 0 0.00215821992605925 73.4873962402344
947 0 0 0.00215815007686615 73.58740234375
948 0 0 0.00215809000656009 73.6874008178711
949 0 0 0.00215801992453635 73.7873992919922
950 20 24 0.00215796008706093 73.8873977661133
951 0 0 0.00215790001675487 73.9873962402344
952 0 0 0.00215782993473113 74.08740234375
953 0 0 0.00215777009725571 74.1874008178711
954 0 0 0.00215770001523197 74.2873992919922
955 0 0 0.0021576399449259 74.3873977661133
956 0 0 0.00215758010745049 74.4873962402344
957 0 0 0.00215752003714442 74.58740234375
958 0 0 0.00215744995512068 74.6874008178711
959 0 0 0.00215738988481462 74.7873992919922
960 0 0 0.0021573300473392 74.8873977661133
961 0 0 0.00215726997703314 74.9873962402344
962 0 0 0.0021571998950094 75.08740234375
963 0 0 0.00215714005753398 75.1874008178711
964 0 0 0.00215707998722792 75.2873992919922
965 0 0 0.00215701991692185 75.3873977661133
966 0 0 0.00215696007944643 75.4873962402344
967 0 0 0.0021568899974227 75.58740234375
968 0 0 0.00215682992711663 75.6874008178711
969 0 0 0.00215677008964121 75.7873992919922
970 0 0 0.00215671001933515 75.8873977661133
971 0 0 0.00215664994902909 75.9873962402344
972 0 0 0.00215659011155367 76.08740234375
973 0 0 0.00215653004124761 76.1874008178711
974 0 0 0.00215646997094154 76.2873992919922
975 0 0 0.00215640990063548 76.3873977661133
976 0 0 0.00215635006316006 76.4873962402344
977 0 0 0.002156289992854 76.58740234375
978 0 0 0.00215622992254794 76.6874008178711
979 0 0 0.00215617008507252 76.7873992919922
980 0 0 0.00215611001476645 76.8873977661133
981 0 0 0.00215604994446039 76.9873962402344
982 0 0 0.00215599010698497 77.08740234375
983 0 0 0.00215593003667891 77.1874008178711
984 0 0 0.00215587997809052 77.2873992919922
985 0 0 0.00215581990778446 77.3873977661133
986 0 0 0.00215576007030904 77.4873962402344
987 0 0 0.00215570000000298 77.58740234375
988 0 0 0.00215563992969692 77.6874008178711
989 0 0 0.00215559010393918 77.7873992919922
990 0 0 0.00215553003363311 77.8873977661133
991 0 0 0.00215546996332705 77.9873962402344
992 0 0 0.00215540989302099 78.08740234375
993 0 0 0.00215536006726325 78.1874008178711
994 0 0 0.00215529999695718 78.2873992919922
995 0 0 0.00215523992665112 78.3873977661133
996 0 0 0.0021551800891757 78.4873962402344
997 0 0 0.00215513003058732 78.58740234375
998 0 0 0.00215506996028125 78.6874008178711
999 0 0 0.00215500988997519 78.7873992919922
1000 21 29 0.00215496006421745 78.8873977661133
