1000 44 29 0.00734198978170753 1.19691002368927
999 0 0 0.00731203006580472 1.19176995754242
998 0 0 0.00728200003504753 1.18661999702454
997 0 0 0.00725188991054893 1.18145000934601
996 0 0 0.00722170993685722 1.17627000808716
995 0 0 0.00719146011397243 1.17109000682831
994 0 0 0.00716115022078156 1.16588997840881
993 0 0 0.00713077001273632 1.16068005561829
992 0 0 0.00710033997893333 1.15546000003815
991 0 0 0.00706984987482429 1.15023994445801
990 0 0 0.00703930016607046 1.14499998092651
989 0 0 0.00700870016589761 1.13976001739502
988 0 0 0.00697804987430573 1.13452005386353
987 0 0 0.00694735022261739 1.1292599439621
986 0 0 0.00691661005839705 1.12399995326996
985 0 0 0.00688582984730601 1.11873996257782
984 0 0 0.00685501005500555 1.11346995830536
983 0 0 0.00682415999472141 1.1081999540329
982 0 0 0.00679326988756657 1.1029200553894
981 0 0 0.00676234997808933 1.09765005111694
980 0 0 0.00673139980062842 1.09237003326416
979 0 0 0.00670043006539345 1.08709001541138
978 0 0 0.00666943984106183 1.08180999755859
977 0 0 0.00663841981440783 1.07652997970581
976 0 0 0.00660739978775382 1.07125997543335
975 0 0 0.00657636020332575 1.06597995758057
974 0 0 0.00654530990868807 1.06070995330811
973 0 0 0.00651424983516335 1.05543994903564
972 0 0 0.00648319022729993 1.05016994476318
971 0 0 0.00645213015377522 1.04490995407104
970 0 0 0.00642107985913754 1.03964996337891
969 0 0 0.00639003003016114 1.03439998626709
968 0 0 0.00635898998007178 1.0291600227356
967 0 0 0.00632796995341778 1.02392995357513
966 0 0 0.00629696017131209 1.01870000362396
965 0 0 0.00626596994698048 1.01347994804382
964 0 0 0.0062350002117455 1.0082700252533
963 0 0 0.00620407005771995 1.0030699968338
962 0 0 0.00617315992712975 0.99788099527359
961 0 0 0.00614228984341025 0.99270498752594
960 0 0 0.00611145002767444 0.987540006637573
959 0 0 0.00608064979314804 0.982388973236084
958 0 0 0.00604989985004067 0.977252006530762
957 0 0 0.00601920019835234 0.972128987312317
956 0 0 0.00598854990676045 0.967020988464355
955 0 0 0.00595796015113592 0.961929023265839
954 0 0 0.00592742022126913 0.956853985786438
953 0 0 0.00589693989604712 0.951795995235443
952 0 0 0.0058665401302278 0.94675600528717
951 0 0 0.00583619996905327 0.94173401594162
950 43 24 0.00580593012273312 0.936730980873108
949 0 0 0.00577573990449309 0.93174797296524
948 0 0 0.00574562977999449 0.926786005496979
947 0 0 0.00571560021489859 0.921844005584717
946 0 0 0.00568564981222153 0.916923999786377
945 0 0 0.00565579999238253 0.912025988101959
944 0 0 0.00562602980062366 0.907150983810425
943 0 0 0.00559636019170284 0.902298986911774
942 0 0 0.00556678976863623 0.897471010684967
941 0 0 0.00553731992840767 0.89266699552536
940 0 0 0.00550795020535588 0.887887001037598
939 0 0 0.00547868991270661 0.883132994174957
938 0 0 0.00544953998178244 0.878404021263123
937 0 0 0.00542049016803503 0.873700976371765
936 0 0 0.00539156002923846 0.869023978710175
935 0 0 0.00536275003105402 0.864373981952667
934 0 0 0.00533404992893338 0.859750986099243
933 0 0 0.00530546996742487 0.855156004428864
932 0 0 0.00527701992541552 0.850588023662567
931 0 0 0.00524867977946997 0.84604799747467
930 0 0 0.00522047001868486 0.841534972190857
929 0 0 0.00519239017739892 0.83705198764801
928 0 0 0.00516443001106381 0.832596004009247
927 0 0 0.00513660022988915 0.828170001506805
926 0 0 0.00510889990255237 0.823772013187408
925 0 0 0.00508132996037602 0.819402992725372
924 0 0 0.00505388993769884 0.815062999725342
923 0 0 0.00502657983452082 0.810751974582672
922 0 0 0.00499940011650324 0.806470990180969
921 0 0 0.00497236009687185 0.802218019962311
920 0 0 0.00494544999673963 0.79799497127533
919 0 0 0.00491866981610656 0.793799996376038
918 0 0 0.00489202979952097 0.789635002613068
917 0 0 0.00486552016809583 0.785498976707458
916 0 0 0.00483913999050856 0.781391024589539
915 0 0 0.00481289019808173 0.777312994003296
914 0 0 0.0047867801040411 0.773262977600098
913 0 0 0.00476079992949963 0.769241988658905
912 0 0 0.0047349501401186 0.765249013900757
911 0 0 0.00470922980457544 0.761285006999969
910 0 0 0.00468363985419273 0.757348001003265
909 0 0 0.00465817004442215 0.753440022468567
908 0 0 0.00463283993303776 0.749558985233307
907 0 0 0.00460762996226549 0.745705008506775
906 0 0 0.00458254013210535 0.741878986358643
905 0 0 0.0045575900003314 0.738079011440277
904 0 0 0.00453275023028255 0.734306991100311
903 0 0 0.00450803013518453 0.730560004711151
902 0 0 0.00448343995958567 0.726840019226074
901 0 0 0.0044589601457119 0.723146021366119
900 42 24 0.00443460000678897 0.719476997852325
899 0 0 0.00441035022959113 0.715833008289337
898 0 0 0.00438622012734413 0.71221399307251
897 0 0 0.00436219992116094 0.708620011806488
896 0 0 0.00433829007670283 0.705049991607666
895 0 0 0.00431449012830853 0.701502978801727
894 0 0 0.00429078983142972 0.697980999946594
893 0 0 0.004267199896276 0.694481015205383
892 0 0 0.00424371007829905 0.691004991531372
891 0 0 0.00422031991183758 0.687551021575928
890 0 0 0.00419702008366585 0.684118986129761
889 0 0 0.00417383015155792 0.680709004402161
888 0 0 0.00415071984753013 0.677320003509521
887 0 0 0.00412771012634039 0.673951983451843
886 0 0 0.00410478981211782 0.670605003833771
885 0 0 0.00408195983618498 0.667279005050659
884 0 0 0.00405920995399356 0.663972020149231
883 0 0 0.00403654016554356 0.660685002803802
882 0 0 0.00401395978406072 0.657416999340057
881 0 0 0.00399145018309355 0.654168009757996
880 0 0 0.00396902021020651 0.650937974452972
879 0 0 0.00394666008651257 0.647724986076355
878 0 0 0.00392438005656004 0.644531011581421
877 0 0 0.00390216009691358 0.641353011131287
876 0 0 0.00388000998646021 0.638193011283875
875 0 0 0.00385792995803058 0.635049998760223
874 0 0 0.00383589998818934 0.631922006607056
873 0 0 0.00381394010037184 0.628811001777649
872 0 0 0.00379203003831208 0.625715017318726
871 0 0 0.00377018004655838 0.622633993625641
870 0 0 0.0037483898922801 0.61956799030304
869 0 0 0.00372664001770318 0.616517007350922
868 0 0 0.00370493996888399 0.613479971885681
867 0 0 0.00368327996693552 0.610455989837646
866 0 0 0.00366167002357543 0.607446014881134
865 0 0 0.0036400998942554 0.604448974132538
864 0 0 0.00361857004463673 0.601464986801147
863 0 0 0.00359706999734044 0.598492980003357
862 0 0 0.00357559998519719 0.595533013343811
861 0 0 0.00355417001992464 0.592584013938904
860 0 0 0.00353276007808745 0.589646995067596
859 0 0 0.00351137993857265 0.586721003055573
858 0 0 0.00349003006704152 0.583805978298187
857 0 0 0.00346868997439742 0.580901026725769
856 0 0 0.00344736990518868 0.578006029129028
855 0 0 0.00342607009224594 0.575119972229004
854 0 0 0.00340478005819023 0.572243988513947
853 0 0 0.00338350003585219 0.56937700510025
852 0 0 0.00336223002523184 0.566518008708954
851 0 0 0.00334096001461148 0.563668012619019
850 41 24 0.00332678994163871 0.561771988868713
849 0 0 0.0033126100897789 0.559880018234253
848 0 0 0.00329844001680613 0.557991981506348
847 0 0 0.00328425993211567 0.556105971336365
846 0 0 0.00327009009197354 0.554224014282227
845 0 0 0.00325591000728309 0.552344024181366
844 0 0 0.00324171991087496 0.550468027591705
843 0 0 0.00322754005901515 0.548595011234283
842 0 0 0.00321333995088935 0.546724021434784
841 0 0 0.00319915008731186 0.544857025146484
840 0 0 0.00318493996746838 0.542991995811462
839 0 0 0.00317073008045554 0.541128993034363
838 0 0 0.00315650994889438 0.539268970489502
837 0 0 0.00314228003844619 0.537410974502563
836 0 0 0.00312804011628032 0.535556018352509
835 0 0 0.0031137999612838 0.53370201587677
834 0 0 0.00309954001568258 0.53185099363327
833 0 0 0.00308527005836368 0.530001997947693
832 0 0 0.00307098007760942 0.528154015541077
831 0 0 0.00305668008513749 0.526309013366699
830 0 0 0.00304237008094788 0.524465024471283
829 0 0 0.00302804005332291 0.522623002529144
828 0 0 0.00301370001398027 0.520783007144928
827 0 0 0.00299933995120227 0.518944025039673
826 0 0 0.00298496009781957 0.517105996608734
825 0 0 0.00297055998817086 0.515269994735718
824 0 0 0.00295614008791745 0.513435006141663
823 0 0 0.00294170994311571 0.511600971221924
822 0 0 0.00292724999599159 0.509768009185791
821 0 0 0.00291277002543211 0.507936000823975
820 0 0 0.0028982600197196 0.506105005741119
819 0 0 0.00288374000228941 0.504275023937225
818 0 0 0.0028691899497062 0.502444982528687
817 0 0 0.00285461009480059 0.500616014003754
816 0 0 0.00283999997191131 0.498787999153137
815 0 0 0.00282537005841732 0.496960014104843
814 0 0 0.0028107101097703 0.495131999254227
813 0 0 0.00279602990485728 0.493304997682571
812 0 0 0.00278130988590419 0.491477996110916
811 0 0 0.00276656006462872 0.489650994539261
810 0 0 0.00275177997536957 0.487825006246567
809 0 0 0.00273696007207036 0.485998004674911
808 0 0 0.00272211991250515 0.484171003103256
807 0 0 0.0027072299271822 0.482344001531601
806 0 0 0.00269231991842389 0.480516999959946
805 0 0 0.00267736008390784 0.478688985109329
804 0 0 0.00266236998140812 0.476861000061035
803 0 0 0.00264734006486833 0.475032985210419
802 0 0 0.00263227010145783 0.473203986883163
801 0 0 0.00261716009117663 0.471374005079269
800 40 24 0.00260201003402472 0.469543009996414
799 0 0 0.00258681993000209 0.467711985111237
798 0 0 0.00257158000022173 0.465880006551743
797 0 0 0.00255630002357066 0.464047014713287
796 0 0 0.0025409699883312 0.462213009595871
795 0 0 0.00252559990622103 0.460377991199493
794 0 0 0.00251017999835312 0.458541989326477
793 0 0 0.00249471003189683 0.456703990697861
792 0 0 0.00247920001856983 0.454865992069244
791 0 0 0.00246362993493676 0.453025996685028
790 0 0 0.00244801002554595 0.451184004545212
789 0 0 0.00243234005756676 0.449340999126434
788 0 0 0.00241662003099918 0.447495996952057
787 0 0 0.00240083993412554 0.445650011301041
786 0 0 0.00238501001149416 0.443801999092102
785 0 0 0.00236912001855671 0.441953003406525
784 0 0 0.00235316995531321 0.440100997686386
783 0 0 0.00233716005459428 0.438248008489609
782 0 0 0.00232110009528697 0.436392992734909
781 0 0 0.00230497005395591 0.434536010026932
780 0 0 0.00228878995403647 0.432675987482071
779 0 0 0.00227254000492394 0.430815011262894
778 0 0 0.00225621997378767 0.428952008485794
777 0 0 0.00223984010517597 0.427085995674133
776 0 0 0.00222339993342757 0.425217986106873
775 0 0 0.00220688991248608 0.423348009586334
774 0 0 0.00219031004235148 0.421476006507874
773 0 0 0.00217366009019315 0.419600993394852
772 0 0 0.00215694005601108 0.417723000049591
771 0 0 0.00214014993980527 0.415843993425369
770 0 0 0.00212328997440636 0.413960993289948
769 0 0 0.00210635992698371 0.412077009677887
768 0 0 0.00208935001865029 0.410189002752304
767 0 0 0.00207226001657546 0.408298999071121
766 0 0 0.00205509993247688 0.406406998634338
765 0 0 0.0020378699991852 0.404511988162994
764 0 0 0.00202054996043444 0.402613997459412
763 0 0 0.00200316007249057 0.400712996721268
762 0 0 0.00198568007908762 0.398809999227524
761 0 0 0.00196813000366092 0.396903991699219
760 0 0 0.00195049005560577 0.394995987415314
759 0 0 0.0019327700138092 0.39308500289917
758 0 0 0.00191496999468654 0.391171008348465
757 0 0 0.00189707998652011 0.389254003763199
756 0 0 0.00187909998930991 0.387335002422333
755 0 0 0.00186104001477361 0.385412991046906
754 0 0 0.00184289994649589 0.38348799943924
753 0 0 0.00182465999387205 0.381561011075974
752 0 0 0.00180633994750679 0.379631012678146
751 0 0 0.0017879200167954 0.377698987722397
750 39 24 0.00176941999234259 0.375764012336731
749 0 0 0.00175082997884601 0.373825997114182
748 0 0 0.00173213996458799 0.371885985136032
747 0 0 0.00171335996128619 0.369944006204605
746 0 0 0.00169449998065829 0.367998987436295
745 0 0 0.00168185995426029 0.366701990365982
744 0 0 0.00166919000912458 0.36540299654007
743 0 0 0.00165648001711816 0.364102989435196
742 0 0 0.00164371996652335 0.362803012132645
741 0 0 0.00163091998547316 0.361501008272171
740 0 0 0.00161807995755225 0.360199004411697
739 0 0 0.00160519999917597 0.358895987272263
738 0 0 0.00159227999392897 0.357591986656189
737 0 0 0.00157931004650891 0.356287002563477
736 0 0 0.00156630994752049 0.354981005191803
735 0 0 0.00155326002277434 0.353675007820129
734 0 0 0.0015401600394398 0.352367997169495
733 0 0 0.00152703002095222 0.351060003042221
732 0 0 0.00151384994387627 0.349750995635986
731 0 0 0.00150063005276024 0.348441988229752
730 0 0 0.00148736999835819 0.347133010625839
729 0 0 0.00147407001350075 0.345822989940643
728 0 0 0.00146071997005492 0.344511985778809
727 0 0 0.00144732999615371 0.343201011419296
726 0 0 0.00143389997538179 0.341890007257462
725 0 0 0.00142043002415448 0.340577989816666
724 0 0 0.00140691001433879 0.339266002178192
723 0 0 0.00139334995765239 0.337953001260757
722 0 0 0.00137975998222828 0.336641013622284
721 0 0 0.00136611994821578 0.335328012704849
720 0 0 0.00135242997203022 0.334015011787415
719 0 0 0.00133870996069163 0.33270201086998
718 0 0 0.00132494000717998 0.331389009952545
717 0 0 0.00131114001851529 0.33007600903511
716 0 0 0.00129728997126222 0.328763991594315
715 0 0 0.00128339999355376 0.32745099067688
714 0 0 0.00126947998069227 0.326139003038406
713 0 0 0.00125551002565771 0.32482698559761
712 0 0 0.00124150002375245 0.323514997959137
711 0 0 0.00122744997497648 0.322203010320663
710 0 0 0.00121335999574512 0.320892989635468
709 0 0 0.00119923998136073 0.319581985473633
708 0 0 0.00118507002480328 0.318271994590759
707 0 0 0.00117086002137512 0.316962987184525
706 0 0 0.00115661998279393 0.315654993057251
705 0 0 0.00114234001375735 0.314346998929977
704 0 0 0.00112801999785006 0.313041001558304
703 0 0 0.00111366005148739 0.31173500418663
702 0 0 0.00109926995355636 0.310429990291595
701 0 0 0.00108484004158527 0.309125989675522
700 38 24 0.00107036996632814 0.307823002338409
699 0 0 0.00105586997233331 0.306522011756897
698 0 0 0.00104133004788309 0.305222004652023
697 0 0 0.00102675997186452 0.303923010826111
696 0 0 0.00101214996539056 0.302626013755798
695 0 0 0.00099750398658216 0.301330000162125
694 0 0 0.000982825993560255 0.300034999847412
693 0 0 0.000968114996794611 0.298743009567261
692 0 0 0.00095337099628523 0.297450989484787
691 0 0 0.000938593992032111 0.296162009239197
690 0 0 0.000923783984035254 0.294874995946884
689 0 0 0.000908942020032555 0.293588995933533
688 0 0 0.000894068973138928 0.292304992675781
687 0 0 0.000879165017977357 0.291023999452591
686 0 0 0.000864228990394622 0.289743989706039
685 0 0 0.000849262985866517 0.288466989994049
684 0 0 0.000834267993923277 0.287191987037659
683 0 0 0.00081924197729677 0.285919010639191
682 0 0 0.000804188020993024 0.284649014472961
681 0 0 0.000789103971328586 0.28338098526001
680 0 0 0.00077399198198691 0.282115995883942
679 0 0 0.000758851994760334 0.280853003263474
678 0 0 0.000743684999179095 0.279592007398605
677 0 0 0.000728489016182721 0.278335005044937
676 0 0 0.000713267014361918 0.277079999446869
675 0 0 0.000698018004186451 0.275828003883362
674 0 0 0.000682742975186557 0.274578988552094
673 0 0 0.000667440996039659 0.273331999778748
672 0 0 0.000652113987598568 0.272089004516602
671 0 0 0.00063676101854071 0.270848989486694
670 0 0 0.000621383020188659 0.269611001014709
669 0 0 0.00060597900301218 0.268377006053925
668 0 0 0.000590551004279405 0.267145991325378
667 0 0 0.000575097976252437 0.265917986631393
666 0 0 0.000559619977138937 0.264694005250931
665 0 0 0.00054411799646914 0.263471990823746
664 0 0 0.000528591976035386 0.262253999710083
663 0 0 0.000513040984515101 0.261038988828659
662 0 0 0.000497466011438519 0.259828001260757
661 0 0 0.00048186699859798 0.258619993925095
660 0 0 0.000466244004201144 0.257414996623993
659 0 0 0.000450596009613946 0.256213992834091
658 0 0 0.000434924004366621 0.255015999078751
657 0 0 0.00041922798845917 0.25382199883461
656 0 0 0.000403507001465186 0.252631008625031
655 0 0 0.000387762003811076 0.251444011926651
654 0 0 0.000371992005966604 0.250261008739471
653 0 0 0.000356195989297703 0.249081000685692
652 0 0 0.000340375991072506 0.247904002666473
651 0 0 0.000324529013596475 0.246730998158455
650 37 24 0.000308657006826252 0.245562002062798
649 0 0 0.000292757991701365 0.24439600110054
648 0 0 0.000276831997325644 0.243233993649483
647 0 0 0.000260878994595259 0.242074996232986
646 0 0 0.000244897993979976 0.240920007228851
645 0 0 0.000228888995479792 0.239767998456955
644 0 0 0.000212850005482323 0.23861999809742
643 0 0 0.000196781998965889 0.237476006150246
642 0 0 0.000180682996870019 0.23633499443531
641 0 0 0.000164552999194711 0.235198006033897
640 0 0 0.000148392005939968 0.234062999486923
639 0 0 0.000132197004859336 0.23293299973011
638 0 0 0.000115968003228772 0.231805995106697
637 0 0 9.97044990072027E-05 0.230682000517845
636 0 0 8.34051024867222E-05 0.229561999440193
635 0 0 6.70688023092225E-05 0.228443995118141
634 0 0 5.06942997162696E-05 0.22733099758625
633 0 0 3.42804014508147E-05 0.226219996809959
632 0 0 1.78257996594766E-05 0.22511300444603
631 0 0 1.32927004869998E-06 0.2240090072155
630 0 0 -1.5210799574561E-05 0.22290700674057
629 0 0 -3.17958001687657E-05 0.22180899977684
628 0 0 -4.8427300498588E-05 0.220714002847672
627 0 0 -6.51070004096255E-05 0.219622001051903
626 0 0 -8.18366970634088E-05 0.218532994389534
625 0 0 -9.86180966719985E-05 0.217446997761726
624 0 0 -0.000115452996396925 0.216362997889519
623 0 0 -0.000132343993755057 0.215281993150711
622 0 0 -0.000149291998241097 0.214203998446465
621 0 0 -0.000166300000273623 0.213128000497818
620 0 0 -0.000183369993465021 0.212054997682571
619 0 0 -0.00020050500461366 0.210984006524086
618 0 0 -0.000217705994145945 0.209915995597839
617 0 0 -0.000234976992942393 0.208849996328354
616 0 0 -0.000252319994615391 0.207785993814468
615 0 0 -0.000269737996859476 0.206724002957344
614 0 0 -0.000287233997369185 0.205663993954659
613 0 0 -0.000304810993839055 0.204605996608734
612 0 0 -0.000322472013067454 0.20354899764061
611 0 0 -0.000340219994541258 0.202494993805885
610 0 0 -0.000358057994162664 0.201442003250122
609 0 0 -0.000375990988686681 0.200389996170998
608 0 0 -0.000394022004911676 0.199340000748634
607 0 0 -0.000412155000958592 0.198291003704071
606 0 0 -0.000430393993156031 0.197243005037308
605 0 0 -0.000448742997832596 0.196197003126144
604 0 0 -0.000467206991743296 0.195151001214981
603 0 0 -0.000485789991216734 0.194105997681618
602 0 0 -0.000504496973007917 0.193060994148254
601 0 0 -0.000523332972079515 0.192017003893852
600 36 24 -0.000542303023394197 0.190972998738289
599 0 0 -0.000561413005925715 0.189930006861687
598 0 0 -0.000580668973270804 0.188887000083923
597 0 0 -0.000600074999965727 0.18784299492836
596 0 0 -0.000619639991782606 0.186799004673958
595 0 0 -0.000639368023257703 0.185754999518394
594 0 0 -0.000659268000163138 0.184710994362831
593 0 0 -0.000679345976095647 0.183665007352829
592 0 0 -0.000699608994182199 0.182619005441666
591 0 0 -0.000720065028872341 0.181571006774902
590 0 0 -0.000740722985938191 0.180521994829178
589 0 0 -0.000761591014452279 0.179471999406815
588 0 0 -0.000782678020186722 0.178420007228851
587 0 0 -0.0008039940148592 0.177366003394127
586 0 0 -0.000825548020657152 0.176310002803802
585 0 0 -0.000847349991090596 0.175252005457878
584 0 0 -0.00086941197514534 0.174190998077393
583 0 0 -0.000891744974069297 0.173126995563507
582 0 0 -0.000914362026378512 0.172060996294022
581 0 0 -0.00093727302737534 0.170991003513336
580 0 0 -0.000960493984166533 0.16991700232029
579 0 0 -0.000984037993475795 0.168840005993843
578 0 0 -0.00100792001467198 0.167758002877235
577 0 0 -0.00103215000126511 0.166673004627228
576 0 0 -0.00105675996746868 0.165582001209259
575 0 0 -0.00108175002969801 0.16448700428009
574 0 0 -0.00110713997855783 0.16338700056076
573 0 0 -0.00113295996561646 0.162281006574631
572 0 0 -0.00115042005199939 0.161540001630783
571 0 0 -0.00116808002348989 0.160796999931335
570 0 0 -0.00118595000822097 0.160051003098488
569 0 0 -0.0012040400179103 0.159301996231079
568 0 0 -0.00122235005255789 0.15854999423027
567 0 0 -0.00124090001918375 0.157794997096062
566 0 0 -0.00125968002248555 0.157036006450653
565 0 0 -0.00127870996948332 0.156275004148483
564 0 0 -0.00129798997659236 0.155509993433952
563 0 0 -0.00131753995083272 0.154741004109383
562 0 0 -0.00133734999690205 0.153969004750252
561 0 0 -0.00135745003353804 0.15319299697876
560 0 0 -0.00137783994432539 0.152412995696068
559 0 0 -0.0013985299738124 0.151629000902176
558 0 0 -0.00141952000558376 0.150840997695923
557 0 0 -0.00144083995837718 0.15004900097847
556 0 0 -0.00146248994860798 0.149251997470856
555 0 0 -0.00148447998799384 0.148451000452042
554 0 0 -0.0015068199718371 0.147644996643066
553 0 0 -0.00152953003998846 0.146834999322891
552 0 0 -0.00155261997133493 0.146019995212555
551 0 0 -0.00157610001042485 0.145199999213219
550 35 24 -0.00159998994786292 0.144374996423721
549 0 0 -0.00162429001647979 0.143545001745224
548 0 0 -0.00164903001859784 0.142709001898766
547 0 0 -0.00167420995421708 0.141867995262146
546 0 0 -0.00169985997490585 0.141021996736526
545 0 0 -0.00172597996424884 0.140169993042946
544 0 0 -0.00175259995739907 0.139312997460365
543 0 0 -0.00177972996607423 0.138448998332024
542 0 0 -0.00180739001370966 0.137580007314682
541 0 0 -0.00183560000732541 0.136704996228218
540 0 0 -0.00186435994692147 0.135823994874954
539 0 0 -0.00189370999578387 0.13493700325489
538 0 0 -0.00192366994451731 0.134045004844666
537 0 0 -0.00195424002595246 0.13314600288868
536 0 0 -0.00198544003069401 0.132239997386932
535 0 0 -0.00201730988919735 0.131328999996185
534 0 0 -0.00204986007884145 0.130411997437477
533 0 0 -0.00208309991285205 0.129489004611969
532 0 0 -0.00211705989204347 0.1285600066185
531 0 0 -0.00215176003985107 0.127625003457069
530 0 0 -0.00218720990233123 0.126683995127678
529 0 0 -0.00222343998029828 0.125737994909286
528 0 0 -0.00226047006435692 0.124785996973515
527 0 0 -0.00229830993339419 0.123828999698162
526 0 0 -0.00233698007650673 0.122867003083229
525 0 0 -0.00237650005146861 0.121899999678135
524 0 0 -0.00241689011454582 0.120929002761841
523 0 0 -0.0024581600446254 0.119952999055386
522 0 0 -0.00250033009797335 0.11897400021553
521 0 0 -0.00254341005347669 0.117991000413895
520 0 0 -0.00258740992285311 0.117004998028278
519 0 0 -0.00263234996236861 0.116016000509262
518 0 0 -0.00267823995091021 0.115024998784065
517 0 0 -0.00272507988847792 0.114031001925468
516 0 0 -0.00277288001962006 0.113036997616291
515 0 0 -0.00282164989039302 0.112040996551514
514 0 0 -0.00287139997817576 0.111046001315117
513 0 0 -0.00292212003841996 0.11005000025034
512 0 0 -0.0029738200828433 0.109053999185562
511 0 0 -0.00302650011144578 0.108060002326965
510 0 0 -0.00308016990311444 0.107068002223969
509 0 0 -0.0031348099000752 0.106077000498772
508 0 0 -0.00319043011404574 0.105089001357555
507 0 0 -0.00324703007936478 0.104103997349739
506 0 0 -0.00330460001714528 0.103123001754284
505 0 0 -0.00336314993910491 0.102145001292229
504 0 0 -0.00342266005463898 0.101171001791954
503 0 0 -0.00348313990980387 0.10020300000906
502 0 0 -0.00354458997026086 0.0992385968565941
501 0 0 -0.00360698997974396 0.0982797965407372
500 34 24 -0.00367035996168852 0.0973265990614891
499 0 0 -0.00373468990437686 0.0963789969682693
498 0 0 -0.00379998004063964 0.0954374000430107
497 0 0 -0.00386622990481555 0.0945018008351326
496 0 0 -0.0039334399625659 0.0935724005103111
495 0 0 -0.00400162022560835 0.0926494002342224
494 0 0 -0.00407077977433801 0.0917328000068665
493 0 0 -0.00414092000573874 0.0908225998282433
492 0 0 -0.00421204976737499 0.0899187996983528
491 0 0 -0.00428419001400471 0.0890214964747429
490 0 0 -0.00435733003541827 0.0881306007504463
489 0 0 -0.00443150009959936 0.0872460007667542
488 0 0 -0.00450672022998333 0.0863676965236664
487 0 0 -0.00458300020545721 0.0854955017566681
486 0 0 -0.00466036982834339 0.0846292972564697
485 0 0 -0.00473883980885148 0.0837690010666847
484 0 0 -0.00481843994930387 0.0829143971204758
483 0 0 -0.00489920983090997 0.0820652022957802
482 0 0 -0.00498116994276643 0.0812214016914368
481 0 0 -0.00506435986608267 0.0803826004266739
480 0 0 -0.00514882011339068 0.0795487016439438
479 0 0 -0.00523458002135158 0.0787193030118942
478 0 0 -0.00532170012593269 0.0778942033648491
477 0 0 -0.00541022000834346 0.0770732015371323
476 0 0 -0.00550020020455122 0.0762557983398438
475 0 0 -0.00559169007465243 0.0754417032003403
474 0 0 -0.0056847701780498 0.0746307000517845
473 0 0 -0.0057795001193881 0.0738222971558571
472 0 0 -0.00587595021352172 0.0730160996317863
471 0 0 -0.00597422011196613 0.0722118020057678
470 0 0 -0.00607438990846276 0.0714088007807732
469 0 0 -0.0061765699647367 0.0706065967679024
468 0 0 -0.00628085993230343 0.0698048993945122
467 0 0 -0.00638739997521043 0.0690028965473175
466 0 0 -0.00649632001295686 0.068200096487999
465 0 0 -0.00660777976736426 0.0673959031701088
464 0 0 -0.00672193011268973 0.0665894970297813
463 0 0 -0.00683898013085127 0.0657801032066345
462 0 0 -0.00695915007963777 0.0649667978286743
461 0 0 -0.00708266999572515 0.0641487017273903
460 0 0 -0.00720982998609543 0.0633246973156929
459 0 0 -0.00734094018116593 0.0624934993684292
458 0 0 -0.00747638987377286 0.0616536997258663
457 0 0 -0.00761660002171993 0.0608037002384663
456 0 0 -0.00771295977756381 0.0602302998304367
455 0 0 -0.00781184993684292 0.0596509985625744
454 0 0 -0.00791344977915287 0.0590648986399174
453 0 0 -0.00801798980683088 0.0584710985422134
452 0 0 -0.00812572985887527 0.0578689016401768
451 0 0 -0.008236950263381 0.0572570003569126
450 33 24 -0.00831320974975824 0.0568430982530117
449 0 0 -0.00839127972722054 0.0564239993691444
448 0 0 -0.00847131013870239 0.0559992007911205
447 0 0 -0.00855342019349337 0.0555681996047497
446 0 0 -0.00863778032362461 0.0551302991807461
445 0 0 -0.00872458983212709 0.0546850003302097
444 0 0 -0.00881403964012861 0.0542314983904362
443 0 0 -0.00890637002885342 0.0537687987089157
442 0 0 -0.00900186970829964 0.0532961003482342
441 0 0 -0.00910085998475552 0.0528122000396252
440 0 0 -0.0092037096619606 0.0523158013820648
439 0 0 -0.00931086018681526 0.0518051013350487
438 0 0 -0.00942284986376762 0.0512785017490387
437 0 0 -0.00954032968729734 0.0507335998117924
436 0 0 -0.00966405030339956 0.0501677989959717
435 0 0 -0.00979498960077763 0.0495776012539864
434 0 0 -0.00993432011455297 0.0489590987563133
433 0 0 -0.0100835002958775 0.0483071990311146
432 0 0 -0.0102442996576428 0.0476159006357193
431 0 0 -0.0104189999401569 0.0468784011900425
430 0 0 -0.0108190001919866 0.0452367998659611
429 0 0 -0.0117653999477625 0.0415844991803169
428 0 0 -0.0130227999761701 0.0371326990425587
427 0 0 -0.0138157997280359 0.034502100199461
426 0 0 -0.014431799761951 0.0325294993817806
425 0 0 -0.0149491997435689 0.0309095997363329
424 0 0 -0.0154016995802522 0.0295142997056246
423 0 0 -0.0158070009201765 0.0282768998295069
422 0 0 -0.0161757003515959 0.027157599106431
421 0 0 -0.0165145993232727 0.0261311996728182
420 0 0 -0.0168284997344017 0.0251803994178772
419 0 0 -0.017120499163866 0.0242935009300709
418 0 0 -0.0173925999552011 0.0234623998403549
417 0 0 -0.0176464002579451 0.0226818006485701
416 0 0 -0.0178824998438358 0.0219486001878977
415 0 0 -0.0181012991815805 0.0212616007775068
414 0 0 -0.0183023996651173 0.0206215009093285
413 0 0 -0.0184854995459318 0.0200300998985767
412 0 0 -0.0186500996351242 0.0194899998605251
411 0 0 -0.0187957007437944 0.0190035998821259
410 0 0 -0.0189223997294903 0.018572399392724
409 0 0 -0.0190308000892401 0.0181964002549648
408 0 0 -0.0191220995038748 0.0178736001253128
407 0 0 -0.0191978998482227 0.0176005996763706
406 0 0 -0.019259799271822 0.0173730999231339
405 0 0 -0.0193096995353699 0.0171862002462149
404 0 0 -0.0193492993712425 0.0170354004949331
403 0 0 -0.0193799994885921 0.016916299238801
402 0 0 -0.0194031000137329 0.0168251991271973
401 0 0 -0.0194196999073029 0.0167586002498865
400 32 24 -0.0194307006895542 0.0167137999087572
399 0 0 -0.0194368008524179 0.0166884008795023
398 31 22 -0.0194387994706631 0.0166804008185863
397 0 0 -0.0194374993443489 0.0166858993470669
396 0 0 -0.0194329004734755 0.0167056005448103
395 0 0 -0.0194253996014595 0.0167385004460812
394 0 0 -0.0194153003394604 0.0167835000902414
393 0 0 -0.0194029007107019 0.016839699819684
392 0 0 -0.0193882994353771 0.0169063005596399
391 0 0 -0.0193719007074833 0.0169827993959188
390 0 0 -0.0193537008017302 0.017068499699235
389 0 0 -0.0193338003009558 0.017162999138236
388 0 0 -0.0193125996738672 0.0172658003866673
387 0 0 -0.0192898996174335 0.0173767991364002
386 0 0 -0.0192658994346857 0.0174954999238253
385 0 0 -0.0192408002912998 0.0176216997206211
384 0 0 -0.0192144997417927 0.0177552998065948
383 0 0 -0.0191872008144855 0.0178960002958775
382 0 0 -0.0191588997840881 0.0180437006056309
381 0 0 -0.0191296003758907 0.018198300153017
380 0 0 -0.0190993994474411 0.0183597002178431
379 0 0 -0.0190683007240295 0.0185279008001089
378 0 0 -0.0190363992005587 0.0187026001513004
377 0 0 -0.0190037004649639 0.0188839994370937
376 0 0 -0.018970200791955 0.0190719999372959
375 0 0 -0.01893600076437 0.0192664992064238
374 0 0 -0.0189009997993708 0.0194675996899605
373 0 0 -0.0188654009252787 0.019675200805068
372 0 0 -0.0188290998339653 0.0198892001062632
371 0 0 -0.018792100250721 0.0201098006218672
370 0 0 -0.0187545008957386 0.0203370004892349
369 0 0 -0.018716299906373 0.0205706004053354
368 0 0 -0.0186774991452694 0.0208107996731997
367 0 0 -0.0186381004750729 0.0210574008524418
366 0 0 -0.0185982007533312 0.0213105995208025
365 0 0 -0.0185576993972063 0.0215703006833792
364 0 0 -0.0185167007148266 0.0218365993350744
363 0 0 -0.0184751991182566 0.0221092998981476
362 0 0 -0.0184333007782698 0.0223884005099535
361 0 0 -0.0183908995240927 0.0226739998906851
360 0 0 -0.0183480996638536 0.0229659993201494
359 0 0 -0.0183048006147146 0.0232643000781536
358 0 0 -0.0182611998170614 0.0235689003020525
357 0 0 -0.0182172004133463 0.023879699409008
356 0 0 -0.018172899261117 0.0241966992616653
355 0 0 -0.0181283000856638 0.0245197005569935
354 0 0 -0.0180833991616964 0.0248486995697021
353 0 0 -0.0180382002145052 0.0251835007220507
352 0 0 -0.0179928001016378 0.0255239997059107
351 0 0 -0.0179472006857395 0.0258700996637344
350 30 24 -0.0179015006870031 0.0262217000126839
349 0 0 -0.0178555008023977 0.0265785995870829
348 0 0 -0.0178095009177923 0.0269405990839005
347 0 0 -0.0177632998675108 0.0273075997829437
346 0 0 -0.0177171006798744 0.0276794992387295
345 0 0 -0.0176708009094 0.0280559994280338
344 0 0 -0.0176244992762804 0.0284369997680187
343 0 0 -0.017578199505806 0.0288223996758461
342 0 0 -0.0175320003181696 0.0292118992656469
341 0 0 -0.0174857005476952 0.0296052992343903
340 0 0 -0.0174396000802517 0.0300025995820761
339 0 0 -0.0173934996128082 0.0304035004228354
338 0 0 -0.0173474997282028 0.0308078993111849
337 0 0 -0.0173016004264355 0.0312156993895769
336 0 0 -0.0172559004276991 0.0316266007721424
335 0 0 -0.0172102991491556 0.032040499150753
334 0 0 -0.0171649008989334 0.0324572995305061
333 0 0 -0.017119599506259 0.0328768007457256
332 0 0 -0.0170744992792606 0.0332989990711212
331 0 0 -0.0170296002179384 0.0337236002087593
330 0 0 -0.0169849004596472 0.0341507010161877
329 0 0 -0.0169404000043869 0.0345801003277302
328 0 0 -0.0168961007148027 0.035011600703001
327 0 0 -0.0168520994484425 0.035445298999548
326 0 0 -0.0168082006275654 0.0358810015022755
325 0 0 -0.0167645998299122 0.036318700760603
324 0 0 -0.016721099615097 0.0367582999169827
323 0 0 -0.0166778992861509 0.0371996983885765
322 0 0 -0.016635000705719 0.0376430004835129
321 0 0 -0.01659220084548 0.0380879007279873
320 0 0 -0.01654970087111 0.0385347008705139
319 0 0 -0.0165074001997709 0.0389830991625786
318 0 0 -0.016465300694108 0.0394331999123096
317 0 0 -0.0164234004914761 0.0398848988115788
316 0 0 -0.0163816995918751 0.0403383001685143
315 0 0 -0.0163401998579502 0.0407934002578259
314 0 0 -0.0162988994270563 0.0412500984966755
313 0 0 -0.0162579007446766 0.0417083986103535
312 0 0 -0.0162170007824898 0.0421684011816978
311 0 0 -0.0161763001233339 0.042630098760128
310 0 0 -0.0161358006298542 0.0430934987962246
309 0 0 -0.0160953998565674 0.0435586012899876
308 0 0 -0.0160553008317947 0.0440254993736744
307 0 0 -0.016015300527215 0.0444940999150276
306 0 0 -0.0159754008054733 0.0449646003544331
305 0 0 -0.0159357991069555 0.0454369001090527
304 0 0 -0.0158961992710829 0.0459110997617245
303 0 0 -0.0158568006008863 0.0463871993124485
302 0 0 -0.0158175993710756 0.0468652993440628
301 0 0 -0.0157785005867481 0.0473455004394054
300 29 24 -0.0157395005226135 0.0478276982903481
299 0 0 -0.0157005991786718 0.0483121015131474
298 0 0 -0.0156618002802134 0.0487986989319324
297 0 0 -0.0156231997534633 0.049287598580122
296 0 0 -0.0155846001580358 0.049778800457716
295 0 0 -0.0155461002141237 0.0502723008394241
294 0 0 -0.0155076999217272 0.0507684014737606
293 0 0 -0.0154694002121687 0.0512670017778873
292 0 0 -0.0154312001541257 0.0517681986093521
291 0 0 -0.0153930000960827 0.0522722005844116
290 0 0 -0.0153548996895552 0.0527787990868092
289 0 0 -0.0153168998658657 0.0532884001731873
288 0 0 -0.0152788003906608 0.0538008995354176
287 0 0 -0.0152409002184868 0.0543164014816284
286 0 0 -0.0152029003947973 0.0548349991440773
285 0 0 -0.0151650002226233 0.0553569011390209
284 0 0 -0.0151271000504494 0.0558819994330406
283 0 0 -0.0150891998782754 0.0564105994999409
282 0 0 -0.0150514002889395 0.0569426007568836
281 0 0 -0.0150135001167655 0.0574783012270927
280 0 0 -0.0149755999445915 0.0580177009105682
279 0 0 -0.0149376997724175 0.0585609003901482
278 0 0 -0.0148997996002436 0.0591081008315086
277 0 0 -0.0148617997765541 0.0596592985093594
276 0 0 -0.0148238996043801 0.0602146983146667
275 0 0 -0.0147858001291752 0.0607744008302689
274 0 0 -0.0147478003054857 0.0613384991884232
273 0 0 -0.0147096002474427 0.0619071982800961
272 0 0 -0.0146714001893997 0.0624805018305779
271 0 0 -0.0146332001313567 0.0630586966872215
270 0 0 -0.0145947998389602 0.0636418014764786
269 0 0 -0.0145563995465636 0.0642300024628639
268 0 0 -0.0145178996026516 0.0648235008120537
267 0 0 -0.0144793000072241 0.0654224008321762
266 0 0 -0.0144405998289585 0.0660267993807793
265 0 0 -0.014401700347662 0.0666370019316673
264 0 0 -0.0143627999350429 0.0672530010342598
263 0 0 -0.0143237002193928 0.0678751021623611
262 0 0 -0.0142844999209046 0.0685034990310669
261 0 0 -0.0142451003193855 0.0691381990909576
260 0 0 -0.0142056001350284 0.069779597222805
259 0 0 -0.0141658997163177 0.0704277008771896
258 0 0 -0.0141260996460915 0.0710828974843025
257 0 0 -0.0140859996899962 0.0717452019453049
256 0 0 -0.0140458000823855 0.0724148973822594
255 0 0 -0.0140054002404213 0.0730921998620033
254 0 0 -0.0139648001641035 0.07377739995718
253 0 0 -0.0139239998534322 0.0744706019759178
252 0 0 -0.0138828996568918 0.07517209649086
251 0 0 -0.013841699808836 0.0758821964263916
250 28 24 -0.0138002000749111 0.0766011029481888
249 0 0 -0.0137584004551172 0.0773290023207664
248 0 0 -0.0137163996696472 0.0780662968754768
247 0 0 -0.0136740999296308 0.0788132026791573
246 0 0 -0.0136315003037453 0.079569898545742
245 0 0 -0.0135887004435062 0.0803368985652924
244 0 0 -0.0135455001145601 0.081114299595356
243 0 0 -0.013501999899745 0.0819024965167046
242 0 0 -0.0134583003818989 0.0827018991112709
241 0 0 -0.0134140998125076 0.0835127010941505
240 0 0 -0.0133696999400854 0.0843352973461151
239 0 0 -0.0133248995989561 0.0851700976490974
238 0 0 -0.0132796997204423 0.0860174000263214
237 0 0 -0.013234100304544 0.086877703666687
236 0 0 -0.013188200071454 0.0877512022852898
235 0 0 -0.0131417997181416 0.088638499379158
234 0 0 -0.0130949998274446 0.089539997279644
233 0 0 -0.013047800399363 0.0904560014605522
232 0 0 -0.0130001995712519 0.0913871005177498
231 0 0 -0.0129520995542407 0.092333696782589
230 0 0 -0.0129035003483295 0.0932962968945503
229 0 0 -0.0128544000908732 0.0942754000425339
228 0 0 -0.0128047997131944 0.095271497964859
227 0 0 -0.012754799798131 0.0962850973010063
226 0 0 -0.0127042001113296 0.0973168015480042
225 0 0 -0.0126529997214675 0.0983671993017197
224 0 0 -0.0126013001427054 0.0994369015097618
223 0 0 -0.0125489998608828 0.100525997579098
222 0 0 -0.012496099807322 0.101635999977589
221 0 0 -0.0124425999820232 0.102767996490002
220 0 0 -0.0123885003849864 0.103919997811317
219 0 0 -0.0123337004333735 0.105095997452736
218 0 0 -0.0122782997786999 0.106294997036457
217 0 0 -0.0122221997007728 0.107516996562481
216 0 0 -0.0121654001995921 0.108764000236988
215 0 0 -0.0121079003438354 0.110036998987198
214 0 0 -0.0120495995506644 0.111336000263691
213 0 0 -0.0119906002655625 0.112662002444267
212 0 0 -0.011930899694562 0.114015996456146
211 0 0 -0.0118703003972769 0.11539900302887
210 0 0 -0.0118089001625776 0.116810999810696
209 0 0 -0.0117467995733023 0.118253998458385
208 0 0 -0.0116838002577424 0.119727998971939
207 0 0 -0.0116199003532529 0.121234998106956
206 0 0 -0.0115550998598337 0.122775003314018
205 0 0 -0.0114895002916455 0.124348998069763
204 0 0 -0.0114230001345277 0.125958994030952
203 0 0 -0.0113554997369647 0.127603992819786
202 0 0 -0.0112870996817946 0.129287004470825
201 0 0 -0.0112177999690175 0.131007999181747
200 27 24 -0.0111475000157952 0.132768005132675
199 0 0 -0.0110761998221278 0.134568005800247
198 0 0 -0.0110039003193378 0.136409997940063
197 0 0 -0.0109305996447802 0.138292998075485
196 0 0 -0.010856400243938 0.140219002962112
195 0 0 -0.0107811000198126 0.142188996076584
194 0 0 -0.0107047995552421 0.144204005599022
193 0 0 -0.010627499781549 0.146265000104904
192 0 0 -0.0105491001158953 0.148372992873192
191 0 0 -0.0104697998613119 0.150527000427246
190 0 0 -0.0103893997147679 0.152730002999306
189 0 0 -0.0103080999106169 0.154981002211571
188 0 0 -0.0102257002145052 0.157281994819641
187 0 0 -0.0101423002779484 0.159631997346878
186 0 0 -0.0100579997524619 0.162033006548882
185 0 0 -0.00997268967330456 0.164484992623329
184 0 0 -0.00988643988966942 0.166988998651505
183 0 0 -0.00979926995933056 0.169542998075485
182 0 0 -0.0097111901268363 0.172150000929832
181 0 0 -0.00962223019450903 0.174807995557785
180 0 0 -0.00953243020921946 0.177517995238304
179 0 0 -0.0094418004155159 0.18027999997139
178 0 0 -0.0093503799289465 0.183093994855881
177 0 0 -0.00925819016993046 0.185958996415138
176 0 0 -0.00916528981178999 0.188875004649162
175 0 0 -0.00907167978584766 0.191843003034592
174 0 0 -0.00897742994129658 0.194860994815826
173 0 0 -0.00888254959136248 0.197927996516228
172 0 0 -0.00878708995878696 0.201046004891396
171 0 0 -0.00869109015911818 0.204211995005608
170 0 0 -0.0085945799946785 0.207425996661186
169 0 0 -0.00849760044366121 0.21068799495697
168 0 0 -0.00840018969029188 0.213997006416321
167 0 0 -0.00830238033086061 0.217352002859116
166 0 0 -0.00820421986281872 0.220752000808716
165 0 0 -0.00810572970658541 0.224197000265121
164 0 0 -0.00800694990903139 0.227685004472733
163 0 0 -0.0079079195857048 0.231215998530388
162 0 0 -0.00780866993591189 0.234789997339249
161 0 0 -0.00770922005176544 0.238404005765915
160 0 0 -0.00760960998013616 0.242059007287025
159 0 0 -0.00750986998900771 0.24575400352478
158 0 0 -0.0074100298807025 0.249487996101379
157 0 0 -0.00731009989976883 0.253259986639023
156 0 0 -0.00721012009307742 0.257068991661072
155 0 0 -0.00711009977385402 0.260915011167526
154 0 0 -0.00701007014140487 0.264797002077103
153 0 0 -0.00691004982218146 0.268714994192123
152 0 0 -0.00681005977094173 0.27266600728035
151 0 0 -0.006710110232234 0.276652008295059
150 26 24 -0.00661021983250976 0.280672013759613
149 0 0 -0.00651040999218822 0.284723997116089
148 0 0 -0.00641069002449512 0.288807988166809
147 0 0 -0.00631107995286584 0.292923986911774
146 0 0 -0.00621157977730036 0.297071009874344
145 0 0 -0.00611220020800829 0.301248997449875
144 0 0 -0.00601295987144113 0.30545699596405
143 0 0 -0.00591386994346976 0.30969500541687
142 0 0 -0.00581492995843291 0.313962012529373
141 0 0 -0.00571615993976593 0.318257987499237
140 0 0 -0.00561755010858178 0.322582006454468
139 0 0 -0.00551912002265453 0.326934993267059
138 0 0 -0.00542085990309715 0.331315994262695
137 0 0 -0.00532278977334499 0.335723996162415
136 0 0 -0.00522491987794638 0.340158998966217
135 0 0 -0.00512723019346595 0.344621986150742
134 0 0 -0.00502973981201649 0.349110007286072
133 0 0 -0.00493245990946889 0.353626012802124
132 0 0 -0.00483536999672651 0.358166992664337
131 0 0 -0.00473849009722471 0.362733989953995
130 0 0 -0.00464182021096349 0.367327004671097
129 0 0 -0.00454535987228155 0.371946007013321
128 0 0 -0.00444909976795316 0.376589000225067
127 0 0 -0.00435305992141366 0.381258010864258
126 0 0 -0.00425721984356642 0.385951995849609
125 0 0 -0.00416160002350807 0.390670001506805
124 0 0 -0.00406619999557734 0.395413011312485
123 0 0 -0.00397100020200014 0.400180995464325
122 0 0 -0.00387601996771991 0.40497300028801
121 0 0 -0.0037812499795109 0.409788012504578
120 0 0 -0.00368669000454247 0.414627999067307
119 0 0 -0.00359235005453229 0.41949200630188
118 0 0 -0.00349821010604501 0.424380004405975
117 0 0 -0.00340428994968534 0.429291993379593
116 0 0 -0.00331058003939688 0.434226989746094
115 0 0 -0.00321706989780068 0.439184993505478
114 0 0 -0.00312377000227571 0.444166988134384
113 0 0 -0.00303068989887834 0.449173003435135
112 0 0 -0.00293780001811683 0.454201996326447
111 0 0 -0.00284511991776526 0.459253996610641
110 0 0 -0.00275265006348491 0.46432900428772
109 0 0 -0.00266037997789681 0.469426989555359
108 0 0 -0.00256830989383161 0.474548012018204
107 0 0 -0.00247644004411995 0.479692995548248
106 0 0 -0.00238476996310055 0.484860002994537
105 0 0 -0.00229329988360405 0.490049988031387
104 0 0 -0.00220203003846109 0.495263993740082
103 0 0 -0.00211094995029271 0.500500023365021
102 0 0 -0.00202006008476019 0.505757987499237
101 0 0 -0.00192936998791993 0.511039972305298
100 25 24 -0.00183886999730021 0.516344010829926
99 0 0 -0.00174855999648571 0.521670997142792
98 0 0 -0.00165842997375876 0.527020990848541
97 0 0 -0.0015684999525547 0.532392978668213
96 0 0 -0.00147875002585351 0.537787973880768
95 0 0 -0.00138918997254223 0.543205976486206
94 0 0 -0.0012998100137338 0.548645973205566
93 0 0 -0.00121061003301293 0.55410897731781
92 0 0 -0.00112160004209727 0.559594988822937
91 0 0 -0.00103276001755148 0.565102994441986
90 0 0 -0.000944108003750443 0.570632994174957
89 0 0 -0.00085562898311764 0.576187014579773
88 0 0 -0.000767328019719571 0.58176201581955
87 0 0 -0.000679200980812311 0.587360978126526
86 0 0 -0.000591248972341418 0.592981994152069
85 0 0 -0.000503471004776657 0.598625004291534
84 0 0 -0.000415863993111998 0.604291021823883
83 0 0 -0.000328429014189169 0.60997998714447
82 0 0 -0.000241162997554056 0.615691006183624
81 0 0 -0.000154067005496472 0.621424973011017
80 0 0 -6.7138797021471E-05 0.627180993556976
79 0 0 1.96223008970264E-05 0.632960021495819
78 0 0 0.000106216997664887 0.6387619972229
77 0 0 0.000192646999494173 0.644586026668549
76 0 0 0.000278911989880726 0.650433003902435
75 0 0 0.00036501299473457 0.656301975250244
74 0 0 0.000450952007668093 0.662194013595581
73 0 0 0.000536728999577463 0.668108999729156
72 0 0 0.000622344028670341 0.674046993255615
71 0 0 0.000707798986695707 0.680006980895996
70 0 0 0.000793093990068883 0.685989022254944
69 0 0 0.000878230028320104 0.691995024681091
68 0 0 0.000963207974564284 0.698023021221161
67 0 0 0.00104802998248488 0.704074025154114
66 0 0 0.00113268999848515 0.710147976875305
65 0 0 0.00121718994341791 0.716243982315063
64 0 0 0.00130153994541615 0.722364008426666
63 0 0 0.00138574000447989 0.728506028652191
62 0 0 0.00146977999247611 0.734670996665955
61 0 0 0.00155366002582014 0.740858972072601
60 0 0 0.00163738999981433 0.747069001197815
59 0 0 0.00172096001915634 0.753302991390228
58 0 0 0.00177659001201391 0.757471024990082
57 0 0 0.00183215003926307 0.761650025844574
56 0 0 0.00188764999620616 0.765838980674744
55 0 0 0.00194306997582316 0.77003800868988
54 0 0 0.0019984298851341 0.774246990680695
53 0 0 0.00205371994525194 0.778465986251831
52 0 0 0.00210893992334604 0.782696008682251
51 0 0 0.00216410006396472 0.786935985088348
50 24 24 0.00221918011084199 0.791185975074768
49 0 0 0.00227420008741319 0.79544597864151
48 0 0 0.00232914998196065 0.799717009067535
47 0 0 0.00238403002731502 0.803997993469238
46 0 0 0.00243883999064565 0.808288991451263
45 0 0 0.00249358988367021 0.812590003013611
44 0 0 0.00254826992750168 0.816901981830597
43 0 0 0.00260287988930941 0.821223974227905
42 0 0 0.00265742000192404 0.825555980205536
41 0 0 0.00271189003251493 0.829897999763489
40 0 0 0.00276629999279976 0.83425098657608
39 0 0 0.00282064010389149 0.838612973690033
38 0 0 0.00287490990012884 0.84298700094223
37 0 0 0.00292911008000374 0.847370028495789
36 0 0 0.00298323994502425 0.851764023303986
35 0 0 0.00303730997256935 0.85616797208786
34 0 0 0.00309129990637302 0.860581994056702
33 0 0 0.00314523000270128 0.865006983280182
32 0 0 0.00319908000528812 0.869441986083984
31 0 0 0.0032528699375689 0.873887002468109
30 0 0 0.00330659002065659 0.878341972827911
29 0 0 0.00336024002172053 0.882808029651642
28 0 0 0.00341381994076073 0.887283980846405
27 0 0 0.00346733001060784 0.891770005226135
26 0 0 0.00352076999843121 0.896266996860504
25 0 0 0.00357413990423083 0.900774002075195
24 0 0 0.00362743996083736 0.905291020870209
23 0 0 0.00368066993542016 0.909819006919861
22 0 0 0.00373383006080985 0.914355993270874
21 0 0 0.00378692010417581 0.918904006481171
20 0 0 0.00383993005380034 0.923462986946106
19 0 0 0.00389286992140114 0.928031027317047
18 0 0 0.00394573993980885 0.932609975337982
17 0 0 0.00399853987619281 0.937198996543884
16 0 0 0.00405126996338367 0.941797971725464
15 0 0 0.00410391995683312 0.946407973766327
14 0 0 0.00415650010108948 0.951026976108551
13 0 0 0.00420900015160441 0.955657005310059
12 0 0 0.00426142988726497 0.960296988487244
11 0 0 0.00431378977373242 0.964947998523712
10 0 0 0.00436607003211975 0.969608008861542
9 0 0 0.00441827019676566 0.974277973175049
8 0 0 0.00447040004655719 0.978959023952484
7 0 0 0.00452244002372026 0.983650028705597
6 0 0 0.00457441993057728 0.988349974155426
5 0 0 0.00460901996120811 0.991490006446838
4 0 0 0.00464359018951654 0.994633972644806
3 0 0 0.00466661993414164 0.996731996536255
2 0 0 0.00468196021392941 0.998131990432739
1 0 0 0.0047023999504745 1
1 0 0 0.0047023999504745 1
2 0 0 0.00472284015268087 1.00187003612518
3 0 0 0.00473815016448498 1.00327003002167
4 0 0 0.00476111983880401 1.00538003444672
5 0 0 0.00479552987962961 1.00854003429413
6 0 0 0.00484707998111844 1.0132999420166
7 0 0 0.00489854998886585 1.01805996894836
8 0 0 0.00494993990287185 1.02283000946045
9 0 0 0.00500123994424939 1.02760994434357
10 0 0 0.00505245989188552 1.03241002559662
11 0 0 0.0051035899668932 1.03720998764038
12 0 0 0.00515463994815946 1.04201996326447
13 0 0 0.00520560005679727 1.04683995246887
14 0 0 0.00525646982714534 1.0516699552536
15 0 0 0.00530725019052625 1.05650997161865
16 0 0 0.00535794021561742 1.06136000156403
17 0 0 0.00540853990241885 1.06622004508972
18 0 0 0.00545905018225312 1.07108998298645
19 0 0 0.00550945987924933 1.07597005367279
20 0 0 0.00555976992473006 1.08085000514984
21 0 0 0.00560999009758234 1.08574998378754
22 0 0 0.00566011993214488 1.09064996242523
23 0 0 0.00571013987064362 1.09555995464325
24 0 0 0.00576006015762687 1.10047996044159
25 0 0 0.00580987008288503 1.10540997982025
26 0 0 0.00585957989096642 1.11035001277924
27 0 0 0.00590919004753232 1.11530005931854
28 0 0 0.0059586800634861 1.12024998664856
29 0 0 0.00600806996226311 1.12521004676819
30 0 0 0.00605734018608928 1.13018000125885
31 0 0 0.00610650004819036 1.13515996932983
32 0 0 0.00615553976967931 1.14014005661011
33 0 0 0.00620445981621742 1.14513003826141
34 0 0 0.0062532601878047 1.15013003349304
35 0 0 0.00630193017423153 1.15514004230499
36 0 0 0.00635046977549791 1.16015005111694
37 0 0 0.00639889016747475 1.1651599407196
38 0 0 0.00644716992974281 1.1701899766922
39 0 0 0.00649530999362469 1.17522001266479
40 0 0 0.00654330989345908 1.18025004863739
41 0 0 0.00659117009490728 1.18528997898102
42 0 0 0.00663887988775969 1.19033002853394
43 0 0 0.00668644020333886 1.19537997245789
44 0 0 0.00673383986577392 1.20043003559113
45 0 0 0.00678107980638742 1.20547997951508
46 0 0 0.00682816002517939 1.21054005622864
47 0 0 0.00687506981194019 1.21560001373291
48 0 0 0.0069217998534441 1.22065997123718
49 0 0 0.00696835992857814 1.22572004795074
50 2 24 0.00701471976935863 1.23078000545502
51 0 0 0.00706089986488223 1.23584997653961
52 0 0 0.00710686994716525 1.24091005325317
53 0 0 0.00715265003964305 1.24597001075745
54 0 0 0.00719820987433195 1.2510199546814
55 0 0 0.00724354991689324 1.25608003139496
56 0 0 0.00728865992277861 1.26112997531891
57 0 0 0.00733353989198804 1.26617002487183
58 0 0 0.00737818004563451 1.27120995521545
59 0 0 0.00742255989462137 1.27623999118805
60 0 0 0.00746669014915824 1.28127002716064
61 0 0 0.00751052983105183 1.2862800359726
62 0 0 0.00755409989506006 1.29129004478455
63 0 0 0.00759737007319927 1.29628002643585
64 0 0 0.00764033989980817 1.30125999450684
65 0 0 0.00768298003822565 1.30622005462646
66 0 0 0.00772529980167747 1.31115996837616
67 0 0 0.00776726985350251 1.31608998775482
68 0 0 0.00780887994915247 1.32099997997284
69 0 0 0.0078501095995307 1.32588005065918
70 0 0 0.00789094995707273 1.33073997497559
71 0 0 0.00793138984590769 1.33556997776031
72 0 0 0.00797139015048742 1.3403799533844
73 0 0 0.00801096018403769 1.34514999389648
74 0 0 0.00805005989968777 1.34987998008728
75 0 0 0.0080886697396636 1.3545800447464
76 0 0 0.00812678970396519 1.35924005508423
77 0 0 0.00816437043249607 1.36386001110077
78 0 0 0.0082014100626111 1.36843001842499
79 0 0 0.00823787041008472 1.3729499578476
80 0 0 0.00827374029904604 1.37741994857788
81 0 0 0.00830898992717266 1.38182997703552
82 0 0 0.00834359973669052 1.38618004322052
83 0 0 0.00837752968072891 1.39047002792358
84 0 0 0.00841077044606209 1.39469003677368
85 0 0 0.00844328012317419 1.39883005619049
86 0 0 0.00847505033016205 1.40289998054504
87 0 0 0.0085060503333807 1.4068900346756
88 0 0 0.00853624008595943 1.41079998016357
89 0 0 0.00856561958789825 1.41462004184723
90 0 0 0.00859414041042328 1.41833996772766
91 0 0 0.00862179975956678 1.42197000980377
92 0 0 0.00864856038242579 1.42549002170563
93 0 0 0.00867441017180681 1.42892003059387
94 0 0 0.0086993295699358 1.43222999572754
95 0 0 0.00872328970581293 1.43543004989624
96 0 0 0.00874629989266396 1.4385199546814
97 0 0 0.00876832008361816 1.44149005413055
98 0 0 0.0087893595919013 1.44433999061584
99 0 0 0.00880939979106188 1.44707000255585
100 3 24 0.00882843974977732 1.44966995716095
101 0 0 0.00884648039937019 1.45214998722076
102 0 0 0.00886350963264704 1.45449995994568
103 0 0 0.00887953955680132 1.45671999454498
104 0 0 0.00889455992728472 1.45880997180939
105 0 0 0.00890859961509705 1.46077001094818
106 0 0 0.00892165023833513 1.46259999275208
107 0 0 0.00893373042345047 1.46431005001068
108 0 0 0.00894485041499138 1.46588003635406
109 0 0 0.00895502977073193 1.46732997894287
110 0 0 0.00896427966654301 1.46863996982574
111 0 0 0.00897261966019869 1.46984004974365
112 0 0 0.00898007024079561 1.47090995311737
113 0 0 0.00898663979023695 1.47186005115509
114 0 0 0.00899237021803856 1.47268998622894
115 0 0 0.00899726990610361 1.47339999675751
116 0 0 0.00900136027485132 1.47399997711182
117 0 0 0.00900465995073318 1.47448003292084
118 0 0 0.00900720991194248 1.47485995292664
119 0 0 0.00900901015847921 1.47511994838715
120 0 0 0.00901008956134319 1.47528004646301
121 0 0 0.00901047978550196 1.47534000873566
122 4 22 0.00901047978550196 1.47534000873566
123 0 0 0.00901008956134319 1.47528004646301
124 0 0 0.00900905020534992 1.47511994838715
125 0 0 0.00900738034397364 1.47486996650696
126 0 0 0.0090050995349884 1.47452998161316
127 0 0 0.00900224037468433 1.47409999370575
128 0 0 0.00899881031364202 1.47358000278473
129 0 0 0.00899482984095812 1.47298002243042
130 0 0 0.00899032037705183 1.4722900390625
131 0 0 0.0089853098616004 1.471519947052
132 0 0 0.00897978991270065 1.47067999839783
133 0 0 0.00897380989044905 1.46975994110107
134 0 0 0.00896735955029726 1.46877002716064
135 0 0 0.00896046031266451 1.46770000457764
136 0 0 0.00895314011722803 1.46657001972198
137 0 0 0.0089453998953104 1.46537005901337
138 0 0 0.00893726013600826 1.46410000324249
139 0 0 0.00892873015254736 1.46276998519897
140 0 0 0.00891983043402433 1.46138000488281
141 0 0 0.00891057029366493 1.45992994308472
142 0 0 0.00890094973146915 1.45842003822327
143 0 0 0.00889100041240454 1.45685005187988
144 0 0 0.00888071954250336 1.45522999763489
145 0 0 0.00887013040482998 1.45354998111725
146 0 0 0.00885921996086836 1.45182001590729
147 0 0 0.00884803012013435 1.45003998279572
148 0 0 0.00883654039353132 1.44822001457214
149 0 0 0.00882477965205908 1.44633996486664
150 5 24 0.00881274044513702 1.44441998004913
151 0 0 0.00880044978111982 1.44245004653931
152 0 0 0.00878790020942688 1.44044005870819
153 0 0 0.00877511035650969 1.43838000297546
154 0 0 0.00876208022236824 1.43628001213074
155 0 0 0.00874882005155087 1.43413996696472
156 0 0 0.00873534008860588 1.43197000026703
157 0 0 0.00872164033353329 1.42974996566772
158 0 0 0.00870771985501051 1.42748999595642
159 0 0 0.00869361031800508 1.42519998550415
160 0 0 0.0086792903020978 1.42287003993988
161 0 0 0.00866478029638529 1.42051005363464
162 0 0 0.0086500896140933 1.41811001300812
163 0 0 0.00863520987331867 1.41568005084991
164 0 0 0.00862015038728714 1.41321003437042
165 0 0 0.0086049297824502 1.41071999073029
166 0 0 0.00858953036367893 1.40819001197815
167 0 0 0.00857396982610226 1.40562999248505
168 0 0 0.00855825003236532 1.40304005146027
169 0 0 0.00854238029569387 1.40042996406555
170 0 0 0.00852635037153959 1.39777994155884
171 0 0 0.00851017981767654 1.39511001110077
172 0 0 0.0084938695654273 1.39241003990173
173 0 0 0.00847741030156612 1.38968002796173
174 0 0 0.00846081972122192 1.38692998886108
175 0 0 0.00844409968703985 1.38415002822876
176 0 0 0.00842723995447159 1.38135004043579
177 0 0 0.0084102600812912 1.37852001190186
178 0 0 0.00839316006749868 1.37566995620728
179 0 0 0.00837593991309404 1.37278997898102
180 0 0 0.00835859961807728 1.36989998817444
181 0 0 0.00834114011377096 1.36697995662689
182 0 0 0.00832356978207827 1.36404001712799
183 0 0 0.00830588955432177 1.36107003688812
184 0 0 0.00828810967504978 1.35809004306793
185 0 0 0.00827021989971399 1.3550900220871
186 0 0 0.00825222954154015 1.3520599603653
187 0 0 0.00823414046317339 1.34902000427246
188 0 0 0.008215949870646 1.34596002101898
189 0 0 0.00819765962660313 1.34288001060486
190 0 0 0.00817927997559309 1.33977997303009
191 0 0 0.00816080998629332 1.33666002750397
192 0 0 0.0081422496587038 1.33352994918823
193 0 0 0.00812359992414713 1.33036994934082
194 0 0 0.00810487009584904 1.32720994949341
195 0 0 0.00808604992926121 1.32402002811432
196 0 0 0.00806714966893196 1.32081997394562
197 0 0 0.00804817024618387 1.31760001182556
198 0 0 0.00802910979837179 1.31437003612518
199 0 0 0.00800997018814087 1.31112003326416
200 6 24 0.00799074955284595 1.30785000324249
201 0 0 0.00797145999968052 1.30457997322083
202 0 0 0.00795209966599941 1.30128002166748
203 0 0 0.00793267041444778 1.29797995090485
204 0 0 0.00791316013783216 1.29465997219086
205 0 0 0.00789359025657177 1.29131996631622
206 0 0 0.0078739495947957 1.28796994686127
207 0 0 0.00785425025969744 1.2846200466156
208 0 0 0.0078344801440835 1.28123998641968
209 0 0 0.00781464017927647 1.27786004543304
210 0 0 0.0077947499230504 1.27445995807648
211 0 0 0.00777478981763124 1.27104997634888
212 0 0 0.00775477010756731 1.26762998104095
213 0 0 0.00773470010608435 1.26419997215271
214 0 0 0.007714559789747 1.26075994968414
215 0 0 0.0076943701133132 1.25730001926422
216 0 0 0.00767413014546037 1.25383996963501
217 0 0 0.00765383010730147 1.25037002563477
218 0 0 0.00763347977772355 1.24688005447388
219 0 0 0.00761306984350085 1.2433899641037
220 0 0 0.00759261986240745 1.23987996578217
221 0 0 0.00757210981100798 1.23636996746063
222 0 0 0.00755154993385077 1.23284995555878
223 0 0 0.00753095000982285 1.22932004928589
224 0 0 0.0075102997943759 1.22578001022339
225 0 0 0.00748960021883249 1.22222995758057
226 0 0 0.00746886013075709 1.21867001056671
227 0 0 0.00744807999581099 1.21510994434357
228 0 0 0.00742725003510714 1.21152997016907
229 0 0 0.00740638002753258 1.20794999599457
230 0 0 0.00738546019420028 1.20437002182007
231 0 0 0.0073645100928843 1.20077002048492
232 0 0 0.00734351994469762 1.19717001914978
233 0 0 0.00732249021530151 1.19356000423431
234 0 0 0.00730141997337341 1.18994998931885
235 0 0 0.00728031015023589 1.18632996082306
236 0 0 0.00725917005911469 1.18270003795624
237 0 0 0.00723798992112279 1.17906999588013
238 0 0 0.0072167799808085 1.17543005943298
239 0 0 0.00719553977251053 1.17179000377655
240 0 0 0.00717425998300314 1.16814005374908
241 0 0 0.00715294992551208 1.16447997093201
242 0 0 0.00713161984458566 1.16082000732422
243 0 0 0.00711025018244982 1.15716004371643
244 0 0 0.00708884978666902 1.15348994731903
245 0 0 0.00706742983311415 1.14981997013092
246 0 0 0.00704596983268857 1.14614999294281
247 0 0 0.00702450005337596 1.14247000217438
248 0 0 0.00700299022719264 1.13879001140594
249 0 0 0.006981470156461 1.13510000705719
250 7 24 0.00695991981774569 1.13141000270844
251 0 0 0.00693834014236927 1.12771999835968
252 0 0 0.00691675022244453 1.12402999401093
253 0 0 0.00689513003453612 1.12032997608185
254 0 0 0.00687350006774068 1.11662995815277
255 0 0 0.00685185007750988 1.11293005943298
256 0 0 0.00683018006384373 1.10923004150391
257 0 0 0.00680849002674222 1.10552000999451
258 0 0 0.00678679021075368 1.10181999206543
259 0 0 0.0067650699056685 1.09810996055603
260 0 0 0.00674333982169628 1.09440994262695
261 0 0 0.00672159995883703 1.09070003032684
262 0 0 0.00669984007254243 1.08698999881744
263 0 0 0.00667808018624783 1.08327996730804
264 0 0 0.00665629981085658 1.07957994937897
265 0 0 0.00663451990112662 1.07587003707886
266 0 0 0.00661273021250963 1.07216000556946
267 0 0 0.00659092981368303 1.06845998764038
268 0 0 0.00656912988051772 1.06474995613098
269 0 0 0.00654732016846538 1.06105005741119
270 0 0 0.00652550999075174 1.05735003948212
271 0 0 0.00650369003415108 1.05365002155304
272 0 0 0.00648187985643744 1.04995000362396
273 0 0 0.0064600701443851 1.04624998569489
274 0 0 0.00643825018778443 1.04255998134613
275 0 0 0.0064164400100708 1.03886997699738
276 0 0 0.00639464007690549 1.03517997264862
277 0 0 0.00637284014374018 1.03149998188019
278 0 0 0.00635104021057487 1.02781999111176
279 0 0 0.00632925005629659 1.02414000034332
280 0 0 0.00630747014656663 1.02047002315521
281 0 0 0.00628570001572371 1.0168000459671
282 0 0 0.0062639401294291 1.01313996315002
283 0 0 0.00624219002202153 1.00947999954224
284 0 0 0.00622045015916228 1.00582003593445
285 0 0 0.0061987298540771 1.00216996669769
286 0 0 0.00617701979354024 0.998529970645905
287 0 0 0.00615533022210002 0.994892001152039
288 0 0 0.00613366020843387 0.99125999212265
289 0 0 0.00611201021820307 0.987634003162384
290 0 0 0.0060903700068593 0.984013974666595
291 0 0 0.00606876006349921 0.980401992797852
292 0 0 0.00604717014357448 0.976795971393585
293 0 0 0.00602561002597213 0.973196983337402
294 0 0 0.00600406993180513 0.969605982303619
295 0 0 0.00598254986107349 0.966023027896881
296 0 0 0.00596106983721256 0.962446987628937
297 0 0 0.00593960983678699 0.958878993988037
298 0 0 0.00591818010434508 0.955320000648499
299 0 0 0.0058967899531126 0.951770007610321
300 8 24 0.00587541982531548 0.948228001594543
301 0 0 0.00585409021005034 0.944694995880127
302 0 0 0.00583280017599463 0.941172003746033
303 0 0 0.00581153994426131 0.9376580119133
304 0 0 0.00579030998051167 0.934153020381927
305 0 0 0.00576912984251976 0.930658996105194
306 0 0 0.00574799021705985 0.927174985408783
307 0 0 0.00572687992826104 0.923700988292694
308 0 0 0.00570581993088126 0.920237004756927
309 0 0 0.00568479998037219 0.9167839884758
310 0 0 0.00566382007673383 0.913341999053955
311 0 0 0.00564288999885321 0.90991199016571
312 0 0 0.00562201021239161 0.906491994857788
313 0 0 0.00560117000713944 0.903083980083466
314 0 0 0.0055803800933063 0.899688005447388
315 0 0 0.0055596400052309 0.89630401134491
316 0 0 0.00553893996402621 0.89293098449707
317 0 0 0.00551829999312758 0.889571011066437
318 0 0 0.0054977098479867 0.886223018169403
319 0 0 0.00547717977315187 0.882887005805969
320 0 0 0.00545669021084905 0.879563987255096
321 0 0 0.00543627003207803 0.876254022121429
322 0 0 0.00541588990017772 0.872955977916718
323 0 0 0.00539556983858347 0.869672000408173
324 0 0 0.00537530984729528 0.866401016712189
325 0 0 0.00535510992631316 0.863143026828766
326 0 0 0.00533495983108878 0.859897971153259
327 0 0 0.00531488005071878 0.85666698217392
328 0 0 0.00529485009610653 0.853450000286102
329 0 0 0.00527488021180034 0.850246012210846
330 0 0 0.00525498017668724 0.847055017948151
331 0 0 0.00523512996733189 0.843878984451294
332 0 0 0.00521535007283092 0.840717017650604
333 0 0 0.00519562000408769 0.837567985057831
334 0 0 0.00517595978453755 0.834433972835541
335 0 0 0.0051563698798418 0.831314027309418
336 0 0 0.00513684004545212 0.828208029270172
337 0 0 0.00511736981570721 0.825115978717804
338 0 0 0.00509796012192965 0.822037994861603
339 0 0 0.00507861981168389 0.81897497177124
340 0 0 0.00505934003740549 0.815925002098083
341 0 0 0.00504013011232018 0.812891006469727
342 0 0 0.00502099003642797 0.809870004653931
343 0 0 0.00500191003084183 0.806864023208618
344 0 0 0.00498289009556174 0.803873002529144
345 0 0 0.00496394000947475 0.800894975662231
346 0 0 0.00494504999369383 0.797932028770447
347 0 0 0.00492624007165432 0.794983983039856
348 0 0 0.00490747997537255 0.792050004005432
349 0 0 0.00488879019394517 0.789129972457886
350 9 24 0.00487016979604959 0.786224007606506
351 0 0 0.00485162017866969 0.783333003520966
352 0 0 0.00483313016593456 0.780456006526947
353 0 0 0.0048147002235055 0.777593016624451
354 0 0 0.00479634013026953 0.774744987487793
355 0 0 0.00477804010733962 0.771910011768341
356 0 0 0.00475980993360281 0.769089996814728
357 0 0 0.00474165007472038 0.766282975673676
358 0 0 0.0047235400415957 0.763490974903107
359 0 0 0.00470551010221243 0.760712027549744
360 0 0 0.0046875299885869 0.757947027683258
361 0 0 0.00466962018981576 0.75519597530365
362 0 0 0.00465177977457643 0.752458989620209
363 0 0 0.00463399011641741 0.749734997749329
364 0 0 0.0046162698417902 0.747025012969971
365 0 0 0.00459861010313034 0.744328022003174
366 0 0 0.00458100996911526 0.741644978523254
367 0 0 0.00456346990540624 0.738974988460541
368 0 0 0.0045460001565516 0.736317992210388
369 0 0 0.00452857976779342 0.733673989772797
370 0 0 0.00451121991500258 0.731042981147766
371 0 0 0.00449392013251781 0.728425025939941
372 0 0 0.00447669019922614 0.725820004940033
373 0 0 0.00445949984714389 0.723227977752686
374 0 0 0.00444237980991602 0.720647990703583
375 0 0 0.00442531006410718 0.71807998418808
376 0 0 0.00440831016749144 0.715524971485138
377 0 0 0.00439134985208511 0.712983012199402
378 0 0 0.00437445007264614 0.710452020168304
379 0 0 0.00435760989785194 0.707933008670807
380 0 0 0.00434082001447678 0.70542699098587
381 0 0 0.00432407995685935 0.702932000160217
382 0 0 0.00430739996954799 0.700448989868164
383 0 0 0.00429076980799437 0.697977006435394
384 0 0 0.00427418015897274 0.695517003536224
385 0 0 0.00425765011459589 0.693068027496338
386 0 0 0.00424116989597678 0.690630972385406
387 0 0 0.0042247399687767 0.688203990459442
388 0 0 0.00420835986733437 0.685788989067078
389 0 0 0.00419203005731106 0.683384001255035
390 0 0 0.00417573982849717 0.680989980697632
391 0 0 0.00415949989110231 0.678605973720551
392 0 0 0.00414330000057817 0.676232993602753
393 0 0 0.00412714993581176 0.673870980739594
394 0 0 0.00411105016246438 0.67151802778244
395 0 0 0.00409498019143939 0.669175982475281
396 0 0 0.00407896004617214 0.666842997074127
397 0 0 0.00406299019232392 0.664520978927612
398 0 0 0.00404705014079809 0.662208020687103
399 0 0 0.00403115013614297 0.659905016422272
400 10 24 0.00401529995724559 0.657611012458801
401 0 0 0.00399948004633188 0.655326008796692
402 0 0 0.00398370018228889 0.653051018714905
403 0 0 0.00396795012056828 0.650784015655518
404 0 0 0.00395224988460541 0.648527026176453
405 0 0 0.00393657013773918 0.646278023719788
406 0 0 0.0039209402166307 0.644038021564484
407 0 0 0.00390533008612692 0.641807019710541
408 0 0 0.00388976000249386 0.639584004878998
409 0 0 0.0038742299657315 0.637368977069855
410 0 0 0.0038587199524045 0.635163009166718
411 0 0 0.0038432499859482 0.632964015007019
412 0 0 0.00382780004292727 0.630774021148682
413 0 0 0.00381237990222871 0.628591001033783
414 0 0 0.00379700004123151 0.626416027545929
415 0 0 0.00378163997083902 0.624248027801514
416 0 0 0.00376629992388189 0.622088015079498
417 0 0 0.00375098991207778 0.619934976100922
418 0 0 0.00373570993542671 0.617788970470428
419 0 0 0.00372044998221099 0.615649998188019
420 0 0 0.00370521005243063 0.613517999649048
421 0 0 0.00368999992497265 0.611392974853516
422 0 0 0.00367481005378067 0.609274983406067
423 0 0 0.00365963997319341 0.60716301202774
424 0 0 0.00364447990432382 0.605058014392853
425 0 0 0.0036293501034379 0.602958977222443
426 0 0 0.0036142400931567 0.6008660197258
427 0 0 0.00359914009459317 0.598779022693634
428 0 0 0.00358405988663435 0.596697986125946
429 0 0 0.00356898992322385 0.594623029232025
430 0 0 0.00355393998324871 0.592553019523621
431 0 0 0.00353891006670892 0.590488970279694
432 0 0 0.00352387991733849 0.588431000709534
433 0 0 0.00350887002423406 0.58637797832489
434 0 0 0.00349386991001666 0.584330022335052
435 0 0 0.00347888004034758 0.582287013530731
436 0 0 0.00346389994956553 0.580250024795532
437 0 0 0.0034489301033318 0.578217029571533
438 0 0 0.00343396002426744 0.576188981533051
439 0 0 0.00341900996863842 0.574164986610413
440 0 0 0.00340405991300941 0.572147011756897
441 0 0 0.00338911009021103 0.57013201713562
442 0 0 0.0033741700462997 0.568122029304504
443 0 0 0.00335923000238836 0.566115975379944
444 0 0 0.0033442999701947 0.564113974571228
445 0 0 0.00332935992628336 0.562116980552673
446 0 0 0.0033144298940897 0.560123026371002
447 0 0 0.00329950009472668 0.558131992816925
448 0 0 0.00328456005081534 0.556146025657654
449 0 0 0.00326963001862168 0.554162979125977
450 11 24 0.00325468997471035 0.552182972431183
451 0 0 0.00323974993079901 0.550207018852234
452 0 0 0.00322480010800064 0.548233985900879
453 0 0 0.00320985005237162 0.546263992786407
454 0 0 0.00319488998502493 0.544296979904175
455 0 0 0.00317991990596056 0.542333006858826
456 0 0 0.00316495005972683 0.540372014045715
457 0 0 0.00314995995722711 0.538412988185883
458 0 0 0.00313497008755803 0.536457002162933
459 0 0 0.00311995996162295 0.534503996372223
460 0 0 0.00310495006851852 0.532553017139435
461 0 0 0.00308990990743041 0.530604004859924
462 0 0 0.00307486997917295 0.528657019138336
463 0 0 0.00305981002748013 0.526713013648987
464 0 0 0.00304474006406963 0.524770021438599
465 0 0 0.0030296400655061 0.522828996181488
466 0 0 0.0030145300552249 0.5208899974823
467 0 0 0.00299941003322601 0.518952012062073
468 0 0 0.0029842599760741 0.517015993595123
469 0 0 0.00296908989548683 0.515082001686096
470 0 0 0.00295390002429485 0.51314902305603
471 0 0 0.0029386798851192 0.511216998100281
472 0 0 0.00292344996705651 0.509285986423492
473 0 0 0.00290818000212312 0.507357001304626
474 0 0 0.00289290002547204 0.50542801618576
475 0 0 0.00287758000195026 0.503499984741211
476 0 0 0.00286223995499313 0.501573026180267
477 0 0 0.00284687010571361 0.499646991491318
478 0 0 0.00283146998845041 0.497720986604691
479 0 0 0.00281604006886482 0.495795011520386
480 0 0 0.00280057010240853 0.493869990110397
481 0 0 0.0027850701007992 0.491946011781693
482 0 0 0.00276954006403685 0.490020990371704
483 0 0 0.00275397999212146 0.488095998764038
484 0 0 0.00273838010616601 0.486171990633011
485 0 0 0.0027227399405092 0.484246999025345
486 0 0 0.00270705996081233 0.482322990894318
487 0 0 0.00269133993424475 0.480397999286652
488 0 0 0.00267558009363711 0.478471994400024
489 0 0 0.00265977997332811 0.476545989513397
490 0 0 0.00264394003897905 0.474620014429092
491 0 0 0.00262806005775928 0.472692996263504
492 0 0 0.00261212000623345 0.470764994621277
493 0 0 0.00259614991955459 0.468836009502411
494 0 0 0.00258011999540031 0.466906994581223
495 0 0 0.00256405002437532 0.464976012706757
496 0 0 0.00254792999476194 0.463045001029968
497 0 0 0.00253174989484251 0.46111199259758
498 0 0 0.002515529980883 0.459178000688553
499 0 0 0.00249924999661744 0.457242012023926
500 12 24 0.00248291995376348 0.455305993556976
501 0 0 0.00246653007343411 0.453366994857788
502 0 0 0.00245007988996804 0.4514279961586
503 0 0 0.00243358011357486 0.44948598742485
504 0 0 0.00241702003404498 0.447542995214462
505 0 0 0.00240039988420904 0.445598006248474
506 0 0 0.00238370988518 0.443650990724564
507 0 0 0.00236696004867554 0.441702991724014
508 0 0 0.00235014990903437 0.439752012491226
509 0 0 0.00233327993191779 0.437799006700516
510 0 0 0.00231634010560811 0.435844004154205
511 0 0 0.00229932996444404 0.433887004852295
512 0 0 0.00228224997408688 0.431926995515823
513 0 0 0.00226509990170598 0.429964989423752
514 0 0 0.00224787998013198 0.42800098657608
515 0 0 0.00223058997653425 0.42603400349617
516 0 0 0.00221322011202574 0.424064993858337
517 0 0 0.00219577993266284 0.422093003988266
518 0 0 0.00217826990410686 0.420118987560272
519 0 0 0.00216067000292242 0.41814199090004
520 0 0 0.00214300001971424 0.416162014007568
521 0 0 0.00212524994276464 0.414178997278214
522 0 0 0.00210740999318659 0.412194013595581
523 0 0 0.00208949996158481 0.410205990076065
524 0 0 0.00207150005735457 0.40821498632431
525 0 0 0.00205341004766524 0.406221002340317
526 0 0 0.00203523994423449 0.404224008321762
527 0 0 0.00201698997989297 0.402224004268646
528 0 0 0.00199863989837468 0.400220990180969
529 0 0 0.00198020995594561 0.398216009140015
530 0 0 0.00196168990805745 0.396207004785538
531 0 0 0.00194306997582316 0.3941949903965
532 0 0 0.0019243600545451 0.392179995775223
533 0 0 0.00190556002780795 0.390163004398346
534 0 0 0.00188667001202703 0.388141989707947
535 0 0 0.00186767999548465 0.386117994785309
536 0 0 0.00184858997818083 0.38409098982811
537 0 0 0.00182940997183323 0.382061988115311
538 0 0 0.00181011995300651 0.380028992891312
539 0 0 0.00179073994513601 0.377994000911713
540 0 0 0.00177126005291939 0.375955998897552
541 0 0 0.00175168004352599 0.373914986848831
542 0 0 0.00173200003337115 0.371870994567871
543 0 0 0.00171221001073718 0.369825005531311
544 0 0 0.00169232999905944 0.36777600646019
545 0 0 0.00167233997490257 0.365725010633469
546 0 0 0.0016522400546819 0.363671004772186
547 0 0 0.00163204001728445 0.361615002155304
548 0 0 0.00161173997912556 0.359557002782822
549 0 0 0.00159133004490286 0.357495993375778
550 13 24 0.00157081999350339 0.355434000492096
551 0 0 0.00155020004604012 0.353368997573853
552 0 0 0.00152947998140007 0.35130301117897
553 0 0 0.00150864000897855 0.349234998226166
554 0 0 0.00148771004751325 0.347166001796722
555 0 0 0.0014666699571535 0.345095992088318
556 0 0 0.00144551997072995 0.343023985624313
557 0 0 0.00142426998354495 0.34095099568367
558 0 0 0.00140290998388082 0.338878005743027
559 0 0 0.00138144998345524 0.336804002523422
560 0 0 0.00135987997055054 0.334728986024857
561 0 0 0.00133820995688438 0.332655012607574
562 0 0 0.00131643994245678 0.330579996109009
563 0 0 0.00129456003196537 0.328505009412766
564 0 0 0.00127259001601487 0.326431006193161
565 0 0 0.00125050998758525 0.324357986450195
566 0 0 0.00122832995839417 0.322284996509552
567 0 0 0.00120605004485697 0.320214003324509
568 0 0 0.00118368002586067 0.318143993616104
569 0 0 0.00116121000610292 0.316076010465622
570 0 0 0.00113863998558372 0.314009010791779
571 0 0 0.00111597997602075 0.311944991350174
572 0 0 0.00109322997741401 0.309884011745453
573 0 0 0.00107037997804582 0.307824999094009
574 0 0 0.00104745000135154 0.305768996477127
575 0 0 0.00102443003561348 0.303716003894806
576 0 0 0.00100131996441633 0.301667004823685
577 0 0 0.000978120020590723 0.299620985984802
578 0 0 0.000954839983023703 0.297580003738403
579 0 0 0.000931478978600353 0.295542985200882
580 0 0 0.000908037007320672 0.293511003255844
581 0 0 0.000884515990037471 0.291483014822006
582 0 0 0.000860918022226542 0.289460986852646
583 0 0 0.0008372439770028 0.28744500875473
584 0 0 0.000813496008049697 0.285434007644653
585 0 0 0.000789674988482147 0.283428996801376
586 0 0 0.000765783013775945 0.281430006027222
587 0 0 0.000741822004783899 0.279437988996506
588 0 0 0.00071779201971367 0.277451992034912
589 0 0 0.000693694979418069 0.275474011898041
590 0 0 0.000669531989842653 0.273501992225647
591 0 0 0.000645304971840233 0.271537989377975
592 0 0 0.000621013983618468 0.269582003355026
593 0 0 0.000596661004237831 0.267632991075516
594 0 0 0.000572244985960424 0.265691995620728
595 0 0 0.000547768024262041 0.263758987188339
596 0 0 0.00052323000272736 0.261835008859634
597 0 0 0.000498632027301937 0.259918004274368
598 0 0 0.000473972992040217 0.258011013269424
599 0 0 0.000449254002887756 0.256110996007919
600 14 24 0.000424474012106657 0.254220992326736
601 0 0 0.000399632990593091 0.252339005470276
602 0 0 0.000374730007024482 0.250465989112854
603 0 0 0.00034976500319317 0.248602002859116
604 0 0 0.000324736000038683 0.246746003627777
605 0 0 0.000299642008030787 0.2449000030756
606 0 0 0.000274482008535415 0.243063002824783
607 0 0 0.00024925300385803 0.241234004497528
608 0 0 0.000223953000386246 0.239415004849434
609 0 0 0.000198580004507676 0.237604007124901
610 0 0 0.000173131003975868 0.235801994800568
611 0 0 0.000147604005178437 0.234007999300957
612 0 0 0.000121994002256542 0.232224002480507
613 0 0 9.62976992013864E-05 0.230446994304657
614 0 0 7.05116035533138E-05 0.228679001331329
615 0 0 4.46308004029561E-05 0.226919993758202
616 0 0 1.86505003512139E-05 0.225168004631996
617 0 0 -7.43463988328585E-06 0.223424002528191
618 0 0 -3.36302982759662E-05 0.221688002347946
619 0 0 -5.99425984546542E-05 0.219960004091263
620 0 0 -8.63782988744788E-05 0.218238994479179
621 0 0 -0.000112943998828996 0.216524004936218
622 0 0 -0.000139648996992037 0.214817002415657
623 0 0 -0.00016649899771437 0.213116005063057
624 0 0 -0.000193504994967952 0.211420997977257
625 0 0 -0.000220675006858073 0.209731996059418
626 0 0 -0.0002480199909769 0.20804899930954
627 0 0 -0.000275550002697855 0.206370994448662
628 0 0 -0.000303276989143342 0.204697996377945
629 0 0 -0.000331212999299169 0.203029006719589
630 0 0 -0.000359372003003955 0.201364994049072
631 0 0 -0.000387765991035849 0.199704006314278
632 0 0 -0.000416411989135668 0.198045998811722
633 0 0 -0.000445324985776097 0.196391001343727
634 0 0 -0.000474522006697953 0.194738000631332
635 0 0 -0.000504021008964628 0.193087995052338
636 0 0 -0.000533843005541712 0.191438004374504
637 0 0 -0.000564006972126663 0.189788997173309
638 0 0 -0.000594537006691098 0.188140004873276
639 0 0 -0.000625454995315522 0.186490997672081
640 0 0 -0.000656788994092494 0.184839993715286
641 0 0 -0.000688565021846443 0.183188006281853
642 0 0 -0.000720813986845315 0.181532993912697
643 0 0 -0.0007535659824498 0.179875001311302
644 0 0 -0.000786856980994344 0.178213000297546
645 0 0 -0.000820723013021052 0.176546007394791
646 0 0 -0.000855204998515546 0.174872994422913
647 0 0 -0.000890345021616668 0.173194006085396
648 0 0 -0.000926189997699112 0.171507000923157
649 0 0 -0.000962789985351264 0.169810995459557
650 15 24 -0.00100020004902035 0.168107002973557
651 0 0 -0.00103847996797413 0.166391000151634
652 0 0 -0.0010776900453493 0.164664000272751
653 0 0 -0.00111791002564132 0.162924006581306
654 0 0 -0.00115920999087393 0.16116900742054
655 0 0 -0.00120167003478855 0.159400001168251
656 0 0 -0.00124538003001362 0.15761299431324
657 0 0 -0.0012904399773106 0.155808001756668
658 0 0 -0.00133697001729161 0.153983995318413
659 0 0 -0.00138507003430277 0.152137994766235
660 0 0 -0.00143486994784325 0.150270000100136
661 0 0 -0.00148652005009353 0.148377001285553
662 0 0 -0.0015401600394398 0.146458998322487
663 0 0 -0.00159595999866724 0.144512996077538
664 0 0 -0.00165410002227873 0.142538994550705
665 0 0 -0.00171477999538183 0.140533998608589
666 0 0 -0.0017781900241971 0.138497993350029
667 0 0 -0.00184457004070282 0.136428996920586
668 0 0 -0.0019141499651596 0.134326994419098
669 0 0 -0.00198717997409403 0.132190003991127
670 0 0 -0.00206392002291977 0.130019992589951
671 0 0 -0.00214462005533278 0.127816006541252
672 0 0 -0.00222954992204905 0.125579997897148
673 0 0 -0.00231896992772818 0.123313002288342
674 0 0 -0.0024131101090461 0.121018998324871
675 0 0 -0.00251221004873514 0.118701003491879
676 0 0 -0.00261644995771348 0.116364002227783
677 0 0 -0.00272598001174629 0.114013001322746
678 0 0 -0.00284091010689735 0.111653000116348
679 0 0 -0.00296133011579514 0.10929299890995
680 0 0 -0.00308725005015731 0.106937997043133
681 0 0 -0.00321866990998387 0.104594998061657
682 0 0 -0.0033555799163878 0.102269999682903
683 0 0 -0.00349793001078069 0.0999687016010284
684 0 0 -0.00364569993689656 0.0976952016353607
685 0 0 -0.0037988699041307 0.0954532027244568
686 0 0 -0.00395744014531374 0.0932452976703644
687 0 0 -0.00412146979942918 0.091073103249073
688 0 0 -0.00429105013608932 0.0889370962977409
689 0 0 -0.00446633994579315 0.0868368968367577
690 0 0 -0.00464755017310381 0.0847714990377426
691 0 0 -0.00483496999368072 0.0827391967177391
692 0 0 -0.00502895005047321 0.0807375013828278
693 0 0 -0.00522996997460723 0.0787634998559952
694 0 0 -0.00543858017772436 0.0768136978149414
695 0 0 -0.0056555001065135 0.0748839005827904
696 0 0 -0.00588158005848527 0.0729696005582809
697 0 0 -0.0061178901232779 0.0710652023553848
698 0 0 -0.00636574998497963 0.0691644996404648
699 0 0 -0.00662685977295041 0.0672598034143448
700 16 24 -0.00690338993445039 0.0653420016169548
701 0 0 -0.00719818007200956 0.0633993968367577
702 0 0 -0.00751515012234449 0.0614167004823685
703 0 0 -0.00785982981324196 0.0593730993568897
704 0 0 -0.00824050046503544 0.0572375990450382
705 0 0 -0.00867053959518671 0.0549616999924183
706 0 0 -0.00917399022728205 0.0524585992097855
707 0 0 -0.0098021300509572 0.0495457015931606
708 0 0 -0.0106961997225881 0.0457339994609356
709 0 0 -0.0113076996058226 0.0433132015168667
710 0 0 -0.0116175999864936 0.0421354994177818
711 0 0 -0.0117629999294877 0.041593000292778
712 0 0 -0.0119006996974349 0.0410857014358044
713 0 0 -0.0120302997529507 0.0406127013266087
714 0 0 -0.0121523002162576 0.0401717014610767
715 0 0 -0.0122672999277711 0.0397594012320042
716 0 0 -0.0123760998249054 0.0393728017807007
717 0 0 -0.0124792996793985 0.0390089005231857
718 0 0 -0.0125775001943111 0.0386650003492832
719 0 0 -0.0126711996272206 0.0383388996124268
720 0 0 -0.0127608003094792 0.0380286984145641
721 0 0 -0.0128469001501799 0.0377327017486095
722 0 0 -0.0129297003149986 0.0374495014548302
723 0 0 -0.013009499758482 0.0371778011322021
724 0 0 -0.0130866002291441 0.0369165986776352
725 0 0 -0.0131612000986934 0.0366650000214577
726 0 0 -0.0132336001843214 0.0364220999181271
727 0 0 -0.0133037995547056 0.0361872017383575
728 0 0 -0.0133720999583602 0.0359597988426685
729 0 0 -0.013438600115478 0.0357391983270645
730 0 0 -0.0135033996775746 0.0355249010026455
731 0 0 -0.0135666001588106 0.035316601395607
732 0 0 -0.0136283002793789 0.0351139008998871
733 0 0 -0.013688700273633 0.0349163003265858
734 0 0 -0.0137476995587349 0.0347235985100269
735 0 0 -0.0138339996337891 0.0344429016113281
736 0 0 -0.013917800039053 0.0341717004776001
737 0 0 -0.0139992004260421 0.0339092016220093
738 0 0 -0.0140784000977874 0.0336546003818512
739 0 0 -0.014155600219965 0.0334074012935162
740 0 0 -0.0142309004440904 0.0331670008599758
741 0 0 -0.014304400421679 0.0329331010580063
742 0 0 -0.0143763003870845 0.0327050983905792
743 0 0 -0.0144466003403068 0.0324827991425991
744 0 0 -0.0145493000745773 0.0321590006351471
745 0 0 -0.0146490000188351 0.0318460017442703
746 0 0 -0.0147457998245955 0.0315429009497166
747 0 0 -0.0148400999605656 0.0312489997595549
748 0 0 -0.0149319004267454 0.0309634990990162
749 0 0 -0.0150213995948434 0.0306858997792006
750 17 24 -0.0151087995618582 0.0304156001657248
751 0 0 -0.0151941999793053 0.0301521997898817
752 0 0 -0.0152776995673776 0.0298951007425785
753 0 0 -0.0153593998402357 0.0296439994126558
754 0 0 -0.0154788997024298 0.0292779002338648
755 0 0 -0.0155948000028729 0.0289235003292561
756 0 0 -0.0157075002789497 0.0285797007381916
757 0 0 -0.0158171001821756 0.0282458998262882
758 0 0 -0.0159239005297422 0.027921399101615
759 0 0 -0.0160280000418425 0.0276053007692099
760 0 0 -0.0161295998841524 0.0272972993552685
761 0 0 -0.0162287000566721 0.0269968006759882
762 0 0 -0.0163256004452705 0.0267032999545336
763 0 0 -0.0164203997701406 0.0264164991676807
764 0 0 -0.0165129993110895 0.0261359997093678
765 0 0 -0.0166037008166313 0.0258614998310804
766 0 0 -0.0166925005614758 0.0255926009267569
767 0 0 -0.0167794991284609 0.0253290999680758
768 0 0 -0.016864700242877 0.0250707995146513
769 0 0 -0.0169482007622719 0.0248173996806145
770 0 0 -0.0170300006866455 0.0245686993002892
771 0 0 -0.0171102005988359 0.0243247002363205
772 0 0 -0.0171888992190361 0.0240850001573563
773 0 0 -0.0172661002725363 0.0238496009260416
774 0 0 -0.0173416994512081 0.0236184000968933
775 0 0 -0.0174158997833729 0.0233912002295256
776 0 0 -0.0174886006861925 0.0231679994612932
777 0 0 -0.0175599008798599 0.0229486003518105
778 0 0 -0.0176298003643751 0.022733099758625
779 0 0 -0.0176982991397381 0.0225213002413511
780 0 0 -0.0177654009312391 0.0223131999373436
781 0 0 -0.0178312007337809 0.0221088007092476
782 0 0 -0.0178954992443323 0.0219080001115799
783 0 0 -0.0179584994912148 0.0217109005898237
784 0 0 -0.0180201008915901 0.0215173996984959
785 0 0 -0.0180804003030062 0.0213277004659176
786 0 0 -0.0181392002850771 0.0211415998637676
787 0 0 -0.0181967001408339 0.0209592003375292
788 0 0 -0.0182527005672455 0.0207806006073952
789 0 0 -0.0183074008673429 0.0206057000905275
790 0 0 -0.0183605998754501 0.0204348005354404
791 0 0 -0.0184122994542122 0.0202677007764578
792 0 0 -0.0184626001864672 0.0201046001166105
793 0 0 -0.0185115002095699 0.0199455004185438
794 0 0 -0.0185589008033276 0.0197905991226435
795 0 0 -0.0186048001050949 0.0196397006511688
796 0 0 -0.0186490993946791 0.0194930993020535
797 0 0 -0.0186919998377562 0.0193507000803947
798 0 0 -0.0187334008514881 0.0192125998437405
799 0 0 -0.0187733005732298 0.0190788991749287
800 18 24 -0.0188117008656263 0.0189494993537664
801 0 0 -0.0188485998660326 0.0188244991004467
802 0 0 -0.0188839994370937 0.0187039002776146
803 0 0 -0.0189178995788097 0.0185876991599798
804 0 0 -0.0189504008740187 0.0184758994728327
805 0 0 -0.0189814995974302 0.0183684006333351
806 0 0 -0.0190111007541418 0.018265200778842
807 0 0 -0.0190393999218941 0.0181662999093533
808 0 0 -0.0190663002431393 0.0180715005844831
809 0 0 -0.0190919991582632 0.0179808996617794
810 0 0 -0.0191162992268801 0.0178944002836943
811 0 0 -0.0191393997520208 0.0178117994219065
812 0 0 -0.0191613007336855 0.0177331008017063
813 0 0 -0.0191820003092289 0.0176582001149654
814 0 0 -0.0192016009241343 0.017586899921298
815 0 0 -0.0192201994359493 0.0175192002207041
816 0 0 -0.0192376002669334 0.0174550004303455
817 0 0 -0.0192540995776653 0.0173940993845463
818 0 0 -0.0192696005105972 0.0173365008085966
819 0 0 -0.0192841999232769 0.0172821003943682
820 0 0 -0.0192978996783495 0.0172307007014751
821 0 0 -0.0193108003586531 0.0171821992844343
822 0 0 -0.0193227995187044 0.017136599868536
823 0 0 -0.0193341001868248 0.0170936994254589
824 0 0 -0.019344599917531 0.0170534998178482
825 0 0 -0.0193543992936611 0.0170157998800278
826 0 0 -0.0193635001778603 0.0169805996119976
827 0 0 -0.0193719994276762 0.0169476997107267
828 0 0 -0.0193798001855612 0.0169171001762152
829 0 0 -0.019386999309063 0.0168887991458178
830 0 0 -0.0193936992436647 0.0168625004589558
831 0 0 -0.0193997994065285 0.0168382991105318
832 0 0 -0.0194054003804922 0.0168162006884813
833 0 0 -0.0194105003029108 0.0167958997189999
834 0 0 -0.0194150991737843 0.0167773999273777
835 0 0 -0.0194192007184029 0.0167608000338078
836 0 0 -0.0194228999316692 0.0167459007352591
837 0 0 -0.0194260999560356 0.0167325995862484
838 0 0 -0.019429000094533 0.0167210008949041
839 0 0 -0.0194313991814852 0.0167108997702599
840 0 0 -0.0194335002452135 0.0167024005204439
841 0 0 -0.0194352008402348 0.016695300117135
842 0 0 -0.0194364991039038 0.0166896004229784
843 0 0 -0.019437599927187 0.0166852995753288
844 0 0 -0.0194383002817631 0.0166823994368315
845 0 0 -0.0194387007504702 0.0166807994246483
846 19 22 -0.0194387994706631 0.0166804008185863
847 0 0 -0.0194386001676321 0.0166810005903244
848 0 0 -0.019437899813056 0.0166841000318527
849 0 0 -0.0194364991039038 0.0166899003088474
850 20 24 -0.0194345992058516 0.0166980996727943
851 0 0 -0.0194322001188993 0.0167088005691767
852 0 0 -0.0194291993975639 0.0167217999696732
853 0 0 -0.0194258000701666 0.0167369991540909
854 0 0 -0.0194218996912241 0.0167542994022369
855 0 0 -0.0194175001233816 0.0167737994343042
856 0 0 -0.019412700086832 0.0167951993644238
857 0 0 -0.0194074995815754 0.0168187003582716
858 0 0 -0.0194019004702568 0.0168440006673336
859 0 0 -0.019395999610424 0.0168712008744478
860 0 0 -0.0193897001445293 0.0169002003967762
861 0 0 -0.0193830002099276 0.0169309005141258
862 0 0 -0.0193760003894567 0.0169632993638515
863 0 0 -0.0193687006831169 0.0169974993914366
864 0 0 -0.0193610992282629 0.0170332007110119
865 0 0 -0.019353199750185 0.0170705001801252
866 0 0 -0.0193450003862381 0.0171093996614218
867 0 0 -0.0193365998566151 0.0171498991549015
868 0 0 -0.019327899441123 0.0171917993575335
869 0 0 -0.0193188991397619 0.0172352008521557
870 0 0 -0.019309600815177 0.0172799993306398
871 0 0 -0.0193002000451088 0.0173262991011143
872 0 0 -0.0192904006689787 0.0173739995807409
873 0 0 -0.0192805007100105 0.0174231007695198
874 0 0 -0.0192703008651733 0.0174735002219677
875 0 0 -0.0192600004374981 0.0175253003835678
876 0 0 -0.0192494001239538 0.0175784006714821
877 0 0 -0.0192386005073786 0.0176327992230654
878 0 0 -0.0192275997251272 0.017688499763608
879 0 0 -0.0192163996398449 0.0177455991506577
880 0 0 -0.0192051008343697 0.0178037993609905
881 0 0 -0.0191935002803802 0.0178634002804756
882 0 0 -0.0191817991435528 0.0179242007434368
883 0 0 -0.0191697999835014 0.0179862007498741
884 0 0 -0.0191578008234501 0.0180495008826256
885 0 0 -0.0191454999148846 0.0181140005588531
886 0 0 -0.0191331002861261 0.0181796997785568
887 0 0 -0.0191204994916916 0.0182466991245747
888 0 0 -0.0191076993942261 0.0183147992938757
889 0 0 -0.0190948005765676 0.0183841995894909
890 0 0 -0.019081799313426 0.0184547007083893
891 0 0 -0.0190686006098986 0.0185263995081186
892 0 0 -0.019055200740695 0.0185992997139692
893 0 0 -0.0190417002886534 0.0186733994632959
894 0 0 -0.0190280992537737 0.0187487006187439
895 0 0 -0.0190143007785082 0.0188251007348299
896 0 0 -0.0190003998577595 0.018902700394392
897 0 0 -0.0189862996339798 0.0189814995974302
898 0 0 -0.0189721006900072 0.0190613996237516
899 0 0 -0.0189577993005514 0.0191424991935492
900 21 24 -0.0189433004707098 0.0192248001694679
901 0 0 -0.018928699195385 0.0193083006888628
902 0 0 -0.0189139991998672 0.0193929001688957
903 0 0 -0.0188990999013186 0.0194786004722118
904 0 0 -0.0188842006027699 0.0195655003190041
905 0 0 -0.018869100138545 0.0196535997092724
906 0 0 -0.0188538990914822 0.019742900505662
907 0 0 -0.0188385006040335 0.0198333002626896
908 0 0 -0.0188231002539396 0.0199248008430004
909 0 0 -0.0188075006008148 0.0200175996869802
910 0 0 -0.018791800364852 0.0201114006340504
911 0 0 -0.0187761001288891 0.0202064998447895
912 0 0 -0.0187602005898952 0.0203026998788118
913 0 0 -0.0187440998852253 0.0204000007361174
914 0 0 -0.0187279991805553 0.0204985998570919
915 0 0 -0.0187117997556925 0.0205981992185116
916 0 0 -0.0186954997479916 0.0206991005688906
917 0 0 -0.0186790004372597 0.0208011008799076
918 0 0 -0.0186624992638826 0.0209042001515627
919 0 0 -0.0186458993703127 0.0210085995495319
920 0 0 -0.0186291001737118 0.0211140997707844
921 0 0 -0.0186122991144657 0.02122070081532
922 0 0 -0.0185953993350267 0.0213284995406866
923 0 0 -0.0185783002525568 0.0214374996721745
924 0 0 -0.0185611993074417 0.0215476006269455
925 0 0 -0.0185439996421337 0.0216588992625475
926 0 0 -0.0185266993939877 0.0217713005840778
927 0 0 -0.0185093004256487 0.0218848995864391
928 0 0 -0.0184918008744717 0.0219995994120836
929 0 0 -0.0184742994606495 0.0221155006438494
930 0 0 -0.0184566006064415 0.0222325995564461
931 0 0 -0.0184388998895884 0.022350799292326
932 0 0 -0.0184211004525423 0.0224700998514891
933 0 0 -0.0184032004326582 0.0225905999541283
934 0 0 -0.0183853004127741 0.0227122008800507
935 0 0 -0.0183671992272139 0.0228349007666111
936 0 0 -0.0183490999042988 0.0229588001966476
937 0 0 -0.0183308999985456 0.0230838991701603
938 0 0 -0.0183125995099545 0.0232100002467632
939 0 0 -0.0182943008840084 0.0233373008668423
940 0 0 -0.0182758998125792 0.0234655998647213
941 0 0 -0.0182575006037951 0.0235951002687216
942 0 0 -0.0182389002293348 0.0237256996333599
943 0 0 -0.0182204004377127 0.0238573998212814
944 0 0 -0.0182016994804144 0.0239902008324862
945 0 0 -0.0181830003857613 0.0241241008043289
946 0 0 -0.018164299428463 0.0242590997368097
947 0 0 -0.0181453991681337 0.0243951007723808
948 0 0 -0.0181265994906425 0.02453220076859
949 0 0 -0.0181076992303133 0.0246702991425991
950 22 24 -0.0180887002497911 0.0248096007853746
951 0 0 -0.0180696994066238 0.0249498002231121
952 0 0 -0.0180505998432636 0.0250911004841328
953 0 0 -0.0180315002799034 0.0252333991229534
954 0 0 -0.0180124007165432 0.0253766998648643
955 0 0 -0.0179932005703449 0.0255210008472204
956 0 0 -0.0179740004241467 0.0256664007902145
957 0 0 -0.0179548002779484 0.0258127003908157
958 0 0 -0.017935499548912 0.025959899649024
959 0 0 -0.0179162006825209 0.0261081997305155
960 0 0 -0.0178967993706465 0.026257399469614
961 0 0 -0.0178775005042553 0.0264075007289648
962 0 0 -0.0178580991923809 0.0265586003661156
963 0 0 -0.0178386997431517 0.0267105996608734
964 0 0 -0.0178191997110844 0.0268635004758835
965 0 0 -0.0177998002618551 0.0270172990858555
966 0 0 -0.0177803002297878 0.0271719992160797
967 0 0 -0.0177608001977205 0.0273275002837181
968 0 0 -0.0177414007484913 0.0274838991463184
969 0 0 -0.0177218001335859 0.027641199529171
970 0 0 -0.0177023001015186 0.0277993008494377
971 0 0 -0.0176828000694513 0.0279581993818283
972 0 0 -0.017663300037384 0.0281179007142782
973 0 0 -0.0176438000053167 0.028278399258852
974 0 0 -0.0176241993904114 0.0284397006034851
975 0 0 -0.0176046993583441 0.0286017004400492
976 0 0 -0.0175851993262768 0.0287644993513823
977 0 0 -0.0175656005740166 0.0289280992001295
978 0 0 -0.0175461005419493 0.0290923994034529
979 0 0 -0.017526600509882 0.0292573999613523
980 0 0 -0.0175071004778147 0.0294231008738279
981 0 0 -0.0174876004457474 0.0295895002782345
982 0 0 -0.0174681004136801 0.0297566000372171
983 0 0 -0.0174486003816128 0.0299244001507759
984 0 0 -0.0174291990697384 0.0300928000360727
985 0 0 -0.0174097009003162 0.0302617996931076
986 0 0 -0.0173902995884418 0.0304314997047186
987 0 0 -0.0173709001392126 0.0306017994880676
988 0 0 -0.0173515006899834 0.0307727009057999
989 0 0 -0.017332099378109 0.0309440996497869
990 0 0 -0.0173128005117178 0.0311162006109953
991 0 0 -0.0172933991998434 0.0312888994812965
992 0 0 -0.0172741003334522 0.0314620994031429
993 0 0 -0.017254900187254 0.0316357985138893
994 0 0 -0.0172355994582176 0.031810101121664
995 0 0 -0.0172163993120193 0.0319848991930485
996 0 0 -0.0171971991658211 0.0321602001786232
997 0 0 -0.017178000882268 0.032336100935936
998 0 0 -0.0171588994562626 0.0325124002993107
999 0 0 -0.0171397998929024 0.0326891988515854
1000 23 29 -0.0171207003295422 0.0328665003180504
