424 25 29 -0.0502991005778313 2.14357995986938
423 0 0 -0.0499190986156464 2.11661005020142
422 0 0 -0.0495328009128571 2.08972001075745
421 0 0 -0.0491399988532066 2.06290006637573
420 0 0 -0.0487406998872757 2.0361499786377
419 0 0 -0.0483346991240978 2.00949001312256
418 0 0 -0.0479217991232872 1.98291003704071
417 0 0 -0.0475017987191677 1.95641005039215
416 0 0 -0.0470746010541916 1.92999994754791
415 0 0 -0.0466401018202305 1.90367996692657
414 0 0 -0.0461979992687702 1.87744998931885
413 0 0 -0.0457480996847153 1.85132002830505
412 0 0 -0.0452903993427753 1.82527995109558
411 0 0 -0.0448247008025646 1.79935002326965
410 0 0 -0.0443506017327309 1.77351999282837
409 0 0 -0.0438680984079838 1.74779999256134
408 0 0 -0.0433770008385181 1.72219002246857
407 0 0 -0.0428769998252392 1.69668996334076
406 0 0 -0.0423679985105991 1.67130994796753
405 0 0 -0.0418497994542122 1.64604997634888
404 0 0 -0.0413222014904022 1.62091994285583
403 0 0 -0.0407848991453648 1.59590995311737
402 0 0 -0.0402376987040043 1.57104003429413
401 0 0 -0.0396804995834827 1.5463000535965
400 24 24 -0.039113100618124 1.5217000246048
399 0 0 -0.0385350994765759 1.49724996089935
398 0 0 -0.0379464998841286 1.47293996810913
397 0 0 -0.037347000092268 1.44878995418549
396 0 0 -0.0367362983524799 1.42479002475739
395 0 0 -0.0361142009496689 1.40094995498657
394 0 0 -0.0354805998504162 1.37727999687195
393 0 0 -0.0348351001739502 1.3537700176239
392 0 0 -0.0341776981949806 1.33043003082275
391 0 0 -0.0335079990327358 1.30727994441986
390 0 0 -0.0328258015215397 1.28429996967316
389 0 0 -0.0321309007704258 1.26150000095367
388 0 0 -0.0314230993390083 1.23889994621277
387 0 0 -0.0307020992040634 1.2164900302887
386 0 0 -0.029967799782753 1.19427001476288
385 0 0 -0.02921980060637 1.17225003242493
384 0 0 -0.0284579992294312 1.15042996406555
383 0 0 -0.0276822000741959 1.12881994247437
382 0 0 -0.0268920995295048 1.10741996765137
381 0 0 -0.026087399572134 1.08623003959656
380 0 0 -0.0252681002020836 1.06525003910065
379 0 0 -0.0244337003678083 1.04448997974396
378 0 0 -0.0235842000693083 1.02394998073578
377 0 0 -0.0227192007005215 1.00364005565643
376 0 0 -0.0218384992331266 0.98353898525238
375 0 0 -0.0209420006722212 0.963666021823883
374 0 0 -0.0200293008238077 0.944016993045807
373 0 0 -0.0191002003848553 0.92459499835968
372 0 0 -0.0181545000523329 0.905399024486542
371 0 0 -0.0171920005232096 0.886430025100708
370 0 0 -0.0162124000489712 0.867686986923218
369 0 0 -0.0152155999094248 0.849170029163361
368 0 0 -0.0142011996358633 0.830879986286163
367 0 0 -0.0131690995767713 0.812816023826599
366 0 0 -0.0121192000806332 0.794977009296417
365 0 0 -0.0110513996332884 0.777364015579224
364 0 0 -0.00996549986302853 0.759976029396057
363 0 0 -0.00886160042136908 0.742812991142273
362 0 0 -0.00773978978395462 0.725878000259399
361 0 0 -0.00660033011808991 0.709172010421753
360 0 0 -0.00544364983215928 0.692696988582611
359 0 0 -0.00427041994407773 0.676460027694702
358 0 0 -0.00308163999579847 0.660467982292175
357 0 0 -0.0018787500448525 0.644730985164642
356 0 0 -0.000663695973344147 0.629263997077942
355 0 0 0.000560844026040286 0.614086985588074
354 0 0 0.00179133005440235 0.599225997924805
353 0 0 0.00302312988787889 0.584715008735657
352 0 0 0.00425036018714309 0.570598006248474
351 0 0 0.00546567980200052 0.556926012039185
350 23 24 0.00666029006242752 0.543763995170593
349 0 0 0.00782402977347374 0.531180024147034
348 0 0 0.00894575007259846 0.519250988960266
347 0 0 0.0100140003487468 0.508050978183746
346 0 0 0.0110179996117949 0.497646003961563
345 0 0 0.0119484001770616 0.488088995218277
344 0 0 0.0127983000129461 0.479409992694855
343 0 0 0.0135637996718287 0.471619009971619
342 0 0 0.0142435999587178 0.464702010154724
341 0 0 0.0148389004170895 0.458629995584488
340 0 0 0.015353100374341 0.453361004590988
339 0 0 0.0157906003296375 0.448846012353897
338 0 0 0.0161569006741047 0.445032000541687
337 0 0 0.016457499936223 0.441866010427475
336 0 0 0.0166982002556324 0.439298987388611
335 0 0 0.0168846007436514 0.437285006046295
334 0 0 0.0170216001570225 0.435779005289078
333 0 0 0.0171143002808094 0.434744000434875
332 0 0 0.0171668995171785 0.434145987033844
331 0 0 0.0171835999935865 0.433954000473022
330 0 0 0.0171834994107485 0.433955013751984
329 0 0 0.0171782001852989 0.43401700258255
328 0 0 0.0171652995049953 0.434170007705688
327 0 0 0.0171453002840281 0.434412002563477
326 0 0 0.0171182993799448 0.434738993644714
325 0 0 0.0170849002897739 0.435149997472763
324 0 0 0.0170453991740942 0.4356409907341
323 0 0 0.017000000923872 0.436210989952087
322 0 0 0.016949100419879 0.436857014894485
321 0 0 0.0168929006904364 0.43757900595665
320 0 0 0.0168318003416061 0.438372999429703
319 0 0 0.0167660005390644 0.439238011837006
318 0 0 0.0166957005858421 0.440171986818314
317 0 0 0.0166212003678083 0.441175013780594
316 0 0 0.016542699187994 0.442243993282318
315 0 0 0.0164604000747204 0.443379014730453
314 0 0 0.0163745991885662 0.444577008485794
313 0 0 0.0162853002548218 0.445838004350662
312 0 0 0.0161929000169039 0.447160989046097
311 0 0 0.0160974003374577 0.448545008897781
310 0 0 0.0159990005195141 0.449988007545471
309 0 0 0.0158980004489422 0.451489001512527
308 0 0 0.015794400125742 0.453049004077911
307 0 0 0.0156884007155895 0.454665005207062
306 0 0 0.0155801996588707 0.456337004899979
305 0 0 0.0154699003323913 0.458063989877701
304 0 0 0.0153574999421835 0.459845989942551
303 0 0 0.0152433002367616 0.461681991815567
302 0 0 0.0151273999363184 0.463571012020111
301 0 0 0.0150097999721766 0.465512007474899
300 22 24 0.0148908002302051 0.467505007982254
299 0 0 0.0147703001275659 0.469547986984253
298 0 0 0.0146484998986125 0.471643000841141
297 0 0 0.014525500126183 0.473787009716034
296 0 0 0.0144014004617929 0.475980013608932
295 0 0 0.0142762996256351 0.478222012519836
294 0 0 0.0141503000631928 0.480511993169785
293 0 0 0.0140233999118209 0.48284900188446
292 0 0 0.0138958003371954 0.485233992338181
291 0 0 0.0137675004079938 0.487664997577667
290 0 0 0.0136385997757316 0.490141004323959
289 0 0 0.0135091999545693 0.492662996053696
288 0 0 0.0133793996647 0.495229005813599
287 0 0 0.0132491998374462 0.497839987277985
286 0 0 0.0131187001243234 0.500494003295898
285 0 0 0.0129878995940089 0.503192007541656
284 0 0 0.0128570003435016 0.50593101978302
283 0 0 0.0127258999273181 0.508713006973267
282 0 0 0.0125948004424572 0.51153701543808
281 0 0 0.0124637000262737 0.514401018619537
280 0 0 0.0123327001929283 0.517305016517639
279 0 0 0.0122018000110984 0.520249009132385
278 0 0 0.0120710004121065 0.523232996463776
277 0 0 0.0119404997676611 0.526255011558533
276 0 0 0.0118102002888918 0.529314994812012
275 0 0 0.0116801997646689 0.532413005828857
274 0 0 0.0115505997091532 0.535547971725464
273 0 0 0.0114214001223445 0.538720011711121
272 0 0 0.0112926000729203 0.541926980018616
271 0 0 0.0111643001437187 0.5451700091362
270 0 0 0.0110363997519016 0.548447012901306
269 0 0 0.0109091997146606 0.551759004592896
268 0 0 0.0107824997976422 0.555104970932007
267 0 0 0.0106563996523619 0.558484017848969
266 0 0 0.0105309002101421 0.56189501285553
265 0 0 0.0104061998426914 0.565338015556335
264 0 0 0.0102821001783013 0.568813025951385
263 0 0 0.0101587995886803 0.572318971157074
262 0 0 0.0100362002849579 0.575855016708374
261 0 0 0.00991437025368214 0.579420983791351
260 0 0 0.00979335978627205 0.583015978336334
259 0 0 0.0096731698140502 0.586640000343323
258 0 0 0.00955383013933897 0.590292990207672
257 0 0 0.00943535007536411 0.593972027301788
256 0 0 0.00931776035577059 0.597679018974304
255 0 0 0.00920107029378414 0.601411998271942
254 0 0 0.00908529013395309 0.605171978473663
253 0 0 0.00897044967859983 0.608955979347229
252 0 0 0.00885657034814358 0.612766027450562
251 0 0 0.00874364003539085 0.616599977016449
250 21 24 0.0086316904053092 0.620456993579865
249 0 0 0.00852074008435011 0.624337017536163
248 0 0 0.00841077975928783 0.628239989280701
247 0 0 0.00830185040831566 0.632165014743805
246 0 0 0.00819392967969179 0.636111974716187
245 0 0 0.00808706041425467 0.640079021453857
244 0 0 0.00798122957348824 0.644065976142883
243 0 0 0.00787645019590855 0.648073017597198
242 0 0 0.00777273997664452 0.652098000049591
241 0 0 0.00767009984701872 0.656143009662628
240 0 0 0.00756854005157948 0.660205006599426
239 0 0 0.0074680601246655 0.664282977581024
238 0 0 0.00736868986859918 0.668379008769989
237 0 0 0.00727041019126773 0.672490000724792
236 0 0 0.00717324018478394 0.676616013050079
235 0 0 0.0070771798491478 0.680756986141205
234 0 0 0.00698223989456892 0.684912025928497
233 0 0 0.00688843009993434 0.689078986644745
232 0 0 0.00679574022069573 0.693259000778198
231 0 0 0.00670420005917549 0.697450995445251
230 0 0 0.00661379005759954 0.701653003692627
229 0 0 0.00652451999485493 0.705865979194641
228 0 0 0.00643640989437699 0.7100870013237
227 0 0 0.00634944997727871 0.71431702375412
226 0 0 0.00626365002244711 0.718554973602295
225 0 0 0.00617901002988219 0.722799003124237
224 0 0 0.00609553977847099 0.727050006389618
223 0 0 0.00601322995498776 0.731305003166199
222 0 0 0.00593210989609361 0.735563993453979
221 0 0 0.00585216004401445 0.739826023578644
220 0 0 0.00577339995652437 0.744090974330902
219 0 0 0.00569581985473633 0.748355984687805
218 0 0 0.00561944022774696 0.752620995044708
217 0 0 0.0055442601442337 0.75688499212265
216 0 0 0.00547026982530951 0.761146008968353
215 0 0 0.00539749022573233 0.765403985977173
214 0 0 0.00532591994851828 0.769658029079437
213 0 0 0.00525557016953826 0.773904979228973
212 0 0 0.00518643017858267 0.778144001960754
211 0 0 0.00511851999908686 0.782374978065491
210 0 0 0.00505182985216379 0.786594986915588
209 0 0 0.00498638022691011 0.790804028511047
208 0 0 0.00492217997089028 0.795000016689301
207 0 0 0.00485920999199152 0.799179971218109
206 0 0 0.00479750009253621 0.803344011306763
205 0 0 0.00473704002797604 0.807488977909088
204 0 0 0.00467784982174635 0.811613976955414
203 0 0 0.00461992993950844 0.815716981887817
202 0 0 0.00456327991560102 0.81979501247406
201 0 0 0.00450791977345943 0.823846995830536
200 20 24 0.00445384997874498 0.827871024608612
199 0 0 0.00440107984468341 0.831862986087799
198 0 0 0.004349609836936 0.835822999477386
197 0 0 0.00429945020005107 0.839745998382568
196 0 0 0.00425062002614141 0.843631029129028
195 0 0 0.00420313002541661 0.847474992275238
194 0 0 0.00415696995332837 0.851275026798248
193 0 0 0.0041269501671195 0.853781998157501
192 0 0 0.00409753015264869 0.856266021728516
191 0 0 0.00406870990991592 0.858729004859924
190 0 0 0.00404050992801785 0.861167013645172
189 0 0 0.00401291996240616 0.863579988479614
188 0 0 0.00398594001308084 0.865966975688934
187 0 0 0.00395959010347724 0.868327021598816
186 0 0 0.00393385021016002 0.870657980442047
185 0 0 0.00390875013545156 0.872959971427917
184 0 0 0.00388427008874714 0.875231027603149
183 0 0 0.00386042008176446 0.877471029758453
182 0 0 0.00383720989339054 0.879675984382629
181 0 0 0.00381465000100434 0.881847023963928
180 0 0 0.00379271991550922 0.883982002735138
179 0 0 0.00377144990488887 0.886079013347626
178 0 0 0.00375082995742559 0.888136982917786
177 0 0 0.00373087008483708 0.890155017375946
176 0 0 0.00371157005429268 0.892129004001617
175 0 0 0.00369293009862304 0.894060015678406
174 0 0 0.00367497000843287 0.895945012569427
173 0 0 0.00365768000483513 0.897782027721405
172 0 0 0.00364107009954751 0.899569988250732
171 0 0 0.00362514005973935 0.901305973529816
170 0 0 0.00360989989712834 0.902988970279694
169 0 0 0.00359536008909345 0.904615998268127
168 0 0 0.00358151993714273 0.90618497133255
167 0 0 0.00356837990693748 0.90769499540329
166 0 0 0.00355595001019537 0.909141004085541
165 0 0 0.00354423001408577 0.910524010658264
164 0 0 0.00353323994204402 0.911837995052338
163 0 0 0.00352296000346541 0.913083016872406
162 0 0 0.00351342000067234 0.914255976676941
161 0 0 0.00350460992194712 0.915353000164032
160 0 0 0.00349654001183808 0.916372001171112
159 0 0 0.00348922004923224 0.917309999465942
158 0 0 0.00348265003412962 0.918164014816284
157 0 0 0.0034768299665302 0.918931007385254
156 0 0 0.00347177009098232 0.919606983661652
155 0 0 0.00346746994182467 0.9201899766922
154 0 0 0.00346393999643624 0.920674979686737
153 0 0 0.00346119003370404 0.921060025691986
152 0 0 0.00345921004191041 0.921339988708496
151 0 0 0.00345801003277302 0.921513020992279
150 19 24 0.00345759000629187 0.921572983264923
149 0 0 0.00345760001800954 0.921572983264923
148 0 0 0.0034577299375087 0.921552002429962
147 0 0 0.00345807010307908 0.921503007411957
146 0 0 0.00345860002562404 0.921423017978668
145 0 0 0.00345932994969189 0.921312987804413
144 0 0 0.00346025009639561 0.921171009540558
143 0 0 0.00346138002350926 0.920998990535736
142 0 0 0.00346269994042814 0.920794010162354
141 0 0 0.00346422009170055 0.920557022094727
140 0 0 0.00346592999994755 0.920287013053894
139 0 0 0.00346784992143512 0.91998302936554
138 0 0 0.00346996006555855 0.919645011425018
137 0 0 0.00347226997837424 0.919273018836975
136 0 0 0.0034747701138258 0.918865978717804
135 0 0 0.00347748002968729 0.918422996997833
134 0 0 0.00348037993535399 0.917944014072418
133 0 0 0.00348348007537425 0.917428970336914
132 0 0 0.00348676997236907 0.916876018047333
131 0 0 0.00349026010371745 0.916285991668701
130 0 0 0.0034939399920404 0.915657997131348
129 0 0 0.00349782011471689 0.914991974830627
128 0 0 0.00350188999436796 0.914286017417908
127 0 0 0.00350616010837257 0.91354101896286
126 0 0 0.00351060996763408 0.912756025791168
125 0 0 0.00351526006124914 0.911930024623871
124 0 0 0.00352009991183877 0.911063015460968
123 0 0 0.00352511997334659 0.91015499830246
122 0 0 0.00353034003637731 0.909205973148346
121 0 0 0.00353574007749557 0.908213019371033
120 0 0 0.00354132009670138 0.907178997993469
119 0 0 0.00354709010571241 0.906100988388062
118 0 0 0.00355304009281099 0.904980003833771
117 0 0 0.00355917005799711 0.903814017772675
116 0 0 0.00356548000127077 0.902604997158051
115 0 0 0.00357196992263198 0.901350975036621
114 0 0 0.0035786300431937 0.900053024291992
113 0 0 0.00358545989729464 0.898708999156952
112 0 0 0.00359245995059609 0.89731901884079
111 0 0 0.00359962997026742 0.895883977413177
110 0 0 0.0036069699563086 0.894402980804443
109 0 0 0.00361446989700198 0.892876029014587
108 0 0 0.00362213002517819 0.891301989555359
107 0 0 0.0036299501080066 0.889680981636047
106 0 0 0.00363791990093887 0.888014018535614
105 0 0 0.00364605011418462 0.886300027370453
104 0 0 0.00365432002581656 0.884539008140564
103 0 0 0.00366274011321366 0.882731020450592
102 0 0 0.00367130991071463 0.880876004695892
101 0 0 0.00368001009337604 0.878973007202148
100 18 24 0.00368884997442365 0.877023994922638
99 0 0 0.00369783001951873 0.875027000904083
98 0 0 0.0037069299723953 0.872982978820801
97 0 0 0.00371617008931935 0.870891988277435
96 0 0 0.0037255201023072 0.868754029273987
95 0 0 0.00373499002307653 0.866568982601166
94 0 0 0.00374458008445799 0.864337980747223
93 0 0 0.00375429005362093 0.862060010433197
92 0 0 0.00376409990713 0.859736025333405
91 0 0 0.00377401011064649 0.857366025447845
90 0 0 0.00378402997739613 0.85495001077652
89 0 0 0.00379413994960487 0.852488994598389
88 0 0 0.00380435003899038 0.849982023239136
87 0 0 0.00381463998928666 0.847431004047394
86 0 0 0.00382502004504204 0.844834983348846
85 0 0 0.00383547996170819 0.842194974422455
84 0 0 0.00384602998383343 0.839510977268219
83 0 0 0.00385664007626474 0.836782991886139
82 0 0 0.00386732001788914 0.834012985229492
81 0 0 0.00387807004153728 0.831201016902924
80 0 0 0.00388888991437852 0.828346014022827
79 0 0 0.00389976007863879 0.825450003147125
78 0 0 0.00391067983582616 0.822512984275818
77 0 0 0.00392166012898088 0.81953501701355
76 0 0 0.00393268978223205 0.816516995429993
75 0 0 0.00394375994801521 0.813459992408752
74 0 0 0.00395485991612077 0.810364007949829
73 0 0 0.00396601017564535 0.807228982448578
72 0 0 0.00397718977183104 0.804057002067566
71 0 0 0.00398840010166168 0.800846993923187
70 0 0 0.00399963976815343 0.797600984573364
69 0 0 0.00401089992374182 0.794318974018097
68 0 0 0.00402218010276556 0.79100102186203
67 0 0 0.00403347983956337 0.787648022174835
66 0 0 0.0040447898209095 0.784260988235474
65 0 0 0.00405611982569098 0.78083997964859
64 0 0 0.00406744983047247 0.777386009693146
63 0 0 0.00407879007980227 0.773899018764496
62 0 0 0.00409012986347079 0.770380973815918
61 0 0 0.0041014701128006 0.76683098077774
60 0 0 0.00411280989646912 0.76324999332428
59 0 0 0.0041241399012506 0.759639024734497
58 0 0 0.00413546990603209 0.755998015403748
57 0 0 0.00414679013192654 0.752327978610992
56 0 0 0.00415808986872435 0.748629987239838
55 0 0 0.00416937982663512 0.744903981685638
54 0 0 0.00418066000565886 0.74115002155304
53 0 0 0.00419192016124725 0.737370014190674
52 0 0 0.00420315004885197 0.733563005924225
51 0 0 0.00421437015756965 0.729730010032654
50 17 24 0.00422555999830365 0.725872993469238
49 0 0 0.00423672003671527 0.721989989280701
48 0 0 0.00424786005169153 0.71808397769928
47 0 0 0.00425896979868412 0.714154005050659
46 0 0 0.00427005020901561 0.710200011730194
45 0 0 0.00428109988570213 0.706224977970123
44 0 0 0.00429210998117924 0.702225983142853
43 0 0 0.00430308980867267 0.698207020759583
42 0 0 0.00431403005495667 0.694166004657745
41 0 0 0.00432492978870869 0.690104007720947
40 0 0 0.0043358001857996 0.686021983623505
39 0 0 0.00434663007035851 0.681919991970062
38 0 0 0.00435741012915969 0.677797973155975
37 0 0 0.00436815991997719 0.673658013343811
36 0 0 0.00437885988503695 0.669498980045319
35 0 0 0.00438951980322599 0.665322005748749
34 0 0 0.0044001298956573 0.661126971244812
33 0 0 0.0044106999412179 0.656915009021759
32 0 0 0.00442122993990779 0.652684986591339
31 0 0 0.00443169986829162 0.648438990116119
30 0 0 0.00444213021546602 0.6441770195961
29 0 0 0.00445250980556011 0.639899015426636
28 0 0 0.00446284003555775 0.635604977607727
27 0 0 0.00447313021868467 0.631296992301941
26 0 0 0.00448335986584425 0.62697297334671
25 0 0 0.00449354015290737 0.622635006904602
24 0 0 0.00450367014855146 0.61828202009201
23 0 0 0.00451374985277653 0.613915979862213
22 0 0 0.00452378019690514 0.609535992145538
21 0 0 0.00453375978395343 0.605143010616302
20 0 0 0.00454369001090527 0.600736975669861
19 0 0 0.00455356016755104 0.596318006515503
18 0 0 0.00456338003277779 0.591885983943939
17 0 0 0.00457313982769847 0.587442994117737
16 0 0 0.00458286004140973 0.582987010478973
15 0 0 0.00459250994026661 0.578519999980927
14 0 0 0.00460211979225278 0.574042022228241
13 0 0 0.00461167003959417 0.569552004337311
12 0 0 0.00462116999551654 0.565051019191742
11 0 0 0.00463060988113284 0.560540020465851
10 0 0 0.0046399999409914 0.556019008159637
9 0 0 0.0046493299305439 0.551487028598785
8 0 0 0.00465861009433866 0.546944975852966
7 0 0 0.00466783018782735 0.542393028736115
6 0 0 0.00467699998989701 0.537832021713257
5 0 0 0.0046861101873219 0.533261001110077
4 0 0 0.0046921600587666 0.530209004878998
3 0 0 0.00469618011265993 0.528172016143799
2 0 0 0.00469885021448135 0.526812970638275
1 0 0 0.0047023999504745 0.524999976158142
1 0 0 0.0047023999504745 0.524999976158142
2 0 0 0.00470595015212893 0.523185014724731
3 0 0 0.004708600230515 0.52182400226593
4 0 0 0.00471257977187634 0.519779026508331
5 0 0 0.0047185099683702 0.516709983348846
6 0 0 0.00472737988457084 0.512099027633667
7 0 0 0.00474057020619512 0.505165994167328
8 0 0 0.00475363014265895 0.498214989900589
9 0 0 0.00476656993851066 0.491246998310089
10 0 0 0.00477939005941153 0.484261989593506
11 0 0 0.00479209003970027 0.477259993553162
12 0 0 0.00480466987937689 0.470241993665695
13 0 0 0.00481711979955435 0.463209003210068
14 0 0 0.00482945004478097 0.456160008907318
15 0 0 0.00484166014939547 0.449097007513046
16 0 0 0.00485375011339784 0.442019999027252
17 0 0 0.00486571993678808 0.434929013252258
18 0 0 0.00487757008522749 0.42782399058342
19 0 0 0.00488930009305477 0.420706987380981
20 0 0 0.00490090996026993 0.413576006889343
21 0 0 0.00491240993142128 0.406433999538422
22 0 0 0.00492377998307347 0.3992800116539
23 0 0 0.00493504013866186 0.392114013433456
24 0 0 0.00494618993252516 0.384936988353729
25 0 0 0.0049572098068893 0.377748996019363
26 0 0 0.00496811978518963 0.370550990104675
27 0 0 0.00497891986742616 0.363341987133026
28 0 0 0.00498959980905056 0.356123000383377
29 0 0 0.00500016985461116 0.348894000053406
30 0 0 0.00501063000410795 0.341655999422073
31 0 0 0.00502097001299262 0.33440899848938
32 0 0 0.00503120012581348 0.327152997255325
33 0 0 0.00504133012145758 0.31988799571991
34 0 0 0.00505133997648954 0.312613993883133
35 0 0 0.00506123993545771 0.305332005023956
36 0 0 0.00507102999836206 0.298043012619019
37 0 0 0.00508071016520262 0.290744990110397
38 0 0 0.0050902902148664 0.283439993858337
39 0 0 0.00509975990280509 0.276127994060516
40 0 0 0.00510912016034126 0.268808007240295
41 0 0 0.00511837983503938 0.261480987071991
42 0 0 0.00512753007933497 0.254148006439209
43 0 0 0.00513656996190548 0.246808007359505
44 0 0 0.0051455101929605 0.239461004734039
45 0 0 0.00515434984117746 0.232107996940613
46 0 0 0.00516308983787894 0.224748998880386
47 0 0 0.00517171993851662 0.217383995652199
48 0 0 0.00518024992197752 0.210013002157211
49 0 0 0.00518867978826165 0.202637001872063
50 2 24 0.00519700022414327 0.195254996418953
51 0 0 0.00520522985607386 0.187867000699043
52 0 0 0.00521335983648896 0.180474996566772
53 0 0 0.00522139016538858 0.173077002167702
54 0 0 0.00522931991145015 0.16567400097847
55 0 0 0.00523715000599623 0.158267006278038
56 0 0 0.00524487998336554 0.150855004787445
57 0 0 0.00525252008810639 0.143437996506691
58 0 0 0.00526006007567048 0.136016994714737
59 0 0 0.0052674999460578 0.128591999411583
60 0 0 0.00527484994381666 0.121161997318268
61 0 0 0.00528209982439876 0.113728001713753
62 0 0 0.0052892598323524 0.106289997696877
63 0 0 0.00529632018879056 0.0988487973809242
64 0 0 0.00530329020693898 0.0914034023880959
65 0 0 0.00531016988679767 0.0839544013142586
66 0 0 0.00531694991514087 0.076501801609993
67 0 0 0.00532364007085562 0.0690457001328468
68 0 0 0.00533023988828063 0.0615863017737865
69 0 0 0.00533674983307719 0.0541235990822315
70 0 0 0.00534316012635827 0.0466577000916004
71 0 0 0.00534948008134961 0.0391887985169888
72 0 0 0.00535571994259953 0.0317169018089771
73 0 0 0.00536186015233397 0.0242420993745327
74 0 0 0.00536791002377868 0.0167644992470741
75 0 0 0.00537387980148196 0.00928420014679432
76 0 0 0.00537974992766976 0.00180125003680587
77 0 0 0.00538553018122911 -0.00568423001095653
78 0 0 0.00539122987538576 -0.0131721999496222
79 0 0 0.00539684016257524 -0.0206624995917082
80 0 0 0.00540236011147499 -0.0281550996005535
81 0 0 0.00540779018774629 -0.0356498993933201
82 0 0 0.00541312992572784 -0.043146900832653
83 0 0 0.00541839003562927 -0.050645899027586
84 0 0 0.00542355980724096 -0.0581468008458614
85 0 0 0.00542864017188549 -0.0656497031450272
86 0 0 0.00543363019824028 -0.0731543973088264
87 0 0 0.00543854013085365 -0.0806607976555824
88 0 0 0.00544336019083858 -0.0881688967347145
89 0 0 0.00544810015708208 -0.0956785976886749
90 0 0 0.00545274978503585 -0.103189997375011
91 0 0 0.00545731978490949 -0.110702000558376
92 0 0 0.00546179991215467 -0.118216000497341
93 0 0 0.00546619016677141 -0.125732004642487
94 0 0 0.00547049986198545 -0.133248001337051
95 0 0 0.00547472992911935 -0.140765994787216
96 0 0 0.0054788701236248 -0.148285001516342
97 0 0 0.00548291997984052 -0.155803993344307
98 0 0 0.0054868902079761 -0.163324996829033
99 0 0 0.00549077987670898 -0.170846998691559
100 3 24 0.0054945801384747 -0.178369000554085
101 0 0 0.00549829006195068 -0.185892000794411
102 0 0 0.00550193013623357 -0.193415001034737
103 0 0 0.00550547009333968 -0.200939998030663
104 0 0 0.0055089402012527 -0.208463996648788
105 0 0 0.00551231997087598 -0.215988993644714
106 0 0 0.00551560986787081 -0.223515003919601
107 0 0 0.00551882013678551 -0.231040000915527
108 0 0 0.0055219498462975 -0.238565996289253
109 0 0 0.00552499014884233 -0.24609200656414
110 0 0 0.00552794989198446 -0.253618001937866
111 0 0 0.00553082022815943 -0.261144012212753
112 0 0 0.00553361000493169 -0.268669992685318
113 0 0 0.00553632015362382 -0.276196002960205
114 0 0 0.00553893996402621 -0.283720999956131
115 0 0 0.00554148014634848 -0.291245996952057
116 0 0 0.005543929990381 -0.298770010471344
117 0 0 0.0055463002063334 -0.306293994188309
118 0 0 0.00554858008399606 -0.313818007707596
119 0 0 0.0055507798679173 -0.321339994668961
120 0 0 0.00555288977921009 -0.328862011432648
121 0 0 0.00555492006242275 -0.336382985115051
122 0 0 0.00555686000734568 -0.343903005123138
123 0 0 0.00555871985852718 -0.351422011852264
124 0 0 0.00556048983708024 -0.358940005302429
125 0 0 0.00556216994300485 -0.366456985473633
126 0 0 0.00556376995518804 -0.373971998691559
127 0 0 0.00556528987362981 -0.381485998630524
128 0 0 0.0055667101405561 -0.388998001813889
129 0 0 0.00556804984807968 -0.396508991718292
130 0 0 0.00556930992752314 -0.404018014669418
131 0 0 0.00557046988978982 -0.411525011062622
132 0 0 0.00557155022397637 -0.419030994176865
133 0 0 0.00557254021987319 -0.426533997058868
134 0 0 0.00557343987748027 -0.434035003185272
135 0 0 0.00557425990700722 -0.441534012556076
136 0 0 0.0055749798193574 -0.449030011892319
137 0 0 0.00557562010362744 -0.456524014472961
138 0 0 0.00557615980505943 -0.464015990495682
139 0 0 0.00557661987841129 -0.471504002809525
140 0 0 0.0055769900791347 -0.478989988565445
141 0 0 0.00557726016268134 -0.486472994089127
142 0 0 0.00557745015248656 -0.493952006101608
143 0 0 0.00557754002511501 -0.501428008079529
144 4 22 0.00557754980400205 -0.505321979522705
145 0 0 0.00557751022279263 -0.512793004512787
146 0 0 0.00557726994156837 -0.523992002010345
147 0 0 0.00557680986821651 -0.535183012485504
148 0 0 0.0055761500261724 -0.546365022659302
149 0 0 0.00557526992633939 -0.557536005973816
150 5 24 0.0055741798132658 -0.568697988986969
151 0 0 0.0055728699080646 -0.579847991466522
152 0 0 0.00557134998962283 -0.590986013412476
153 0 0 0.00556960003450513 -0.602113008499146
154 0 0 0.00556762982159853 -0.613225996494293
155 0 0 0.00556543003767729 -0.624324977397919
156 0 0 0.00556300999596715 -0.635408997535706
157 0 0 0.00556035991758108 -0.646477997303009
158 0 0 0.00555747980251908 -0.657530009746552
159 0 0 0.00555435987189412 -0.668564975261688
160 0 0 0.00555100990459323 -0.679581999778748
161 0 0 0.00554742012172937 -0.690578997135162
162 0 0 0.00554357981309295 -0.701555013656616
163 0 0 0.00553950993344188 -0.712509989738464
164 0 0 0.00553518021479249 -0.723442018032074
165 0 0 0.00553061021491885 -0.734349012374878
166 0 0 0.00552577991038561 -0.745230972766876
167 0 0 0.00552070001140237 -0.756084978580475
168 0 0 0.00551537005230784 -0.766910970211029
169 0 0 0.00550977000966668 -0.777706027030945
170 0 0 0.0055039101280272 -0.78846800327301
171 0 0 0.00549778016284108 -0.799196004867554
172 0 0 0.00549138989299536 -0.809886991977692
173 0 0 0.00548472022637725 -0.820540010929108
174 0 0 0.00547778001055121 -0.831152021884918
175 0 0 0.00547057017683983 -0.841718971729279
176 0 0 0.00546306977048516 -0.852240979671478
177 0 0 0.00545530021190643 -0.862712979316711
178 0 0 0.00544724985957146 -0.873131990432739
179 0 0 0.00543890986591578 -0.883495986461639
180 0 0 0.00543029000982642 -0.893800020217896
181 0 0 0.00542138982564211 -0.904039978981018
182 0 0 0.00541219022125006 -0.914213001728058
183 0 0 0.00540272006765008 -0.924314022064209
184 0 0 0.00539295002818108 -0.934337019920349
185 0 0 0.00538290990516543 -0.94427901506424
186 0 0 0.00537258014082909 -0.954132974147797
187 0 0 0.00536197982728481 -0.963892996311188
188 0 0 0.00535110989585519 -0.973553001880646
189 0 0 0.00533996010199189 -0.983106970787048
190 0 0 0.00532855978235602 -0.992546021938324
191 0 0 0.00531690008938313 -1.00186002254486
192 0 0 0.00530498987063766 -1.01104998588562
193 0 0 0.00529285985976458 -1.02009999752045
194 0 0 0.00528051005676389 -1.02900004386902
195 0 0 0.00526796001940966 -1.03773999214172
196 0 0 0.0052552199922502 -1.04631996154785
197 0 0 0.00524231977760792 -1.05471003055573
198 0 0 0.00522927986457944 -1.06291997432709
199 0 0 0.00521613005548716 -1.07091999053955
200 6 24 0.00520290015265346 -1.07871997356415
201 0 0 0.00518961017951369 -1.08627998828888
202 0 0 0.00517630996182561 -1.09361004829407
203 0 0 0.00516302976757288 -1.1007000207901
204 0 0 0.00514981988817453 -1.1075199842453
205 0 0 0.00513671012595296 -1.11407005786896
206 0 0 0.00512376008555293 -1.12033998966217
207 0 0 0.00511100003495812 -1.1263200044632
208 0 0 0.00509849982336164 -1.1319899559021
209 0 0 0.00508629996329546 -1.13735997676849
210 0 0 0.00507444981485605 -1.14242005348206
211 0 0 0.00506300013512373 -1.14715003967285
212 0 0 0.00505201006308198 -1.1515599489212
213 0 0 0.00504150986671448 -1.15565001964569
214 0 0 0.00503154983744025 -1.15940999984741
215 0 0 0.00502219004556537 -1.16284000873566
216 0 0 0.00501345004886389 -1.16595995426178
217 0 0 0.00500538013875484 -1.16875004768372
218 0 0 0.00499801011756063 -1.17122995853424
219 0 0 0.00499136978760362 -1.17340004444122
220 0 0 0.00498548010364175 -1.17527997493744
221 0 0 0.00498038018122315 -1.17685997486115
222 0 0 0.00497607979923487 -1.17815005779266
223 0 0 0.00497259991243482 -1.17918002605438
224 0 0 0.00496994983404875 -1.17993998527527
225 0 0 0.00496813980862498 -1.18043994903564
226 0 0 0.00496718008071184 -1.18069994449615
227 7 22 0.00496701989322901 -1.18075001239777
228 0 0 0.00496739009395242 -1.18064999580383
229 0 0 0.00496861012652516 -1.180340051651
230 0 0 0.00497070979326963 -1.17981004714966
231 0 0 0.00497367000207305 -1.17909002304077
232 0 0 0.00497748982161283 -1.17817997932434
233 0 0 0.0049821799620986 -1.17708003520966
234 0 0 0.00498773017898202 -1.1758199930191
235 0 0 0.00499414000660181 -1.17438995838165
236 0 0 0.00500140013173223 -1.17279994487762
237 0 0 0.00500951008871198 -1.17105996608734
238 0 0 0.00501846009865403 -1.16919004917145
239 0 0 0.00502825016155839 -1.16717994213104
240 0 0 0.00503887003287673 -1.16504001617432
241 0 0 0.00505032017827034 -1.16278004646301
242 0 0 0.00506258988752961 -1.16041004657745
243 0 0 0.0050756698474288 -1.15792000293732
244 0 0 0.00508956983685493 -1.15532994270325
245 0 0 0.00510426005348563 -1.15264999866486
246 0 0 0.00511976005509496 -1.14987003803253
247 0 0 0.00513604981824756 -1.14699995517731
248 0 0 0.00515312002971768 -1.14405000209808
249 0 0 0.00517097022384405 -1.14102005958557
250 8 24 0.00518959993496537 -1.13791000843048
251 0 0 0.0052089998498559 -1.13472998142242
252 0 0 0.00522916996851563 -1.1314799785614
253 0 0 0.00525008980184793 -1.12817001342773
254 0 0 0.00527177006006241 -1.12478995323181
255 0 0 0.00529420003294945 -1.12135994434357
256 0 0 0.00531736994162202 -1.11786997318268
257 0 0 0.00534129003062844 -1.11433005332947
258 0 0 0.0053659500554204 -1.11073005199432
259 0 0 0.00539132999256253 -1.10708999633789
260 0 0 0.0054174498654902 -1.10341000556946
261 0 0 0.00544429011642933 -1.09967994689941
262 0 0 0.00547186005860567 -1.09590995311737
263 0 0 0.00550014013424516 -1.09210002422333
264 0 0 0.00552914012223482 -1.08826005458832
265 0 0 0.00555884977802634 -1.08438003063202
266 0 0 0.00558925978839397 -1.08046996593475
267 0 0 0.00562039017677307 -1.07652997970581
268 0 0 0.00565221020951867 -1.0725599527359
269 0 0 0.00568473991006613 -1.06856000423431
270 0 0 0.00571796018630266 -1.06453001499176
271 0 0 0.00575187988579273 -1.06049001216888
272 0 0 0.00578649016097188 -1.05640995502472
273 0 0 0.00582179008051753 -1.05232000350952
274 0 0 0.00587602984160185 -1.04613995552063
275 0 0 0.00593181001022458 -1.03991997241974
276 0 0 0.00598911987617612 -1.03366994857788
277 0 0 0.00604795990511775 -1.02737998962402
278 0 0 0.00610831985250115 -1.0210599899292
279 0 0 0.00617020018398762 -1.01470994949341
280 0 0 0.00623359018936753 -1.00834000110626
281 0 0 0.0062984898686409 -1.00194001197815
282 0 0 0.00636490015313029 -0.995532989501953
283 0 0 0.00643280008807778 -0.989107012748718
284 0 0 0.00650219991803169 -0.982667982578278
285 0 0 0.00657310010865331 -0.976218998432159
286 0 0 0.00664548017084599 -0.969762027263641
287 0 0 0.00671936012804508 -0.963298976421356
288 0 0 0.00679471995681524 -0.956831991672516
289 0 0 0.00687156012281775 -0.950362980365753
290 0 0 0.00694988993927836 -0.943894028663635
291 0 0 0.00702970009297132 -0.93742698431015
292 0 0 0.00711099989712238 -0.930962979793549
293 0 0 0.00719376979395747 -0.924503982067108
294 0 0 0.00727802002802491 -0.918052017688751
295 0 0 0.00736375013366342 -0.911607027053833
296 0 0 0.00745096011087298 -0.905173003673553
297 0 0 0.00753964995965362 -0.898748993873596
298 0 0 0.00762980990111828 -0.892337024211884
299 0 0 0.00772145995870233 -0.885939002037048
300 9 24 0.00781457964330912 -0.879554986953735
301 0 0 0.00790917966514826 -0.873188018798828
302 0 0 0.00800525955855846 -0.866837024688721
303 0 0 0.00810282025486231 -0.860503971576691
304 0 0 0.00820187013596296 -0.854189991950989
305 0 0 0.00830238964408636 -0.847895979881287
306 0 0 0.00840440019965172 -0.84162300825119
307 0 0 0.00850788969546556 -0.835371971130371
308 0 0 0.00861285999417305 -0.82914400100708
309 0 0 0.00871932040899992 -0.822938978672028
310 0 0 0.00882725976407528 -0.816758990287781
311 0 0 0.0089366901665926 -0.810603976249695
312 0 0 0.00904760044068098 -0.804476022720337
313 0 0 0.00915999989956617 -0.798373997211456
314 0 0 0.00927389040589333 -0.79229998588562
315 0 0 0.00938925985246897 -0.78625500202179
316 0 0 0.00950612034648657 -0.78023898601532
317 0 0 0.00962447002530098 -0.774251997470856
318 0 0 0.00974429957568645 -0.768296003341675
319 0 0 0.00986562017351389 -0.762372016906738
320 0 0 0.00998841971158981 -0.756479024887085
321 0 0 0.0101127000525594 -0.750618994235992
322 0 0 0.0102385003119707 -0.744791984558105
323 0 0 0.0103657003492117 -0.738997995853424
324 0 0 0.0104943998157978 -0.733240008354187
325 0 0 0.0106245996430516 -0.727515995502472
326 0 0 0.0107562998309731 -0.721827983856201
327 0 0 0.0108893997967243 -0.716176986694336
328 0 0 0.0110240001231432 -0.710561990737915
329 0 0 0.0111600002273917 -0.704985022544861
330 0 0 0.0112974997609854 -0.699446976184845
331 0 0 0.0114364000037313 -0.693947017192841
332 0 0 0.0115767996758223 -0.688485980033875
333 0 0 0.0117186000570655 -0.683064997196198
334 0 0 0.0118618002161384 -0.677685022354126
335 0 0 0.0120064001530409 -0.672347009181976
336 0 0 0.0121523002162576 -0.667048990726471
337 0 0 0.0122996997088194 -0.661795020103455
338 0 0 0.0124484002590179 -0.65658301115036
339 0 0 0.0125984996557236 -0.65141499042511
340 0 0 0.0127499001100659 -0.646291017532349
341 0 0 0.0129025997593999 -0.641211986541748
342 0 0 0.0130567001178861 -0.636178016662598
343 0 0 0.0132119003683329 -0.63119101524353
344 0 0 0.0133685003966093 -0.626250028610229
345 0 0 0.0135262003168464 -0.621356010437012
346 0 0 0.0136852003633976 -0.616509974002838
347 0 0 0.0138453003019094 -0.611712992191315
348 0 0 0.0140065997838974 -0.606965005397797
349 0 0 0.0141690000891685 -0.602266013622284
350 10 24 0.0143323997035623 -0.597617983818054
351 0 0 0.0144969001412392 -0.593020975589752
352 0 0 0.0146623998880386 -0.588476002216339
353 0 0 0.0148288998752832 -0.58398300409317
354 0 0 0.0149961998686194 -0.579542994499207
355 0 0 0.0151645001024008 -0.575156986713409
356 0 0 0.0153336003422737 -0.570824027061462
357 0 0 0.0155034000054002 -0.566546976566315
358 0 0 0.0156740006059408 -0.562323987483978
359 0 0 0.0158452000468969 -0.558157980442047
360 0 0 0.0160170998424292 -0.554049015045166
361 0 0 0.0161895006895065 -0.549996972084045
362 0 0 0.0163624007254839 -0.546001970767975
363 0 0 0.0165357999503613 -0.542065978050232
364 0 0 0.0167094003409147 -0.538188993930817
365 0 0 0.0168833993375301 -0.534371972084045
366 0 0 0.0170575994998217 -0.530614972114563
367 0 0 0.0172319002449512 -0.526919007301331
368 0 0 0.0174062997102737 -0.523284018039703
369 0 0 0.0175806004554033 -0.519711017608643
370 0 0 0.0177548006176949 -0.516200006008148
371 0 0 0.0179287996143103 -0.512751996517181
372 0 0 0.0181025005877018 -0.509368002414703
373 0 0 0.0182757992297411 -0.506048977375031
374 0 0 0.0184486005455256 -0.502794027328491
375 0 0 0.0186208002269268 -0.499603986740112
376 0 0 0.018792200833559 -0.496479988098145
377 0 0 0.01896289922297 -0.493422001600266
378 0 0 0.019132599234581 -0.490431010723114
379 0 0 0.0193012002855539 -0.487507998943329
380 0 0 0.0194685999304056 -0.484652996063232
381 0 0 0.0196346994489431 -0.481866002082825
382 0 0 0.0197992995381355 -0.479149013757706
383 0 0 0.0199622996151447 -0.476502001285553
384 0 0 0.0201235003769398 -0.473924994468689
385 0 0 0.0202827993780375 -0.471419006586075
386 0 0 0.0204399991780519 -0.468986004590988
387 0 0 0.0205949991941452 -0.46662500500679
388 0 0 0.0207474995404482 -0.464338004589081
389 0 0 0.0208973996341228 -0.46212500333786
390 0 0 0.0210445001721382 -0.459987014532089
391 0 0 0.0211884994059801 -0.457926005125046
392 0 0 0.0213293004781008 -0.455942004919052
393 0 0 0.0214665997773409 -0.454035997390747
394 0 0 0.0216001998633146 -0.452208995819092
395 0 0 0.021729800850153 -0.450464010238647
396 0 0 0.0218551997095346 -0.448801010847092
397 0 0 0.0219761002808809 -0.447221010923386
398 0 0 0.0220921002328396 -0.445726007223129
399 0 0 0.0222028996795416 -0.444317996501923
400 11 24 0.022308299317956 -0.442999005317688
401 0 0 0.0224079005420208 -0.441771000623703
402 0 0 0.0225012004375458 -0.440634995698929
403 0 0 0.0225879997014999 -0.439594000577927
404 0 0 0.0226677004247904 -0.438650012016296
405 0 0 0.0227399002760649 -0.437806993722916
406 0 0 0.0228041000664234 -0.437065988779068
407 0 0 0.0228598993271589 -0.436432003974915
408 0 0 0.0229067001491785 -0.435905992984772
409 0 0 0.0229438003152609 -0.435494005680084
410 0 0 0.022970899939537 -0.43519800901413
411 0 0 0.022987000644207 -0.435023009777069
412 12 22 0.0229918006807566 -0.434971988201141
413 0 0 0.0229854993522167 -0.43503800034523
414 0 0 0.0229662992060184 -0.435238987207413
415 0 0 0.0229333993047476 -0.435579001903534
416 0 0 0.0228860005736351 -0.43606498837471
417 0 0 0.0228230003267527 -0.436702996492386
418 0 0 0.0227435994893312 -0.4375
419 0 0 0.0226467996835709 -0.438463002443314
420 0 0 0.0225315000861883 -0.439599007368088
421 0 0 0.0223967004567385 -0.440916001796722
422 0 0 0.0222411993891001 -0.44242200255394
423 0 0 0.0220640003681183 -0.44412699341774
424 0 0 0.0218637995421886 -0.446040004491806
425 0 0 0.0216394998133183 -0.448168992996216
426 0 0 0.0213900003582239 -0.450524002313614
427 0 0 0.0211140997707844 -0.453114002943039
428 0 0 0.0208109002560377 -0.455949991941452
429 0 0 0.0204792991280556 -0.459039002656937
430 0 0 0.0201187003403902 -0.462390005588531
431 0 0 0.0197283998131752 -0.466010004281998
432 0 0 0.0193080008029938 -0.469904989004135
433 0 0 0.0188574008643627 -0.474079996347427
434 0 0 0.0183767005801201 -0.478536009788513
435 0 0 0.0178664997220039 -0.48327299952507
436 0 0 0.0173275992274284 -0.488290995359421
437 0 0 0.0167612005025148 -0.493582993745804
438 0 0 0.016168899834156 -0.499143987894058
439 0 0 0.0155523996800184 -0.504962980747223
440 0 0 0.0149138001725078 -0.51103001832962
441 0 0 0.0142553001642227 -0.517331004142761
442 0 0 0.0135792996734381 -0.52385401725769
443 0 0 0.0128880003467202 -0.530583024024963
444 0 0 0.0121838003396988 -0.537504971027374
445 0 0 0.0114690000191331 -0.544605016708374
446 0 0 0.0107457004487514 -0.551868975162506
447 0 0 0.0100157996639609 -0.559285998344421
448 0 0 0.00928120035678148 -0.566842019557953
449 0 0 0.00854345038533211 -0.574527978897095
450 13 24 0.00780401006340981 -0.582333028316498
451 0 0 0.00706415018066764 -0.590250015258789
452 0 0 0.00632495991885662 -0.598271012306213
453 0 0 0.00558741018176079 -0.606389999389648
454 0 0 0.00485232006758451 -0.614600002765656
455 0 0 0.00412038015201688 -0.622897982597351
456 0 0 0.00339217996224761 -0.631278991699219
457 0 0 0.00266821007244289 -0.639739990234375
458 0 0 0.00194890005514026 -0.648277997970581
459 0 0 0.00123457005247474 -0.656892001628876
460 0 0 0.000525519018992782 -0.665578007698059
461 0 0 -0.000178036003489979 -0.674336016178131
462 0 0 -0.000875908997841179 -0.683165013790131
463 0 0 -0.00156796001829207 -0.692062973976135
464 0 0 -0.00225407001562417 -0.701030015945435
465 0 0 -0.00293415994383395 -0.710065007209778
466 0 0 -0.00360817997716367 -0.71916800737381
467 0 0 -0.00427606981247663 -0.728339016437531
468 0 0 -0.00493782013654709 -0.737577974796295
469 0 0 -0.00559342000633478 -0.746885001659393
470 0 0 -0.006242869887501 -0.756259024143219
471 0 0 -0.00688616978004575 -0.76570200920105
472 0 0 -0.00752336019650102 -0.775211989879608
473 0 0 -0.00815444998443127 -0.784790992736816
474 0 0 -0.00877948012202978 -0.794439017772675
475 0 0 -0.00939849019050598 -0.804156005382538
476 0 0 -0.0100114997476339 -0.813942015171051
477 0 0 -0.010618600063026 -0.823796987533569
478 0 0 -0.0112196998670697 -0.83372300863266
479 0 0 -0.0118150999769568 -0.843717992305756
480 0 0 -0.0124046001583338 -0.853784024715424
481 0 0 -0.012988300062716 -0.863919973373413
482 0 0 -0.0135663999244571 -0.874126970767975
483 0 0 -0.014138700440526 -0.884405016899109
484 0 0 -0.0147054996341467 -0.894755005836487
485 0 0 -0.0152666997164488 -0.905174970626831
486 0 0 -0.0158223994076252 -0.91566801071167
487 0 0 -0.0163726005703211 -0.926231026649475
488 0 0 -0.0169174000620842 -0.936866998672485
489 0 0 -0.0174567997455597 -0.947574019432068
490 0 0 -0.0179909002035856 -0.958352982997894
491 0 0 -0.0185198001563549 -0.969204008579254
492 0 0 -0.0190434008836746 -0.980126976966858
493 0 0 -0.0195617992430925 -0.991120994091034
494 0 0 -0.0200750008225441 -1.00218999385834
495 0 0 -0.0205831993371248 -1.01331996917725
496 0 0 -0.0210862997919321 -1.02453005313873
497 0 0 -0.0215844009071589 -1.0358099937439
498 0 0 -0.0220775995403528 -1.04716002941132
499 0 0 -0.0225658006966114 -1.0585800409317
500 14 24 -0.0230491999536753 -1.07007002830505
501 0 0 -0.0235277004539967 -1.08164000511169
502 0 0 -0.0240014009177685 -1.09326994419098
503 0 0 -0.0244702994823456 -1.10496997833252
504 0 0 -0.0249345991760492 -1.11673998832703
505 0 0 -0.0253941006958485 -1.12856996059418
506 0 0 -0.025849100202322 -1.14048004150391
507 0 0 -0.026299400255084 -1.15244996547699
508 0 0 -0.0267452001571655 -1.16448998451233
509 0 0 -0.0271864999085665 -1.17659997940063
510 0 0 -0.0276232995092869 -1.18877005577087
511 0 0 -0.0280556008219719 -1.20100998878479
512 0 0 -0.0284835994243622 -1.21331000328064
513 0 0 -0.0289073009043932 -1.22567999362946
514 0 0 -0.0293265990912914 -1.23810994625092
515 0 0 -0.0297416001558304 -1.25059998035431
516 0 0 -0.0301523990929127 -1.26314997673035
517 0 0 -0.0305589996278286 -1.27576994895935
518 0 0 -0.0309615004807711 -1.28845000267029
519 0 0 -0.0313597992062569 -1.30119001865387
520 0 0 -0.0317540988326073 -1.3139899969101
521 0 0 -0.0321443006396294 -1.32684004306793
522 0 0 -0.0325305983424187 -1.33975994586945
523 0 0 -0.0329128988087177 -1.35273003578186
524 0 0 -0.0332911983132362 -1.36575996875763
525 0 0 -0.0336657017469406 -1.37884998321533
526 0 0 -0.0340364016592503 -1.39198994636536
527 0 0 -0.0344032011926174 -1.40518999099731
528 0 0 -0.0347663015127182 -1.41843998432159
529 0 0 -0.0351255983114243 -1.43174004554749
530 0 0 -0.0354813002049923 -1.44509994983673
531 0 0 -0.0358333997428417 -1.45850002765656
532 0 0 -0.0361818000674248 -1.47195994853973
533 0 0 -0.0365266986191273 -1.48547005653381
534 0 0 -0.0368679985404015 -1.49902999401093
535 0 0 -0.0372058004140854 -1.51263999938965
536 0 0 -0.0375402010977268 -1.52629005908966
537 0 0 -0.0378712005913258 -1.53999996185303
538 0 0 -0.0381987988948822 -1.55375003814697
539 0 0 -0.0385231003165245 -1.56754004955292
540 0 0 -0.0388441011309624 -1.58138000965118
541 0 0 -0.0391618013381958 -1.59527003765106
542 0 0 -0.0394763015210629 -1.60920000076294
543 0 0 -0.0397876985371113 -1.62317001819611
544 0 0 -0.0400957986712456 -1.63717997074127
545 0 0 -0.0404008999466896 -1.65123999118805
546 0 0 -0.0407029017806053 -1.66533994674683
547 0 0 -0.0410018004477024 -1.67946994304657
548 0 0 -0.0412978008389473 -1.69365000724792
549 0 0 -0.0415907017886639 -1.70787000656128
550 15 24 -0.041880801320076 -1.72212994098663
551 0 0 -0.0421679988503456 -1.73642003536224
552 0 0 -0.0424523018300533 -1.75074994564056
553 0 0 -0.0427336990833282 -1.76512002944946
554 0 0 -0.0430123992264271 -1.77952003479004
555 0 0 -0.0432883016765118 -1.79395997524261
556 0 0 -0.0435614995658398 -1.80842995643616
557 0 0 -0.0438321009278297 -1.82293999195099
558 0 0 -0.0440999008715153 -1.8374799489975
559 0 0 -0.0443652011454105 -1.8520599603653
560 0 0 -0.0446278005838394 -1.86665999889374
561 0 0 -0.044887900352478 -1.88129997253418
562 0 0 -0.0451455004513264 -1.89596998691559
563 0 0 -0.0454006008803844 -1.91067004203796
564 0 0 -0.0456532016396523 -1.92541003227234
565 0 0 -0.0459033995866776 -1.94017004966736
566 0 0 -0.0461511984467506 -1.95495998859406
567 0 0 -0.0463965982198715 -1.96977996826172
568 0 0 -0.0466396994888783 -1.98462998867035
569 0 0 -0.0468804985284805 -1.99950003623962
570 0 0 -0.0471189990639687 -2.0144100189209
571 0 0 -0.0473552010953426 -2.02934002876282
572 0 0 -0.0475892014801502 -2.0443000793457
573 0 0 -0.0478211008012295 -2.05927991867065
574 0 0 -0.0480507016181946 -2.07429003715515
575 0 0 -0.0482782982289791 -2.08931994438171
576 0 0 -0.0485037006437778 -2.10437989234924
577 0 0 -0.048726998269558 -2.11946988105774
578 0 0 -0.0489482991397381 -2.13456988334656
579 0 0 -0.0491674989461899 -2.14969992637634
580 0 0 -0.0493846982717514 -2.16486001014709
581 0 0 -0.049600001424551 -2.18003010749817
582 0 0 -0.04981330037117 -2.19523000717163
583 16 29 -0.0500246994197369 -2.21044993400574
