1000 42 29 -0.0183556005358696 83.4429016113281
999 0 0 -0.0183533001691103 83.3430023193359
998 0 0 -0.018350999802351 83.2429962158203
997 0 0 -0.0183486994355917 83.1429977416992
996 0 0 -0.0183463990688324 83.0429992675781
995 0 0 -0.0183439999818802 82.943000793457
994 0 0 -0.0183416996151209 82.8430023193359
993 0 0 -0.0183393992483616 82.7429962158203
992 0 0 -0.0183370001614094 82.6429977416992
991 0 0 -0.0183346997946501 82.5429992675781
990 0 0 -0.0183323007076979 82.443000793457
989 0 0 -0.0183300003409386 82.3430023193359
988 0 0 -0.0183275993913412 82.2429962158203
987 0 0 -0.0183253008872271 82.1430969238281
986 0 0 -0.0183228999376297 82.043098449707
985 0 0 -0.0183205008506775 81.9430999755859
984 0 0 -0.0183182004839182 81.8431015014648
983 0 0 -0.0183157995343208 81.7431030273438
982 0 0 -0.0183134004473686 81.6430969238281
981 0 0 -0.0183109994977713 81.543098449707
980 0 0 -0.0183086004108191 81.4430999755859
979 0 0 -0.0183061994612217 81.3431015014648
978 0 0 -0.0183038003742695 81.2431030273438
977 0 0 -0.0183013994246721 81.1430969238281
976 0 0 -0.0182990003377199 81.0431976318359
975 0 0 -0.0182965993881226 80.9431991577148
974 0 0 -0.0182942003011703 80.8432006835938
973 0 0 -0.018291799351573 80.7432022094727
972 0 0 -0.0182894002646208 80.6432037353516
971 0 0 -0.0182869005948305 80.5431976318359
970 0 0 -0.0182844996452332 80.4431991577148
969 0 0 -0.0182821005582809 80.3432006835938
968 0 0 -0.0182796008884907 80.2432022094727
967 0 0 -0.0182771999388933 80.1432037353516
966 0 0 -0.0182747002691031 80.0431976318359
965 0 0 -0.0182722993195057 79.9431991577148
964 0 0 -0.0182697996497154 79.8432998657227
963 0 0 -0.0182674005627632 79.7433013916016
962 0 0 -0.0182649008929729 79.6433029174805
961 0 0 -0.0182623993605375 79.5432968139648
960 0 0 -0.0182598996907473 79.4432983398438
959 0 0 -0.0182575006037951 79.3432998657227
958 0 0 -0.0182549990713596 79.2433013916016
957 0 0 -0.0182524994015694 79.1433029174805
956 0 0 -0.0182499997317791 79.0432968139648
955 0 0 -0.0182475000619888 78.9432983398438
954 0 0 -0.0182450003921986 78.8432998657227
953 0 0 -0.0182425007224083 78.7434005737305
952 0 0 -0.0182399991899729 78.6434020996094
951 0 0 -0.0182374995201826 78.5434036254883
950 41 24 -0.0182348992675543 78.4433975219727
949 0 0 -0.018232399597764 78.3433990478516
948 0 0 -0.0182298999279737 78.2434005737305
947 0 0 -0.0182274002581835 78.1434020996094
946 0 0 -0.0182248000055552 78.0434036254883
945 0 0 -0.0182223003357649 77.9433975219727
944 0 0 -0.0182197000831366 77.8433990478516
943 0 0 -0.0182172004133463 77.7434997558594
942 0 0 -0.018214600160718 77.6435012817383
941 0 0 -0.0182121004909277 77.5435028076172
940 0 0 -0.0182095002382994 77.4434967041016
939 0 0 -0.018206899985671 77.3434982299805
938 0 0 -0.0182044003158808 77.2434997558594
937 0 0 -0.0182018000632524 77.1435012817383
936 0 0 -0.0181991998106241 77.0435028076172
935 0 0 -0.0181965995579958 76.9434967041016
934 0 0 -0.0181939993053675 76.8434982299805
933 0 0 -0.0181914009153843 76.7434997558594
932 0 0 -0.018188800662756 76.6436004638672
931 0 0 -0.0181862004101276 76.5436019897461
930 0 0 -0.0181836001574993 76.443603515625
929 0 0 -0.018180999904871 76.3435974121094
928 0 0 -0.0181782990694046 76.2435989379883
927 0 0 -0.0181757006794214 76.1436004638672
926 0 0 -0.0181731004267931 76.0436019897461
925 0 0 -0.0181703995913267 75.943603515625
924 0 0 -0.0181677993386984 75.8435974121094
923 0 0 -0.0181651003658772 75.7435989379883
922 0 0 -0.0181625001132488 75.6436996459961
921 0 0 -0.0181597992777824 75.543701171875
920 0 0 -0.0181572008877993 75.4437026977539
919 0 0 -0.0181545000523329 75.3436965942383
918 0 0 -0.0181517992168665 75.2436981201172
917 0 0 -0.0181491002440453 75.1436996459961
916 0 0 -0.0181464999914169 75.043701171875
915 0 0 -0.0181437991559505 74.9437026977539
914 0 0 -0.0181411001831293 74.8436965942383
913 0 0 -0.0181383993476629 74.7436981201172
912 0 0 -0.0181357003748417 74.6436996459961
911 0 0 -0.0181329995393753 74.5438003540039
910 0 0 -0.0181303005665541 74.4438018798828
909 0 0 -0.0181274991482496 74.3438034057617
908 0 0 -0.0181248001754284 74.2437973022461
907 0 0 -0.018122099339962 74.143798828125
906 0 0 -0.0181192997843027 74.0438003540039
905 0 0 -0.0181166008114815 73.9438018798828
904 0 0 -0.0181138999760151 73.8438034057617
903 0 0 -0.0181111004203558 73.7437973022461
902 0 0 -0.0181083995848894 73.6438980102539
901 0 0 -0.0181056000292301 73.5438995361328
900 40 24 -0.0181028004735708 73.4439010620117
899 0 0 -0.0181000996381044 73.3439025878906
898 0 0 -0.0180973000824451 73.243896484375
897 0 0 -0.0180945005267859 73.1438980102539
896 0 0 -0.0180916991084814 73.0438995361328
895 0 0 -0.0180888995528221 72.9439010620117
894 0 0 -0.0180860999971628 72.8439025878906
893 0 0 -0.0180833004415035 72.743896484375
892 0 0 -0.0180805008858442 72.6439971923828
891 0 0 -0.0180776994675398 72.5439987182617
890 0 0 -0.0180748999118805 72.4440002441406
889 0 0 -0.0180719997733831 72.3440017700195
888 0 0 -0.0180692002177238 72.2440032958984
887 0 0 -0.0180664006620646 72.1439971923828
886 0 0 -0.0180635005235672 72.0439987182617
885 0 0 -0.0180606991052628 71.9440002441406
884 0 0 -0.0180578008294106 71.8440017700195
883 0 0 -0.0180549994111061 71.7440032958984
882 0 0 -0.0180520992726088 71.6440963745117
881 0 0 -0.0180491991341114 71.5440979003906
880 0 0 -0.0180463995784521 71.4440994262695
879 0 0 -0.0180434994399548 71.3441009521484
878 0 0 -0.0180405993014574 71.2441024780273
877 0 0 -0.0180376991629601 71.1440963745117
876 0 0 -0.0180348008871078 71.0440979003906
875 0 0 -0.0180319007486105 70.9440994262695
874 0 0 -0.0180290006101131 70.8441009521484
873 0 0 -0.0180261004716158 70.7442016601563
872 0 0 -0.0180230997502804 70.6442031860352
871 0 0 -0.018020199611783 70.5441970825195
870 0 0 -0.0180172994732857 70.4441986083984
869 0 0 -0.0180143006145954 70.3442001342773
868 0 0 -0.0180114004760981 70.2442016601563
867 0 0 -0.0180083997547626 70.1442031860352
866 0 0 -0.0180054996162653 70.0441970825195
865 0 0 -0.018002500757575 69.9441986083984
864 0 0 -0.0179995000362396 69.8442993164063
863 0 0 -0.0179965998977423 69.7443008422852
862 0 0 -0.0179935991764069 69.6443023681641
861 0 0 -0.0179906003177166 69.5442962646484
860 0 0 -0.0179875995963812 69.4442977905273
859 0 0 -0.0179846007376909 69.3442993164063
858 0 0 -0.0179816000163555 69.2443008422852
857 0 0 -0.0179785992950201 69.1443023681641
856 0 0 -0.0179756004363298 69.0442962646484
855 0 0 -0.0179724991321564 68.9443969726563
854 0 0 -0.0179695002734661 68.8443984985352
853 0 0 -0.0179664995521307 68.7444000244141
852 0 0 -0.0179634001106024 68.644401550293
851 0 0 -0.017960399389267 68.5444030761719
850 39 24 -0.0179572999477386 68.4443969726563
849 0 0 -0.0179542005062103 68.3443984985352
848 0 0 -0.0179511997848749 68.2444000244141
847 0 0 -0.0179481003433466 68.144401550293
846 0 0 -0.0179450009018183 68.0445022583008
845 0 0 -0.0179418995976448 67.9445037841797
844 0 0 -0.0179388001561165 67.8444976806641
843 0 0 -0.0179357007145882 67.744499206543
842 0 0 -0.0179325994104147 67.6445007324219
841 0 0 -0.0179294999688864 67.5445022583008
840 0 0 -0.0179264005273581 67.4445037841797
839 0 0 -0.0179232992231846 67.3444976806641
838 0 0 -0.0179200991988182 67.244499206543
837 0 0 -0.0179169997572899 67.1445999145508
836 0 0 -0.0179137997329235 67.0446014404297
835 0 0 -0.0179107002913952 66.9446029663086
834 0 0 -0.0179075002670288 66.844596862793
833 0 0 -0.0179044008255005 66.7445983886719
832 0 0 -0.0179012008011341 66.6445999145508
831 0 0 -0.0178980007767677 66.5446014404297
830 0 0 -0.0178948007524014 66.4446029663086
829 0 0 -0.017891600728035 66.344596862793
828 0 0 -0.0178884007036686 66.2446975708008
827 0 0 -0.0178852006793022 66.1446990966797
826 0 0 -0.0178820006549358 66.0447006225586
825 0 0 -0.0178788006305695 65.9447021484375
824 0 0 -0.017875500023365 65.8447036743164
823 0 0 -0.0178722999989986 65.7446975708008
822 0 0 -0.0178690999746323 65.6446990966797
821 0 0 -0.0178657993674278 65.5447006225586
820 0 0 -0.0178625993430614 65.4448013305664
819 0 0 -0.0178593005985022 65.3448028564453
818 0 0 -0.0178559999912977 65.2447967529297
817 0 0 -0.0178526993840933 65.1447982788086
816 0 0 -0.0178494993597269 65.0447998046875
815 0 0 -0.0178462006151676 64.9448013305664
814 0 0 -0.0178429000079632 64.8448028564453
813 0 0 -0.0178395994007587 64.7447967529297
812 0 0 -0.0178363006561995 64.6448974609375
811 0 0 -0.017832899466157 64.5448989868164
810 0 0 -0.0178296007215977 64.4449005126953
809 0 0 -0.0178263001143932 64.3449020385742
808 0 0 -0.0178229007869959 64.2449035644531
807 0 0 -0.0178196001797915 64.1448974609375
806 0 0 -0.0178162008523941 64.0448989868164
805 0 0 -0.0178129002451897 63.9449005126953
804 0 0 -0.0178095009177923 63.8450012207031
803 0 0 -0.0178060997277498 63.7449989318848
802 0 0 -0.0178027004003525 63.6450004577637
801 0 0 -0.01779929921031 63.5449981689453
800 38 24 -0.0177958998829126 63.4449996948242
799 0 0 -0.0177925005555153 63.3450012207031
798 0 0 -0.0177890993654728 63.2449989318848
797 0 0 -0.0177857000380754 63.1450004577637
796 0 0 -0.01778220012784 63.0451011657715
795 0 0 -0.0177788008004427 62.9450988769531
794 0 0 -0.0177753008902073 62.845100402832
793 0 0 -0.0177718997001648 62.7450981140137
792 0 0 -0.0177683997899294 62.6450996398926
791 0 0 -0.017765000462532 62.5451011657715
790 0 0 -0.0177615005522966 62.4450988769531
789 0 0 -0.0177580006420612 62.345100402832
788 0 0 -0.0177545007318258 62.2452011108398
787 0 0 -0.0177510008215904 62.1451988220215
786 0 0 -0.017747500911355 62.0452003479004
785 0 0 -0.0177439991384745 61.9452018737793
784 0 0 -0.0177404005080462 61.8451995849609
783 0 0 -0.0177369005978107 61.7452011108398
782 0 0 -0.0177334006875753 61.6451988220215
781 0 0 -0.0177298001945019 61.5452003479004
780 0 0 -0.0177261997014284 61.4453010559082
779 0 0 -0.017722699791193 61.3452987670898
778 0 0 -0.0177190992981195 61.2453002929688
777 0 0 -0.0177155006676912 61.1453018188477
776 0 0 -0.0177119001746178 61.0452995300293
775 0 0 -0.0177082996815443 60.9453010559082
774 0 0 -0.0177046991884708 60.8452987670898
773 0 0 -0.0177011005580425 60.7453994750977
772 0 0 -0.0176975000649691 60.6454010009766
771 0 0 -0.0176938008517027 60.5453987121582
770 0 0 -0.0176902003586292 60.4454002380371
769 0 0 -0.0176864992827177 60.345401763916
768 0 0 -0.0176829006522894 60.2453994750977
767 0 0 -0.0176791995763779 60.1454010009766
766 0 0 -0.0176755003631115 60.0455017089844
765 0 0 -0.017671899870038 59.945499420166
764 0 0 -0.0176682006567717 59.8455009460449
763 0 0 -0.0176644995808601 59.7454986572266
762 0 0 -0.0176606997847557 59.6455001831055
761 0 0 -0.0176570005714893 59.5455017089844
760 0 0 -0.0176532994955778 59.445499420166
759 0 0 -0.0176496002823114 59.3455009460449
758 0 0 -0.017645800486207 59.2456016540527
757 0 0 -0.0176420994102955 59.1455993652344
756 0 0 -0.0176382996141911 59.0456008911133
755 0 0 -0.0176344998180866 58.9455986022949
754 0 0 -0.0176307000219822 58.8456001281738
753 0 0 -0.0176269002258778 58.7456016540527
752 0 0 -0.0176231004297733 58.6455993652344
751 0 0 -0.0176193006336689 58.5457000732422
750 37 24 -0.0176155008375645 58.4457015991211
749 0 0 -0.0176116991788149 58.3456993103027
748 0 0 -0.0176078006625175 58.2457008361816
747 0 0 -0.0176040008664131 58.1456985473633
746 0 0 -0.0176001004874706 58.0457000732422
745 0 0 -0.0175963006913662 57.9457015991211
744 0 0 -0.0175924003124237 57.8457984924316
743 0 0 -0.0175884999334812 57.7458000183105
742 0 0 -0.0175845995545387 57.6458015441895
741 0 0 -0.0175806991755962 57.5457992553711
740 0 0 -0.0175768006592989 57.44580078125
739 0 0 -0.0175729002803564 57.3457984924316
738 0 0 -0.0175688993185759 57.2458000183105
737 0 0 -0.0175650008022785 57.1459007263184
736 0 0 -0.017561100423336 57.0458984375
735 0 0 -0.0175570994615555 56.9458999633789
734 0 0 -0.0175531003624201 56.8459014892578
733 0 0 -0.0175490994006395 56.7458992004395
732 0 0 -0.0175451003015041 56.6459007263184
731 0 0 -0.0175410993397236 56.5460014343262
730 0 0 -0.0175371002405882 56.4459991455078
729 0 0 -0.0175330992788076 56.3460006713867
728 0 0 -0.0175291001796722 56.2459983825684
727 0 0 -0.0175250004976988 56.1459999084473
726 0 0 -0.0175209995359182 56.0460014343262
725 0 0 -0.0175168998539448 55.9459991455078
724 0 0 -0.0175129007548094 55.8460998535156
723 0 0 -0.0175087992101908 55.7461013793945
722 0 0 -0.0175046995282173 55.6460990905762
721 0 0 -0.0175005998462439 55.5461006164551
720 0 0 -0.0174965001642704 55.4460983276367
719 0 0 -0.0174922998994589 55.3460998535156
718 0 0 -0.0174882002174854 55.2462005615234
717 0 0 -0.017484100535512 55.1461982727051
716 0 0 -0.0174799002707005 55.046199798584
715 0 0 -0.0174757000058889 54.9462013244629
714 0 0 -0.0174716003239155 54.8461990356445
713 0 0 -0.017467400059104 54.7462005615234
712 0 0 -0.0174631997942924 54.6461982727051
711 0 0 -0.0174589995294809 54.5462989807129
710 0 0 -0.0174547005444765 54.4463005065918
709 0 0 -0.017450500279665 54.3462982177734
708 0 0 -0.0174463000148535 54.2462997436523
707 0 0 -0.0174419991672039 54.1463012695313
706 0 0 -0.0174378007650375 54.0462989807129
705 0 0 -0.017433499917388 53.9463996887207
704 0 0 -0.0174291990697384 53.8464012145996
703 0 0 -0.017424900084734 53.7463989257813
702 0 0 -0.0174205992370844 53.6464004516602
701 0 0 -0.01741630025208 53.5463981628418
700 36 24 -0.0174119006842375 53.4463996887207
699 0 0 -0.0174075998365879 53.3465003967285
698 0 0 -0.0174032002687454 53.2464981079102
697 0 0 -0.0173988994210958 53.1464996337891
696 0 0 -0.0173944998532534 53.046501159668
695 0 0 -0.0173901002854109 52.9464988708496
694 0 0 -0.0173857007175684 52.8465003967285
693 0 0 -0.0173812992870808 52.7466011047363
692 0 0 -0.0173768997192383 52.646598815918
691 0 0 -0.0173723995685577 52.5466003417969
690 0 0 -0.0173680000007153 52.4466018676758
689 0 0 -0.0173634998500347 52.3465995788574
688 0 0 -0.0173591002821922 52.2466011047363
687 0 0 -0.0173546001315117 52.1467018127441
686 0 0 -0.0173500999808311 52.0466995239258
685 0 0 -0.0173455998301506 51.9467010498047
684 0 0 -0.0173410996794701 51.8466987609863
683 0 0 -0.0173365008085966 51.7467002868652
682 0 0 -0.0173320006579161 51.6467018127441
681 0 0 -0.0173273999243975 51.5467987060547
680 0 0 -0.0173228997737169 51.4468002319336
679 0 0 -0.0173183009028435 51.3468017578125
678 0 0 -0.0173137001693249 51.2467994689941
677 0 0 -0.0173090994358063 51.146800994873
676 0 0 -0.0173045005649328 51.0467987060547
675 0 0 -0.0172997992485762 50.9468994140625
674 0 0 -0.0172952003777027 50.8469009399414
673 0 0 -0.0172905009239912 50.746898651123
672 0 0 -0.0172857996076345 50.646900177002
671 0 0 -0.0172812007367611 50.5469017028809
670 0 0 -0.0172764994204044 50.4468994140625
669 0 0 -0.0172717999666929 50.3470001220703
668 0 0 -0.0172669999301434 50.2470016479492
667 0 0 -0.0172623004764318 50.1469993591309
666 0 0 -0.0172575004398823 50.0470008850098
665 0 0 -0.0172527991235256 49.9469985961914
664 0 0 -0.0172479990869761 49.8470993041992
663 0 0 -0.0172432009130716 49.7471008300781
662 0 0 -0.0172384008765221 49.6470985412598
661 0 0 -0.0172336008399725 49.5471000671387
660 0 0 -0.0172288008034229 49.4471015930176
659 0 0 -0.0172239001840353 49.3470993041992
658 0 0 -0.0172191001474857 49.247200012207
657 0 0 -0.0172141995280981 49.1472015380859
656 0 0 -0.0172093007713556 49.0471992492676
655 0 0 -0.017204400151968 48.9472007751465
654 0 0 -0.0171994995325804 48.8471984863281
653 0 0 -0.0171946007758379 48.7472991943359
652 0 0 -0.0171895995736122 48.6473007202148
651 0 0 -0.0171847008168697 48.5472984313965
650 35 24 -0.0171796996146441 48.4472999572754
649 0 0 -0.0171747002750635 48.3473014831543
648 0 0 -0.0171696990728378 48.2473983764648
647 0 0 -0.0171646997332573 48.1473999023438
646 0 0 -0.0171597003936768 48.0474014282227
645 0 0 -0.0171546004712582 47.9473991394043
644 0 0 -0.0171495992690325 47.8474006652832
643 0 0 -0.0171444993466139 47.7473983764648
642 0 0 -0.0171393994241953 47.6474990844727
641 0 0 -0.0171342995017767 47.5475006103516
640 0 0 -0.0171291995793581 47.4474983215332
639 0 0 -0.0171240996569395 47.3474998474121
638 0 0 -0.0171188991516829 47.247501373291
637 0 0 -0.0171137005090714 47.1475982666016
636 0 0 -0.0171086005866528 47.0475997924805
635 0 0 -0.0171034000813961 46.9476013183594
634 0 0 -0.0170981995761395 46.847599029541
633 0 0 -0.0170929003506899 46.7476005554199
632 0 0 -0.0170876998454332 46.6477012634277
631 0 0 -0.0170824006199837 46.5476989746094
630 0 0 -0.017077200114727 46.4477005004883
629 0 0 -0.0170719008892775 46.3476982116699
628 0 0 -0.0170665998011827 46.2476997375488
627 0 0 -0.0170611999928951 46.1478004455566
626 0 0 -0.0170559007674456 46.0477981567383
625 0 0 -0.0170505996793509 45.9477996826172
624 0 0 -0.0170451998710632 45.8478012084961
623 0 0 -0.0170398000627756 45.7477989196777
622 0 0 -0.017034400254488 45.6478996276855
621 0 0 -0.0170290004462004 45.5479011535645
620 0 0 -0.0170235000550747 45.4478988647461
619 0 0 -0.0170181002467871 45.347900390625
618 0 0 -0.0170125998556614 45.2480010986328
617 0 0 -0.0170070994645357 45.1479988098145
616 0 0 -0.01700159907341 45.0480003356934
615 0 0 -0.0169961005449295 44.9480018615723
614 0 0 -0.0169906001538038 44.8479995727539
613 0 0 -0.0169849991798401 44.7481002807617
612 0 0 -0.0169794000685215 44.6481018066406
611 0 0 -0.0169737990945578 44.5480995178223
610 0 0 -0.0169681999832392 44.4481010437012
609 0 0 -0.0169626008719206 44.3480987548828
608 0 0 -0.0169569998979568 44.2481994628906
607 0 0 -0.0169513002038002 44.1482009887695
606 0 0 -0.0169456005096436 44.0481986999512
605 0 0 -0.0169399008154869 43.9482002258301
604 0 0 -0.0169341992586851 43.8483009338379
603 0 0 -0.0169284995645285 43.7482986450195
602 0 0 -0.0169226992875338 43.6483001708984
601 0 0 -0.0169169995933771 43.5483016967773
600 34 24 -0.0169111993163824 43.448299407959
599 0 0 -0.0169054009020329 43.3484001159668
598 0 0 -0.0168995000422001 43.2484016418457
597 0 0 -0.0168936997652054 43.1483993530273
596 0 0 -0.0168878007680178 43.0484008789063
595 0 0 -0.016881899908185 42.9485015869141
594 0 0 -0.0168760009109974 42.8484992980957
593 0 0 -0.0168701000511646 42.7485008239746
592 0 0 -0.0168641991913319 42.6484985351563
591 0 0 -0.0168581996113062 42.5485000610352
590 0 0 -0.0168522000312805 42.448600769043
589 0 0 -0.0168462004512548 42.3485984802246
588 0 0 -0.0168402008712292 42.2486000061035
587 0 0 -0.0168341994285583 42.1486015319824
586 0 0 -0.0168280992656946 42.048698425293
585 0 0 -0.0168219991028309 41.9486999511719
584 0 0 -0.0168159008026123 41.8487014770508
583 0 0 -0.0168098006397486 41.7486991882324
582 0 0 -0.0168037004768848 41.6487998962402
581 0 0 -0.0167974997311831 41.5488014221191
580 0 0 -0.0167913008481264 41.4487991333008
579 0 0 -0.0167851001024246 41.3488006591797
578 0 0 -0.0167788993567228 41.2487983703613
577 0 0 -0.0167727004736662 41.1488990783691
576 0 0 -0.0167663991451263 41.048900604248
575 0 0 -0.0167600996792316 40.9488983154297
574 0 0 -0.0167538002133369 40.8488998413086
573 0 0 -0.0167475007474422 40.7490005493164
572 0 0 -0.0167411006987095 40.648998260498
571 0 0 -0.0167347006499767 40.548999786377
570 0 0 -0.016728300601244 40.4490013122559
569 0 0 -0.0167219005525112 40.3490982055664
568 0 0 -0.0167155005037785 40.2490997314453
567 0 0 -0.0167089998722076 40.1491012573242
566 0 0 -0.0167024992406368 40.0490989685059
565 0 0 -0.0166960004717112 39.9491996765137
564 0 0 -0.0166894998401403 39.8492012023926
563 0 0 -0.0166829004883766 39.7491989135742
562 0 0 -0.0166762992739677 39.6492004394531
561 0 0 -0.016669699922204 39.5493011474609
560 0 0 -0.0166631005704403 39.4492988586426
559 0 0 -0.0166564993560314 39.3493003845215
558 0 0 -0.0166497994214296 39.2492980957031
557 0 0 -0.0166430994868279 39.1493988037109
556 0 0 -0.0166363995522261 39.0494003295898
555 0 0 -0.0166296008974314 38.9494018554688
554 0 0 -0.0166228991001844 38.8494987487793
553 0 0 -0.0166161004453897 38.7495002746582
552 0 0 -0.0166092999279499 38.6495018005371
551 0 0 -0.0166024006903172 38.5494995117188
550 33 24 -0.0165956001728773 38.4496002197266
549 0 0 -0.0165886990725994 38.3496017456055
548 0 0 -0.0165817998349667 38.2495994567871
547 0 0 -0.0165748000144958 38.149600982666
546 0 0 -0.016567800194025 38.0497016906738
545 0 0 -0.0165608990937471 37.9496994018555
544 0 0 -0.0165538005530834 37.8497009277344
543 0 0 -0.0165468007326126 37.7498016357422
542 0 0 -0.0165397003293037 37.6497993469238
541 0 0 -0.0165325999259949 37.5498008728027
540 0 0 -0.016525499522686 37.4497985839844
539 0 0 -0.0165183003991842 37.3498992919922
538 0 0 -0.0165111999958754 37.2499008178711
537 0 0 -0.0165040008723736 37.1498985290527
536 0 0 -0.0164966993033886 37.0499000549316
535 0 0 -0.0164895001798868 36.9500007629395
534 0 0 -0.016482200473547 36.8499984741211
533 0 0 -0.0164749007672071 36.75
532 0 0 -0.0164675004780293 36.6501007080078
531 0 0 -0.0164602007716894 36.5500984191895
530 0 0 -0.0164528004825115 36.4500999450684
529 0 0 -0.0164454001933336 36.3501014709473
528 0 0 -0.0164378993213177 36.2501983642578
527 0 0 -0.0164304003119469 36.1501998901367
526 0 0 -0.0164228994399309 36.0502014160156
525 0 0 -0.0164154004305601 35.9502983093262
524 0 0 -0.0164078008383512 35.8502998352051
523 0 0 -0.0164001993834972 35.750301361084
522 0 0 -0.0163925997912884 35.6503982543945
521 0 0 -0.0163848996162415 35.5503997802734
520 0 0 -0.0163771994411945 35.4504013061523
519 0 0 -0.0163694992661476 35.350399017334
518 0 0 -0.0163617990911007 35.2504997253418
517 0 0 -0.0163540001958609 35.1505012512207
516 0 0 -0.0163461994379759 35.0504989624023
515 0 0 -0.016338299959898 34.9505996704102
514 0 0 -0.016330499202013 34.8506011962891
513 0 0 -0.0163224991410971 34.7505989074707
512 0 0 -0.0163145996630192 34.6506996154785
511 0 0 -0.0163065996021032 34.5507011413574
510 0 0 -0.0162985995411873 34.4506988525391
509 0 0 -0.0162905994802713 34.3507995605469
508 0 0 -0.0162825006991625 34.2508010864258
507 0 0 -0.0162744000554085 34.1507987976074
506 0 0 -0.0162662994116545 34.0508995056152
505 0 0 -0.0162582006305456 33.9509010314941
504 0 0 -0.0162499994039536 33.8508987426758
503 0 0 -0.0162416994571686 33.7509994506836
502 0 0 -0.0162335000932217 33.6510009765625
501 0 0 -0.0162252001464367 33.5509986877441
500 32 24 -0.0162167996168137 33.451099395752
499 0 0 -0.0162083990871906 33.3511009216309
498 0 0 -0.0162000004202127 33.2510986328125
497 0 0 -0.0161915998905897 33.1511993408203
496 0 0 -0.0161831006407738 33.0512008666992
495 0 0 -0.0161745995283127 32.9511985778809
494 0 0 -0.0161661002784967 32.8512992858887
493 0 0 -0.0161575004458427 32.7513008117676
492 0 0 -0.0161489006131887 32.6512985229492
491 0 0 -0.0161402001976967 32.551399230957
490 0 0 -0.0161314997822046 32.4514007568359
489 0 0 -0.0161227993667126 32.3513984680176
488 0 0 -0.0161140002310276 32.2514991760254
487 0 0 -0.0161051992326975 32.1515007019043
486 0 0 -0.0160964000970125 32.0514984130859
485 0 0 -0.0160875003784895 31.9515991210938
484 0 0 -0.0160786006599665 31.8516006469727
483 0 0 -0.0160696003586054 31.7516002655029
482 0 0 -0.0160606000572443 31.6516990661621
481 0 0 -0.0160515997558832 31.551700592041
480 0 0 -0.0160425007343292 31.4517993927002
479 0 0 -0.0160333998501301 31.3518009185791
478 0 0 -0.016024200245738 31.2518005371094
477 0 0 -0.016015000641346 31.1518993377686
476 0 0 -0.0160057004541159 31.0519008636475
475 0 0 -0.0159965008497238 30.9519004821777
474 0 0 -0.0159871000796556 30.8519992828369
473 0 0 -0.0159777998924255 30.7520008087158
472 0 0 -0.0159683991223574 30.652099609375
471 0 0 -0.0159588996320963 30.5520992279053
470 0 0 -0.0159494001418352 30.4521007537842
469 0 0 -0.0159399006515741 30.3521995544434
468 0 0 -0.015930300578475 30.2521991729736
467 0 0 -0.0159207005053759 30.1522006988525
466 0 0 -0.0159109998494387 30.0522994995117
465 0 0 -0.0159012991935015 29.952299118042
464 0 0 -0.0158914998173714 29.8523998260498
463 0 0 -0.0158817004412413 29.7523994445801
462 0 0 -0.0158718004822731 29.6523990631104
461 0 0 -0.0158619005233049 29.5524997711182
460 0 0 -0.0158520005643368 29.4524993896484
459 0 0 -0.0158420000225306 29.3526000976563
458 0 0 -0.0158319994807243 29.2525997161865
457 0 0 -0.0158219002187252 29.1527004241943
456 0 0 -0.015811700373888 29.0527000427246
455 0 0 -0.0158015005290508 28.9526996612549
454 0 0 -0.0157913006842136 28.8528003692627
453 0 0 -0.0157810002565384 28.752799987793
452 0 0 -0.0157706998288631 28.6529006958008
451 0 0 -0.015760300680995 28.5529003143311
450 31 24 -0.0157498996704817 28.4528999328613
449 0 0 -0.0157393999397755 28.3530006408691
448 0 0 -0.0157287996262312 28.2530002593994
447 0 0 -0.015718299895525 28.1530990600586
446 0 0 -0.0157076008617878 28.0531005859375
445 0 0 -0.0156968999654055 27.9531993865967
444 0 0 -0.0156861990690231 27.8532009124756
443 0 0 -0.0156753994524479 27.7532997131348
442 0 0 -0.0156644992530346 27.653299331665
441 0 0 -0.0156536009162664 27.5533008575439
440 0 0 -0.0156426001340151 27.4533996582031
439 0 0 -0.0156315993517637 27.3533992767334
438 0 0 -0.0156204998493195 27.2534999847412
437 0 0 -0.0156094003468752 27.1534996032715
436 0 0 -0.0155982002615929 27.0536003112793
435 0 0 -0.0155870001763105 26.9535999298096
434 0 0 -0.0155757004395127 26.8537006378174
433 0 0 -0.0155643001198769 26.7537002563477
432 0 0 -0.015552899800241 26.6537990570068
431 0 0 -0.0155413998290896 26.5538005828857
430 0 0 -0.0155298002064228 26.4538993835449
429 0 0 -0.0155181996524334 26.3539009094238
428 0 0 -0.0155066000297666 26.253999710083
427 0 0 -0.0154948001727462 26.1539993286133
426 0 0 -0.0154830999672413 26.0541000366211
425 0 0 -0.0154712004587054 25.9540996551514
424 0 0 -0.015459300018847 25.8542003631592
423 0 0 -0.0154472999274731 25.7541999816895
422 0 0 -0.0154352998360991 25.6543006896973
421 0 0 -0.0154232000932097 25.5543003082275
420 0 0 -0.0154109997674823 25.4543991088867
419 0 0 -0.0153986997902393 25.3544006347656
418 0 0 -0.0153863998129964 25.2544994354248
417 0 0 -0.015374000184238 25.1544990539551
416 0 0 -0.015361599624157 25.0545997619629
415 0 0 -0.015349100343883 24.9545993804932
414 0 0 -0.0153364995494485 24.854700088501
413 0 0 -0.015323800034821 24.7546997070313
412 0 0 -0.015311099588871 24.6548004150391
411 0 0 -0.0152983004227281 24.5548000335693
410 0 0 -0.0152853997424245 24.4549007415771
409 0 0 -0.0152724999934435 24.3549003601074
408 0 0 -0.0152594996616244 24.2549991607666
407 0 0 -0.0152463996782899 24.1550998687744
406 0 0 -0.0152332000434399 24.0550994873047
405 0 0 -0.0152200004085898 23.9552001953125
404 0 0 -0.0152067001909018 23.8551998138428
403 0 0 -0.0151933003216982 23.7553005218506
402 0 0 -0.0151797998696566 23.6553001403809
401 0 0 -0.0151661997660995 23.5554008483887
400 30 24 -0.0151525996625423 23.4554996490479
399 0 0 -0.0151388999074697 23.3554992675781
398 0 0 -0.0151250995695591 23.2555999755859
397 0 0 -0.015111199580133 23.1555995941162
396 0 0 -0.0150971999391913 23.055700302124
395 0 0 -0.0150832002982497 22.9557991027832
394 0 0 -0.01506910007447 22.8558006286621
393 0 0 -0.0150547996163368 22.7558994293213
392 0 0 -0.0150405000895262 22.6558990478516
391 0 0 -0.0150260999798775 22.5559997558594
390 0 0 -0.0150116998702288 22.4561004638672
389 0 0 -0.0149971004575491 22.3561000823975
388 0 0 -0.0149824004620314 22.2562007904053
387 0 0 -0.0149676995351911 22.1562995910645
386 0 0 -0.0149528002366424 22.0562992095947
385 0 0 -0.0149379000067711 21.9563999176025
384 0 0 -0.0149229001253843 21.8565006256104
383 0 0 -0.014907700009644 21.7565002441406
382 0 0 -0.0148924998939037 21.6566009521484
381 0 0 -0.0148772001266479 21.5566997528076
380 0 0 -0.0148617001250386 21.4566993713379
379 0 0 -0.0148462001234293 21.3568000793457
378 0 0 -0.0148305995389819 21.2569007873535
377 0 0 -0.0148149002343416 21.1569004058838
376 0 0 -0.0147989997640252 21.056999206543
375 0 0 -0.0147831002250314 20.9570999145508
374 0 0 -0.0147671001031995 20.8570995330811
373 0 0 -0.014750899747014 20.7572002410889
372 0 0 -0.0147347003221512 20.6573009490967
371 0 0 -0.0147182997316122 20.5573997497559
370 0 0 -0.0147018004208803 20.4573993682861
369 0 0 -0.0146853001788259 20.3575000762939
368 0 0 -0.0146685997024179 20.2576007843018
367 0 0 -0.0146516999229789 20.1576995849609
366 0 0 -0.0146348001435399 20.0576992034912
365 0 0 -0.0146177997812629 19.957799911499
364 0 0 -0.0146006001159549 19.8579006195068
363 0 0 -0.0145832998678088 19.757999420166
362 0 0 -0.0145658999681473 19.6580009460449
361 0 0 -0.0145484004169703 19.5580997467041
360 0 0 -0.0145306997001171 19.4582004547119
359 0 0 -0.0145129999145865 19.3582992553711
358 0 0 -0.0144950998947024 19.2583999633789
357 0 0 -0.0144769996404648 19.1583995819092
356 0 0 -0.0144589003175497 19.058500289917
355 0 0 -0.0144405998289585 18.9585990905762
354 0 0 -0.0144221000373363 18.858699798584
353 0 0 -0.0144036002457142 18.7588005065918
352 0 0 -0.0143849002197385 18.658899307251
351 0 0 -0.0143659999594092 18.5589008331299
350 29 24 -0.0143470000475645 18.4589996337891
349 0 0 -0.0143278995528817 18.3591003417969
348 0 0 -0.014308599755168 18.2591991424561
347 0 0 -0.0142892003059387 18.1592998504639
346 0 0 -0.0142695996910334 18.0594005584717
345 0 0 -0.0142499003559351 17.9594993591309
344 0 0 -0.0142299998551607 17.8596000671387
343 0 0 -0.0142099997028708 17.7597007751465
342 0 0 -0.01418980024755 17.6597995758057
341 0 0 -0.0141695002093911 17.5599002838135
340 0 0 -0.0141489999368787 17.4599990844727
339 0 0 -0.0141283003613353 17.3600997924805
338 0 0 -0.0141075002029538 17.2600994110107
337 0 0 -0.0140864998102188 17.1602001190186
336 0 0 -0.0140653997659683 17.0603008270264
335 0 0 -0.0140439998358488 16.9603996276855
334 0 0 -0.0140225002542138 16.8605003356934
333 0 0 -0.0140008004382253 16.7605991363525
332 0 0 -0.0139789003878832 16.6608009338379
331 0 0 -0.013956899754703 16.5608997344971
330 0 0 -0.0139346998184919 16.4610004425049
329 0 0 -0.0139121999964118 16.3610992431641
328 0 0 -0.0138895995914936 16.2611999511719
327 0 0 -0.0138667998835444 16.1613006591797
326 0 0 -0.0138437999412417 16.0613994598389
325 0 0 -0.0138205997645855 15.9615001678467
324 0 0 -0.0137972002848983 15.8615999221802
323 0 0 -0.013773599639535 15.7616996765137
322 0 0 -0.0137497996911407 15.6618995666504
321 0 0 -0.0137258004397154 15.5620002746582
320 0 0 -0.0137015003710985 15.4621000289917
319 0 0 -0.0136770997196436 15.3621997833252
318 0 0 -0.0136524001136422 15.2622995376587
317 0 0 -0.0136275002732873 15.1624002456665
316 0 0 -0.0136022996157408 15.0626001358032
315 0 0 -0.0135770002380013 14.9626998901367
314 0 0 -0.0135514000430703 14.8627996444702
313 0 0 -0.0135255996137857 14.762900352478
312 0 0 -0.0134995002299547 14.6631002426147
311 0 0 -0.0134731000289321 14.5631999969482
310 0 0 -0.013446600176394 14.4632997512817
309 0 0 -0.0134196998551488 14.3634996414185
308 0 0 -0.0133926002308726 14.2636003494263
307 0 0 -0.0133653003722429 14.1637001037598
306 0 0 -0.0133376996964216 14.0638999938965
305 0 0 -0.0133098000660539 13.96399974823
304 0 0 -0.0132815996184945 13.8641996383667
303 0 0 -0.0132531002163887 13.7643003463745
302 0 0 -0.0132243996486068 13.6645002365112
301 0 0 -0.0131954001262784 13.5645999908447
300 28 24 -0.0131660001352429 13.4646997451782
299 0 0 -0.0131363999098539 13.3648996353149
298 0 0 -0.0131064997985959 13.2650995254517
297 0 0 -0.0130762001499534 13.1652002334595
296 0 0 -0.0130455996841192 13.0654001235962
295 0 0 -0.0130147002637386 12.9654998779297
294 0 0 -0.0129835000261664 12.8656997680664
293 0 0 -0.0129519002512097 12.7658004760742
292 0 0 -0.0129199996590614 12.6660003662109
291 0 0 -0.0128878001123667 12.5662002563477
290 0 0 -0.0128552000969648 12.4664001464844
289 0 0 -0.0128221996128559 12.3664999008179
288 0 0 -0.0127887995913625 12.2666997909546
287 0 0 -0.012755099684 12.1668996810913
286 0 0 -0.012721000239253 12.067099571228
285 0 0 -0.012686500325799 11.9672002792358
284 0 0 -0.0126515999436378 11.8674001693726
283 0 0 -0.0126163000240922 11.7676000595093
282 0 0 -0.0125805996358395 11.667799949646
281 0 0 -0.0125444000586867 11.5679998397827
280 0 0 -0.0125078000128269 11.4681997299194
279 0 0 -0.0124708004295826 11.3683996200562
278 0 0 -0.0124332997947931 11.2686004638672
277 0 0 -0.0123953996226192 11.1688003540039
276 0 0 -0.0123570002615452 11.0690002441406
275 0 0 -0.0123180998489261 10.9692001342773
274 0 0 -0.012278700247407 10.8695001602173
273 0 0 -0.0122387995943427 10.769700050354
272 0 0 -0.0121983997523785 10.6698999404907
271 0 0 -0.0121574997901917 10.5700998306274
270 0 0 -0.0121160000562668 10.4703998565674
269 0 0 -0.0120740002021194 10.3705997467041
268 0 0 -0.0120313996449113 10.2707996368408
267 0 0 -0.0119882002472878 10.1710996627808
266 0 0 -0.0119444997981191 10.0712995529175
265 0 0 -0.0119000999256968 9.97159004211426
264 0 0 -0.0118551999330521 9.87185001373291
263 0 0 -0.0118095995858312 9.77210998535156
262 0 0 -0.0117632998153567 9.6723804473877
261 0 0 -0.0117164002731442 9.57266044616699
260 0 0 -0.0116688003763556 9.47292995452881
259 0 0 -0.0116205001249909 9.37322044372559
258 0 0 -0.0115715004503727 9.27350997924805
257 0 0 -0.0115218004211783 9.17380046844482
256 0 0 -0.0114713003858924 9.07409954071045
255 0 0 -0.0114200003445148 8.97441005706787
254 0 0 -0.0113679999485612 8.87471961975098
253 0 0 -0.0113150998950005 8.77503967285156
252 0 0 -0.0112613998353481 8.67537021636963
251 0 0 -0.0112068001180887 8.57569980621338
250 27 24 -0.0111512998118997 8.47603988647461
249 0 0 -0.0110950004309416 8.37639045715332
248 0 0 -0.0110376998782158 8.27674007415771
247 0 0 -0.0109794000163674 8.17710971832275
246 0 0 -0.0109201995655894 8.07748031616211
245 0 0 -0.0108599001541734 7.97785997390747
244 0 0 -0.0107985995709896 7.87825012207031
243 0 0 -0.0107362000271678 7.77864980697632
242 0 0 -0.0106726000085473 7.6790599822998
241 0 0 -0.0106079997494817 7.57947015762329
240 0 0 -0.0105421002954245 7.47989988327026
239 0 0 -0.010475100018084 7.38034009933472
238 0 0 -0.010406699962914 7.28078985214233
237 0 0 -0.0103371003642678 7.18125009536743
236 0 0 -0.0102661000564694 7.08172988891602
235 0 0 -0.0101936999708414 6.98221015930176
234 0 0 -0.0101199001073837 6.88270998001099
233 0 0 -0.0100547997280955 6.79665994644165
232 0 0 -0.00998861994594336 6.71060991287231
231 0 0 -0.0099212396889925 6.62457990646362
230 0 0 -0.00985263008624315 6.53855991363525
229 0 0 -0.0097827697172761 6.45254993438721
228 0 0 -0.00971159990876913 6.36654996871948
227 0 0 -0.00963910017162561 6.2805700302124
226 0 0 -0.0095652099698782 6.19460010528564
225 0 0 -0.00948989018797874 6.10864019393921
224 0 0 -0.00941308960318565 6.02269983291626
223 0 0 -0.00933475978672504 5.93676996231079
222 0 0 -0.00925485044717789 5.85086011886597
221 0 0 -0.00917331036180258 5.76495981216431
220 0 0 -0.00909006968140602 5.67909002304077
219 0 0 -0.00900507997721434 5.5932297706604
218 0 0 -0.00891826022416353 5.50739002227783
217 0 0 -0.00882956013083458 5.42156982421875
216 0 0 -0.00873889960348606 5.33577013015747
215 0 0 -0.00864620041102171 5.24998998641968
214 0 0 -0.00858324021100998 5.19282007217407
213 0 0 -0.0085193095728755 5.13566017150879
212 0 0 -0.00845438987016678 5.07849979400635
211 0 0 -0.0083884596824646 5.02135992050171
210 0 0 -0.00832149013876915 4.96424007415771
209 0 0 -0.00825344957411289 4.90712022781372
208 0 0 -0.00818429980427027 4.85001993179321
207 0 0 -0.00811402965337038 4.79293012619019
206 0 0 -0.00804258976131678 4.73584985733032
205 0 0 -0.00796995963901281 4.67878007888794
204 0 0 -0.00789610017091036 4.62172985076904
203 0 0 -0.00782097969204187 4.56470012664795
202 0 0 -0.00774454977363348 4.50767993927002
201 0 0 -0.00766678992658854 4.45067977905273
200 26 24 -0.00758764008060098 4.39369010925293
199 0 0 -0.00750706996768713 4.33671998977661
198 0 0 -0.00742503022775054 4.27976989746094
197 0 0 -0.00734147988259792 4.22283983230591
196 0 0 -0.00725637003779411 4.16592979431152
195 0 0 -0.00716964993625879 4.10902976989746
194 0 0 -0.00711091002449393 4.07111978530884
193 0 0 -0.00705143017694354 4.03320980072021
192 0 0 -0.00699116988107562 3.99531006813049
191 0 0 -0.00693011982366443 3.95742988586426
190 0 0 -0.00686827022582293 3.9195499420166
189 0 0 -0.00680558988824487 3.88169002532959
188 0 0 -0.00674206996336579 3.84383010864258
187 0 0 -0.00667770020663738 3.80598998069763
186 0 0 -0.00661244010552764 3.76816010475159
185 0 0 -0.0065462701022625 3.73034000396729
184 0 0 -0.00647919019684196 3.69252991676331
183 0 0 -0.00641115987673402 3.65474009513855
182 0 0 -0.00634216982871294 3.61696004867554
181 0 0 -0.00627218978479505 3.57920002937317
180 0 0 -0.00620118994265795 3.5414400100708
179 0 0 -0.006129149813205 3.5037100315094
178 0 0 -0.00605604983866215 3.46599006652832
177 0 0 -0.00598186021670699 3.42828011512756
176 0 0 -0.00590655999258161 3.39058995246887
175 0 0 -0.00583011005073786 3.3529200553894
174 0 0 -0.00575248012319207 3.31525993347168
173 0 0 -0.00567363994196057 3.27762007713318
172 0 0 -0.00559356994926929 3.24000000953674
171 0 0 -0.00551223987713456 3.20239996910095
170 0 0 -0.0054295901209116 3.16481995582581
169 0 0 -0.00537376012653112 3.13978004455566
168 0 0 -0.00531732011586428 3.11474990844727
167 0 0 -0.00526025984436274 3.08973002433777
166 0 0 -0.00520257977768779 3.06470990180969
165 0 0 -0.00514425989240408 3.03971004486084
164 0 0 -0.00508528994396329 3.01471996307373
163 0 0 -0.00502564990893006 2.98972988128662
162 0 0 -0.00496535003185272 2.96476006507874
161 0 0 -0.00490434980019927 2.93980002403259
160 0 0 -0.00484265992417932 2.91484999656677
159 0 0 -0.00478025013580918 2.8899199962616
158 0 0 -0.00471711996942759 2.86498999595642
157 0 0 -0.00465324008837342 2.84008002281189
156 0 0 -0.00458861002698541 2.81518006324768
155 0 0 -0.00452321022748947 2.79029011726379
154 0 0 -0.00445702997967601 2.76541996002197
153 0 0 -0.00439005019143224 2.74056005477905
152 0 0 -0.00432224990800023 2.71570992469788
151 0 0 -0.00425361981615424 2.69088006019592
150 25 24 -0.00418413989245892 2.66605997085571
149 0 0 -0.00411379989236593 2.64125990867615
148 0 0 -0.0040425700135529 2.61648011207581
147 0 0 -0.00397044979035854 2.59171009063721
146 0 0 -0.00389740010723472 2.56696009635925
145 0 0 -0.00382342003285885 2.54222011566162
144 0 0 -0.0037484799977392 2.51749992370605
143 0 0 -0.0036725599784404 2.49279999732971
142 0 0 -0.00359563995152712 2.46812009811401
141 0 0 -0.00351770990528166 2.44345998764038
140 0 0 -0.00343874003738165 2.41881990432739
139 0 0 -0.0033587000798434 2.39420008659363
138 0 0 -0.00327758002094924 2.36960005760193
137 0 0 -0.00322287995368242 2.35320997238159
136 0 0 -0.00316769001074135 2.33682990074158
135 0 0 -0.00311198993586004 2.32046008110046
134 0 0 -0.00305576995015144 2.30410003662109
133 0 0 -0.00299904006533325 2.28776001930237
132 0 0 -0.00294177001342177 2.27142000198364
131 0 0 -0.00288397003896534 2.25508999824524
130 0 0 -0.00282561988569796 2.23878002166748
129 0 0 -0.00276672001928091 2.22248005867004
128 0 0 -0.00270725996233523 2.20619010925293
127 0 0 -0.00264722993597388 2.18990993499756
126 0 0 -0.00258661992847919 2.17364001274109
125 0 0 -0.00252541992813349 2.15738010406494
124 0 0 -0.00246363994665444 2.14113998413086
123 0 0 -0.00240123993717134 2.12491011619568
122 0 0 -0.00233823992311954 2.10870003700256
121 0 0 -0.00227461010217667 2.09249997138977
120 0 0 -0.00221035000868142 2.0763099193573
119 0 0 -0.00214545009657741 2.06012988090515
118 0 0 -0.00207989988848567 2.04397988319397
117 0 0 -0.00201369007118046 2.02782988548279
116 0 0 -0.0019468100508675 2.01169991493225
115 0 0 -0.00187925004865974 1.99558997154236
114 0 0 -0.00181100005283952 1.97949004173279
113 0 0 -0.00174205005168915 1.96341001987457
112 0 0 -0.00167239003349096 1.947350025177
111 0 0 -0.00160199997480959 1.93130004405975
110 0 0 -0.00153087999206036 1.91526997089386
109 0 0 -0.00145900994539261 1.8992600440979
108 0 0 -0.00138638995122164 1.8832700252533
107 0 0 -0.00131299998611212 1.86730003356934
106 0 0 -0.00123883003834635 1.8513400554657
105 0 0 -0.00116386997979134 1.83540999889374
104 0 0 -0.00111345003824681 1.82480001449585
103 0 0 -0.00106268003582954 1.81420004367828
102 0 0 -0.00101153005380183 1.80359995365143
101 0 0 -0.000960019009653479 1.79302000999451
100 24 24 -0.000908136018551886 1.78244996070862
99 0 0 -0.000855877005960792 1.77188003063202
98 0 0 -0.000803239003289491 1.76133000850677
97 0 0 -0.000750217994209379 1.75078999996185
96 0 0 -0.000696810020599514 1.74026000499725
95 0 0 -0.000643011997453868 1.72973001003265
94 0 0 -0.000588818977121264 1.7192200422287
93 0 0 -0.000534227991010994 1.70871996879578
92 0 0 -0.000479234004160389 1.69823002815247
91 0 0 -0.000423833989771083 1.68775999546051
90 0 0 -0.000368023000191897 1.67728996276855
89 0 0 -0.000311798008624464 1.66683995723724
88 0 0 -0.000255154998740181 1.65639996528625
87 0 0 -0.00019808899378404 1.64596998691559
86 0 0 -0.000140596996061504 1.63555002212524
85 0 0 -8.26734976726584E-05 1.62513995170593
84 0 0 -2.43156991928117E-05 1.61475002765656
83 0 0 3.44811014656443E-05 1.60438001155853
82 0 0 9.37208023970015E-05 1.59400999546051
81 0 0 0.000153407992911525 1.58366000652313
80 0 0 0.000213545994483866 1.57332003116608
79 0 0 0.000274140009423718 1.56299996376038
78 0 0 0.000335193995852023 1.55269002914429
77 0 0 0.000396710995119065 1.54240000247955
76 0 0 0.000458697002613917 1.53211998939514
75 0 0 0.000521155016031116 1.52184998989105
74 0 0 0.000584089022595435 1.51161003112793
73 0 0 0.000647503999061882 1.50136995315552
72 0 0 0.000711404019966722 1.49116003513336
71 0 0 0.000775792985223234 1.48096001148224
70 0 0 0.000840673979837447 1.47078001499176
69 0 0 0.000906052009668201 1.4606100320816
68 0 0 0.000971932022366673 1.4504599571228
67 0 0 0.00103832001332194 1.44034004211426
66 0 0 0.00110521004535258 1.43022000789642
65 0 0 0.0011726199882105 1.42013001441956
64 0 0 0.00124053994659334 1.41006004810333
63 0 0 0.00130898004863411 1.39999997615814
62 0 0 0.00137794995680451 1.38996994495392
61 0 0 0.00144745002035052 1.37995004653931
60 0 0 0.0015174699947238 1.36995995044708
59 0 0 0.00158804003149271 1.35999000072479
58 0 0 0.00165913999080658 1.35002994537354
57 0 0 0.0017307800007984 1.34010994434357
56 0 0 0.00180296995677054 1.33019995689392
55 0 0 0.00187569996342063 1.32030999660492
54 0 0 0.00194899004418403 1.3104499578476
53 0 0 0.00199815002270043 1.30388998985291
52 0 0 0.00204755994491279 1.29734003543854
51 0 0 0.00209721992723644 1.2907999753952
50 23 24 0.00214712996967137 1.28427004814148
49 0 0 0.00219728006049991 1.27776002883911
48 0 0 0.00224768999032676 1.27125000953674
47 0 0 0.00229833996854722 1.26476001739502
46 0 0 0.00234925001859665 1.2582700252533
45 0 0 0.00240040989592671 1.25179994106293
44 0 0 0.00245181005448103 1.24533998966217
43 0 0 0.00250347005203366 1.23889994621277
42 0 0 0.00255538988858461 1.23246002197266
41 0 0 0.00260755000635982 1.2260400056839
40 0 0 0.00265996996313334 1.21963000297546
39 0 0 0.00271263998001814 1.21324002742767
38 0 0 0.00276556005701423 1.20685005187988
37 0 0 0.00281873997300863 1.20047998428345
36 0 0 0.00287216994911432 1.19412994384766
35 0 0 0.0029258499853313 1.18778002262115
34 0 0 0.00297978008165956 1.18145000934601
33 0 0 0.00303397001698613 1.17514002323151
32 0 0 0.00308841001242399 1.16884005069733
31 0 0 0.00314310006797314 1.16254997253418
30 0 0 0.0031980499625206 1.15628004074097
29 0 0 0.00325323990546167 1.15003001689911
28 0 0 0.0033086899202317 1.14379000663757
27 0 0 0.00336437998339534 1.13756000995636
26 0 0 0.00342032010667026 1.13135004043579
25 0 0 0.00347651005722582 1.12515997886658
24 0 0 0.00353295006789267 1.11898005008698
23 0 0 0.00358962989412248 1.11282002925873
22 0 0 0.00364655000157654 1.1066700220108
21 0 0 0.00370371993631124 1.10055005550385
20 0 0 0.00376111990772188 1.0944299697876
19 0 0 0.00381876993924379 1.08834004402161
18 0 0 0.00387665000744164 1.08227002620697
17 0 0 0.00393476989120245 1.07621002197266
16 0 0 0.00399312004446983 1.07017004489899
15 0 0 0.00405169976875186 1.06414997577667
14 0 0 0.0041105099953711 1.05815005302429
13 0 0 0.00416954001411796 1.05216002464294
12 0 0 0.00422880006954074 1.04620003700256
11 0 0 0.0042882701382041 1.04025995731354
10 0 0 0.00434795999899507 1.03433001041412
9 0 0 0.00440787011757493 1.02842998504639
8 0 0 0.00446798000484705 1.02254998683929
7 0 0 0.00452829990535975 1.01669001579285
6 0 0 0.00458882004022598 1.01084995269775
5 0 0 0.00462927017360926 1.00697004795074
4 0 0 0.00465629016980529 1.004390001297
3 0 0 0.00467432010918856 1.00267004966736
2 0 0 0.00468635000288486 1.00152003765106
1 0 0 0.0047023999504745 1
1 0 0 0.0047023999504745 1
2 0 0 0.00471846992149949 0.998476982116699
3 0 0 0.00473053008317947 0.997335016727448
4 0 0 0.00474862987175584 0.995625019073486
5 0 0 0.0047758100554347 0.993062973022461
6 0 0 0.00481664994731545 0.989228010177612
7 0 0 0.0048780501820147 0.983496010303497
8 0 0 0.00493963016197085 0.977787971496582
9 0 0 0.00500136986374855 0.972102999687195
10 0 0 0.00506327021867037 0.966443002223969
11 0 0 0.00512532982975245 0.960807979106903
12 0 0 0.00518753007054329 0.955199003219604
13 0 0 0.00524987000972033 0.949615001678467
14 0 0 0.00531235011294484 0.944058001041412
15 0 0 0.00537494011223316 0.938528001308441
16 0 0 0.00543764978647232 0.933025002479553
17 0 0 0.00550046982243657 0.92755001783371
18 0 0 0.00556338019669056 0.922102987766266
19 0 0 0.00562637997791171 0.916684985160828
20 0 0 0.00568945985287428 0.911297023296356
21 0 0 0.00575259979814291 0.905938029289246
22 0 0 0.0058157998137176 0.900610029697418
23 0 0 0.00587903987616301 0.89531397819519
24 0 0 0.00594231020659208 0.890048980712891
25 0 0 0.00600560009479523 0.884817004203796
26 0 0 0.00606888998299837 0.879617989063263
27 0 0 0.00613217987120152 0.874453008174896
28 0 0 0.00619543995708227 0.869322001934052
29 0 0 0.00625865999609232 0.864226996898651
30 0 0 0.0063218199647963 0.859167993068695
31 0 0 0.00638491008430719 0.854146003723145
32 0 0 0.00644790986552835 0.849161028862
33 0 0 0.00651080021634698 0.844214975833893
34 0 0 0.0065735699608922 0.839308023452759
35 0 0 0.00663617998361588 0.834442019462585
36 0 0 0.00669862981885672 0.829617023468018
37 0 0 0.0067608798854053 0.824833989143372
38 0 0 0.00682291993871331 0.820095002651215
39 0 0 0.00688472995534539 0.815400004386902
40 0 0 0.0069462601095438 0.810751020908356
41 0 0 0.00700750993564725 0.806147992610931
42 0 0 0.00706843985244632 0.801593005657196
43 0 0 0.00712902005761862 0.797088027000427
44 0 0 0.00718923006206751 0.792631983757019
45 0 0 0.00724902981892228 0.788228988647461
46 0 0 0.0073083802126348 0.783879995346069
47 0 0 0.00736727006733418 0.779585003852844
48 0 0 0.00742563977837563 0.775346994400024
49 0 0 0.00748346000909805 0.771166026592255
50 2 24 0.00754068978130817 0.767045974731445
51 0 0 0.00759730022400618 0.762987971305847
52 0 0 0.00765324011445045 0.758993983268738
53 0 0 0.00770846009254456 0.755065977573395
54 0 0 0.00776290986686945 0.751205027103424
55 0 0 0.00781655963510275 0.747415006160736
56 0 0 0.00786934979259968 0.743698000907898
57 0 0 0.00792121980339289 0.740055024623871
58 0 0 0.00797212962061167 0.736491024494171
59 0 0 0.00802200008183718 0.733008027076721
60 0 0 0.00807080045342445 0.729607999324799
61 0 0 0.00811844971030951 0.726294994354248
62 0 0 0.00816487986594439 0.723071992397308
63 0 0 0.00821003969758749 0.719941973686218
64 0 0 0.0082538602873683 0.716910004615784
65 0 0 0.00829625967890024 0.713977992534637
66 0 0 0.00833715964108706 0.711151003837585
67 0 0 0.00837649963796139 0.708433985710144
68 0 0 0.00841419957578182 0.705829977989197
69 0 0 0.00845018029212952 0.703345000743866
70 0 0 0.00848434958606958 0.700981974601746
71 0 0 0.00851663015782833 0.698747992515564
72 0 0 0.00854695029556751 0.696646988391876
73 0 0 0.00857520010322332 0.694684028625488
74 0 0 0.00860131997615099 0.69286698102951
75 0 0 0.00862521957606077 0.691200017929077
76 0 0 0.00864680018275976 0.689688980579376
77 0 0 0.00866600032895803 0.68834000825882
78 0 0 0.00868272036314011 0.687160015106201
79 0 0 0.00869690999388695 0.686155021190643
80 0 0 0.00870846956968307 0.685330986976624
81 0 0 0.00871735997498035 0.68469500541687
82 0 0 0.00872351042926311 0.684252023696899
83 0 0 0.00872687995433807 0.684008002281189
84 3 22 0.00872754957526922 0.683959007263184
85 0 0 0.00872618984431028 0.684059023857117
86 0 0 0.00872195046395063 0.684373021125793
87 0 0 0.00871485006064177 0.684903979301453
88 0 0 0.00870487000793219 0.685656011104584
89 0 0 0.00869204010814428 0.686631977558136
90 0 0 0.00867640040814877 0.687834024429321
91 0 0 0.00865800026804209 0.689263999462128
92 0 0 0.00863690953701735 0.690921008586884
93 0 0 0.00861321017146111 0.692806005477905
94 0 0 0.00858698971569538 0.694917023181915
95 0 0 0.00855837017297745 0.697250008583069
96 0 0 0.00852746982127428 0.699801981449127
97 0 0 0.00849440973252058 0.702570021152496
98 0 0 0.00845933984965086 0.705546975135803
99 0 0 0.00842239987105131 0.708728015422821
100 4 24 0.00838373973965645 0.712105989456177
101 0 0 0.00834350008517504 0.715673983097076
102 0 0 0.00830185040831566 0.71942400932312
103 0 0 0.00825890991836786 0.72334897518158
104 0 0 0.00821484997868538 0.727441012859344
105 0 0 0.00816978979855776 0.731691002845764
106 0 0 0.00812387000769377 0.736091017723083
107 0 0 0.00807720981538296 0.740634024143219
108 0 0 0.00802993960678577 0.74531102180481
109 0 0 0.0079821702092886 0.750115990638733
110 0 0 0.00793399009853601 0.755039989948273
111 0 0 0.00788551010191441 0.760075986385345
112 0 0 0.00783681031316519 0.765218019485474
113 0 0 0.0077879698947072 0.77046000957489
114 0 0 0.00773906009271741 0.77579402923584
115 0 0 0.00769016006961465 0.781215012073517
116 0 0 0.00764132011681795 0.786719024181366
117 0 0 0.00759259006008506 0.792298972606659
118 0 0 0.007544020190835 0.797950983047485
119 0 0 0.00749565009027719 0.803669989109039
120 0 0 0.00744753004983068 0.809451997280121
121 0 0 0.00739968009293079 0.81529301404953
122 0 0 0.00735213980078697 0.821189999580383
123 0 0 0.00730493012815714 0.827138006687164
124 0 0 0.00725805992260575 0.833135008811951
125 0 0 0.0072115701623261 0.839178025722504
126 0 0 0.00716547016054392 0.84526401758194
127 0 0 0.00711975991725922 0.85139000415802
128 0 0 0.00707447016611695 0.857554972171783
129 0 0 0.00702959997579455 0.863754987716675
130 0 0 0.00698516005650163 0.869988024234772
131 0 0 0.00694114994257689 0.876253008842468
132 0 0 0.00689759012311697 0.882547974586487
133 0 0 0.00685446010902524 0.888871014118195
134 0 0 0.00681179016828537 0.895220994949341
135 0 0 0.00676955981180072 0.901596009731293
136 0 0 0.00672776997089386 0.907994985580444
137 0 0 0.00668644020333886 0.914416015148163
138 0 0 0.00664555002003908 0.920858025550842
139 0 0 0.00660509988665581 0.927321016788483
140 0 0 0.00656508980318904 0.933802008628845
141 0 0 0.0065255300141871 0.940302014350891
142 0 0 0.00648640003055334 0.946819007396698
143 0 0 0.00644769985228777 0.953352987766266
144 0 0 0.00640942994505167 0.959901988506317
145 0 0 0.00637158006429672 0.966466009616852
146 0 0 0.00633415021002293 0.973043978214264
147 0 0 0.00629713991656899 0.979636013507843
148 0 0 0.00626053009182215 0.986240983009338
149 0 0 0.00622433982789516 0.992857992649078
150 5 24 0.00618853978812695 0.999486982822418
151 0 0 0.00615312997251749 1.00612998008728
152 0 0 0.00611812015995383 1.01277995109558
153 0 0 0.00608348986133933 1.01944005489349
154 0 0 0.00604924000799656 1.02611005306244
155 0 0 0.00601537013426423 1.03278994560242
156 0 0 0.00598186021670699 1.03947997093201
157 0 0 0.00594872003421187 1.04618000984192
158 0 0 0.00591593980789185 1.05288994312286
159 0 0 0.00588351022452116 1.05961000919342
160 0 0 0.00585142988711596 1.06632995605469
161 0 0 0.00581968994811177 1.07306003570557
162 0 0 0.00578828994184732 1.07980000972748
163 0 0 0.00575722008943558 1.08654999732971
164 0 0 0.00572647992521524 1.09330999851227
165 0 0 0.00569606013596058 1.10006999969482
166 0 0 0.00566597003489733 1.1068400144577
167 0 0 0.0056361798197031 1.11361002922058
168 0 0 0.00560670020058751 1.12039005756378
169 0 0 0.00557752978056669 1.12717998027802
170 0 0 0.00554864993318915 1.13397002220154
171 0 0 0.00552008021622896 1.14076995849609
172 0 0 0.00549178989604115 1.14757001399994
173 0 0 0.00546377990394831 1.15437996387482
174 0 0 0.00543606001883745 1.16120004653931
175 0 0 0.00540861021727324 1.16802000999451
176 0 0 0.0053814398124814 1.17483997344971
177 0 0 0.0053545399568975 1.18166995048523
178 0 0 0.00532789994031191 1.18850994110107
179 0 0 0.00530152022838593 1.19535005092621
180 0 0 0.00527539988979697 1.20220005512238
181 0 0 0.00524953007698059 1.20905005931854
182 0 0 0.00521118985489011 1.21932995319366
183 0 0 0.00517340004444122 1.22962999343872
184 0 0 0.00513614015653729 1.23993003368378
185 0 0 0.00509941019117832 1.25024998188019
186 0 0 0.00506319990381598 1.26057004928589
187 0 0 0.00502747995778918 1.27091002464294
188 0 0 0.00499224988743663 1.28125
189 0 0 0.00495751015841961 1.29159998893738
190 0 0 0.00492323003709316 1.30195999145508
191 0 0 0.00488940998911858 1.3123300075531
192 0 0 0.00485603976994753 1.32271003723145
193 0 0 0.00482311006635427 1.33309996128082
194 0 0 0.00479061016812921 1.34350001811981
195 0 0 0.00475854007527232 1.35390996932983
196 0 0 0.00472688023000956 1.36432003974915
197 0 0 0.0046956199221313 1.37474000453949
198 0 0 0.00466476008296013 1.38516998291016
199 0 0 0.00463429000228643 1.39560997486115
200 6 24 0.00460419012233615 1.40605998039246
201 0 0 0.00457448000088334 1.41651999950409
202 0 0 0.00454512005671859 1.42698001861572
203 0 0 0.00451612984761596 1.43745005130768
204 0 0 0.00448748981580138 1.44792997837067
205 0 0 0.00445919018238783 1.45842003822327
206 0 0 0.00443123001605272 1.4689199924469
207 0 0 0.00440360000357032 1.47941994667053
208 0 0 0.00437630014494061 1.48993003368378
209 0 0 0.00434932019561529 1.50045001506805
210 0 0 0.00432264991104603 1.51098001003265
211 0 0 0.0042962902225554 1.52151000499725
212 0 0 0.00427022995427251 1.5320600271225
213 0 0 0.00424447003751993 1.54261004924774
214 0 0 0.00421898998320103 1.55316996574402
215 0 0 0.00419380981475115 1.56373000144958
216 0 0 0.0041689001955092 1.57430994510651
217 0 0 0.00414426997303963 1.58489000797272
218 0 0 0.00411992007866502 1.59546995162964
219 0 0 0.00409583002328873 1.60607004165649
220 0 0 0.00407199980691075 1.61667001247406
221 0 0 0.00404842011630535 1.62727999687195
222 0 0 0.00402509979903698 1.63789999485016
223 0 0 0.00400203000754118 1.64853000640869
224 0 0 0.00397920981049538 1.65916001796722
225 0 0 0.00395662011578679 1.66980004310608
226 0 0 0.00393426977097988 1.68044996261597
227 0 0 0.00391216017305851 1.69110000133514
228 0 0 0.00389026990160346 1.70176994800568
229 0 0 0.00386859988793731 1.71243000030518
230 0 0 0.00384715991094708 1.72310996055603
231 0 0 0.00382593995891511 1.73379004001617
232 0 0 0.00380493002012372 1.74448001384735
233 0 0 0.00377381010912359 1.7605299949646
234 0 0 0.00374316005036235 1.77660000324249
235 0 0 0.00371295004151762 1.79268002510071
236 0 0 0.00368319009430707 1.80876994132996
237 0 0 0.00365386996418238 1.82488000392914
238 0 0 0.00362497009336948 1.84100997447968
239 0 0 0.00359648000448942 1.85714995861053
240 0 0 0.00356838991865516 1.87329995632172
241 0 0 0.00354070006869733 1.88946998119354
242 0 0 0.00351339997723699 1.90565001964569
243 0 0 0.00348648009821773 1.92184996604919
244 0 0 0.00345992995426059 1.93807005882263
245 0 0 0.00343373999930918 1.95429003238678
246 0 0 0.00340791000053287 1.97053003311157
247 0 0 0.00338242994621396 1.98678994178772
248 0 0 0.00335729005746543 2.00306010246277
249 0 0 0.00333248008973897 2.01934003829956
250 7 24 0.00330800004303455 2.03562998771667
251 0 0 0.0032838499173522 2.05193996429443
252 0 0 0.00325999991036952 2.06825995445251
253 0 0 0.00323647004552186 2.08458995819092
254 0 0 0.00321324006654322 2.10093998908997
255 0 0 0.00319030997343361 2.11730003356934
256 0 0 0.003167669987306 2.13367009162903
257 0 0 0.0031453100964427 2.15004992485046
258 0 0 0.00312323006801307 2.1664400100708
259 0 0 0.00310142990201712 2.1828498840332
260 0 0 0.00307990005239844 2.19927000999451
261 0 0 0.00305864005349576 2.21569991111755
262 0 0 0.0030376398935914 2.2321400642395
263 0 0 0.00301689002662897 2.24858999252319
264 0 0 0.00299638998694718 2.26504993438721
265 0 0 0.00297614000737667 2.28151988983154
266 0 0 0.00295613007619977 2.2980101108551
267 0 0 0.00293635996058583 2.31450009346008
268 0 0 0.0029168298933655 2.33100008964539
269 0 0 0.00289752008393407 2.34752011299133
270 0 0 0.00287844007834792 2.3640398979187
271 0 0 0.00285958009772003 2.38057994842529
272 0 0 0.00284093990921974 2.39711999893188
273 0 0 0.00282251997850835 2.4136700630188
274 0 0 0.00280431006103754 2.43022990226746
275 0 0 0.00278629991225898 2.44679999351501
276 0 0 0.00276850000955164 2.4633800983429
277 0 0 0.00275089009664953 2.47996997833252
278 0 0 0.00273348996415734 2.49657011032104
279 0 0 0.00271628005430102 2.51318001747131
280 0 0 0.00269925990141928 2.52978992462158
281 0 0 0.00268242997117341 2.54641008377075
282 0 0 0.00266578001901507 2.56304001808167
283 0 0 0.00264932005666196 2.5796799659729
284 0 0 0.00263303006067872 2.59631991386414
285 0 0 0.0026169300545007 2.61297988891602
286 0 0 0.00260099000297487 2.62964010238647
287 0 0 0.00258522992953658 2.64631009101868
288 0 0 0.00256963004358113 2.66298007965088
289 0 0 0.0025541998911649 2.6796600818634
290 0 0 0.0025389299262315 2.69635009765625
291 0 0 0.0025238199159503 2.71304988861084
292 0 0 0.0025088801048696 2.72974991798401
293 0 0 0.00248674000613391 2.7548201084137
294 0 0 0.00246495008468628 2.77990007400513
295 0 0 0.00244350009597838 2.80499005317688
296 0 0 0.00242237001657486 2.83010005950928
297 0 0 0.00240157009102404 2.855220079422
298 0 0 0.00238107005134225 2.88035988807678
299 0 0 0.00236088992096484 2.90549993515015
300 8 24 0.00234099989756942 2.93066000938416
301 0 0 0.00232140999287367 2.95583009719849
302 0 0 0.00230210996232927 2.98100996017456
303 0 0 0.00228308001533151 3.00621008872986
304 0 0 0.00226432993076742 3.03140997886658
305 0 0 0.00224585994146764 3.05662989616394
306 0 0 0.00222764001227915 3.08185005187988
307 0 0 0.00220968993380666 3.10707998275757
308 0 0 0.00219198991544545 3.1323299407959
309 0 0 0.00217452994547784 3.15757989883423
310 0 0 0.0021573300473392 3.18284010887146
311 0 0 0.00214035995304585 3.20811009407043
312 0 0 0.00212361989542842 3.23339009284973
313 0 0 0.00210711010731757 3.25868010520935
314 0 0 0.00209082989022136 3.28397989273071
315 0 0 0.00207476993091404 3.30927991867065
316 0 0 0.00205891998484731 3.33458995819092
317 0 0 0.00204329006373882 3.3599100112915
318 0 0 0.00202785991132259 3.38524007797241
319 0 0 0.00201264000497758 3.41056990623474
320 0 0 0.00199762010015547 3.43590998649597
321 0 0 0.00198278995230794 3.46126008033752
322 0 0 0.00196816003881395 3.4866099357605
323 0 0 0.00195372011512518 3.51197004318237
324 0 0 0.00193946005310863 3.53732991218567
325 0 0 0.00192537996917963 3.56270003318787
326 0 0 0.00190460996236652 3.60076999664307
327 0 0 0.00188422005157918 3.63884997367859
328 0 0 0.00186421000398695 3.67693996429443
329 0 0 0.0018445800524205 3.7150399684906
330 0 0 0.00182530004531145 3.75315999984741
331 0 0 0.00180637999437749 3.79128003120422
332 0 0 0.00178779999259859 3.82942008972168
333 0 0 0.00176956003997475 3.86755990982056
334 0 0 0.00175163999665529 3.90571999549866
335 0 0 0.00173402996733785 3.94388008117676
336 0 0 0.00171673996374011 3.9820499420166
337 0 0 0.00169973995070904 4.02022981643677
338 0 0 0.00168304005637765 4.05842018127441
339 0 0 0.0016666300361976 4.0966100692749
340 0 0 0.00165048998314887 4.13481998443604
341 0 0 0.00163463002536446 4.17302989959717
342 0 0 0.00161904003471136 4.2112398147583
343 0 0 0.00160369998775423 4.24947023391724
344 0 0 0.00158862001262605 4.28770017623901
345 0 0 0.00157378998119384 4.32593011856079
346 0 0 0.00155918998643756 4.36417007446289
347 0 0 0.00154484005179256 4.40242004394531
348 0 0 0.0015307100256905 4.44067001342773
349 0 0 0.00151681003626436 4.47892999649048
350 9 24 0.00149636995047331 4.5363302230835
351 0 0 0.00147640996146947 4.59373998641968
352 0 0 0.00145691004581749 4.65115022659302
353 0 0 0.00143785995896906 4.70858001708984
354 0 0 0.00141925003845245 4.76601982116699
355 0 0 0.00140105001628399 4.82347011566162
356 0 0 0.00138324999716133 4.88091993331909
357 0 0 0.00136584998108447 4.93837976455688
358 0 0 0.00134882994461805 4.99585008621216
359 0 0 0.00133217999245971 5.0533299446106
360 0 0 0.00131588999647647 5.11080980300903
361 0 0 0.00129994004964828 5.16830015182495
362 0 0 0.00128433003555983 5.22580003738403
363 0 0 0.00126904004719108 5.28329992294312
364 0 0 0.00125406996812671 5.34080982208252
365 0 0 0.00123940000776201 5.3983302116394
366 0 0 0.00122503994498402 5.45585012435913
367 0 0 0.00121095997747034 5.51337003707886
368 0 0 0.00119715998880565 5.57089996337891
369 0 0 0.00117696996312588 5.65719985961914
370 0 0 0.00115737004671246 5.7435097694397
371 0 0 0.0011383299715817 5.82983016967773
372 0 0 0.00111982994712889 5.91616010665894
373 0 0 0.00110184005461633 6.00250005722046
374 0 0 0.00108435994479805 6.08884000778198
375 0 0 0.00106735003646463 6.17518997192383
376 0 0 0.00105079996865243 6.261549949646
377 0 0 0.00103468995075673 6.34791994094849
378 0 0 0.00101899995934218 6.43428993225098
379 0 0 0.00100372999440879 6.52065992355347
380 0 0 0.000988840009085834 6.60703992843628
381 0 0 0.000974331982433796 6.69341993331909
382 0 0 0.000960187986493111 6.77980995178223
383 0 0 0.000946393993217498 6.86620998382568
384 0 0 0.000932939001359046 6.95260000228882
385 0 0 0.000917789002414793 7.052490234375
386 0 0 0.000903056003153324 7.15239000320435
387 0 0 0.000888724985998124 7.25228023529053
388 0 0 0.000874779012519866 7.3521900177002
389 0 0 0.00086120399646461 7.45208978652954
390 0 0 0.000847984978463501 7.55200004577637
391 0 0 0.000835107988677919 7.65190982818604
392 0 0 0.00082255998859182 7.75183010101318
393 0 0 0.000810328987427056 7.85174989700317
394 0 0 0.000798403983935714 7.95167016983032
395 0 0 0.00078677199780941 8.05160045623779
396 0 0 0.000775424006860703 8.15151977539063
397 0 0 0.000764349009841681 8.25144958496094
398 0 0 0.0007535379845649 8.35138034820557
399 0 0 0.000742980977520347 8.45131969451904
400 10 24 0.000732670014258474 8.55125045776367
401 0 0 0.000722595024853945 8.65118980407715
402 0 0 0.000712750013917685 8.75113010406494
403 0 0 0.000703126017469913 8.85107040405273
404 0 0 0.000693715002853423 8.95100975036621
405 0 0 0.000684512022417039 9.050950050354
406 0 0 0.000675507995765656 9.15089988708496
407 0 0 0.000666697975248098 9.25084972381592
408 0 0 0.000658076023682952 9.35079002380371
409 0 0 0.000649634981527925 9.45073986053467
410 0 0 0.000641369028016925 9.55068969726563
411 0 0 0.000633273972198367 9.65063953399658
412 0 0 0.00062534399330616 9.75059032440186
413 0 0 0.000617574027273804 9.85054969787598
414 0 0 0.0006099590100348 9.95049953460693
415 0 0 0.000602493993937969 10.0504999160767
416 0 0 0.000595175020862371 10.1504001617432
417 0 0 0.000587999005801976 10.2503995895386
418 0 0 0.000580959022045135 10.3502998352051
419 0 0 0.000574054021853954 10.4503002166748
420 0 0 0.000567278009839356 10.5502004623413
421 0 0 0.000560628017410636 10.6501998901367
422 0 0 0.000554101017769426 10.7502002716064
423 0 0 0.000547692005056888 10.8500995635986
424 0 0 0.000541399989742786 10.9500999450684
425 0 0 0.000535221013706177 11.0500001907349
426 0 0 0.000529151002410799 11.1499996185303
427 0 0 0.00052318797679618 11.25
428 0 0 0.000517327978741378 11.3499002456665
429 0 0 0.000511570018716156 11.4498996734619
430 0 0 0.000505910022184253 11.5497999191284
431 0 0 0.000500346010085195 11.6498003005981
432 0 0 0.000494875013828278 11.7497997283936
433 0 0 0.000489495985675603 11.8496999740601
434 0 0 0.00048420499661006 11.9497003555298
435 0 0 0.000479000009363517 12.0496997833252
436 0 0 0.000473880005301908 12.1496000289917
437 0 0 0.000468843005364761 12.2496004104614
438 0 0 0.000463884993223473 12.3495998382568
439 0 0 0.000459005997981876 12.4495000839233
440 0 0 0.000454202992841601 12.5495004653931
441 0 0 0.000449473998742178 12.6494998931885
442 0 0 0.00044481799704954 12.749400138855
443 0 0 0.000440233998233452 12.8493995666504
444 0 0 0.000435719004599378 12.9493999481201
445 0 0 0.000431271007983014 13.0493001937866
446 0 0 0.000426890008384362 13.149299621582
447 0 0 0.00042257399763912 13.2493000030518
448 0 0 0.000418320007156581 13.3492002487183
449 0 0 0.00041412899736315 13.4491996765137
450 11 24 0.000409997999668121 13.5492000579834
451 0 0 0.000405925995437428 13.6492004394531
452 0 0 0.000401911995140836 13.7490997314453
453 0 0 0.000397953990614042 13.849100112915
454 0 0 0.000394052010960877 13.9490995407104
455 0 0 0.000390203989809379 14.048999786377
456 0 0 0.000386408995836973 14.1490001678467
457 0 0 0.000382664991775528 14.2489995956421
458 0 0 0.000378972996259108 14.3488998413086
459 0 0 0.000375330011593178 14.4489002227783
460 0 0 0.000371736008673906 14.5488996505737
461 0 0 0.000368189008440822 14.6489000320435
462 0 0 0.000364689010893926 14.74880027771
463 0 0 0.000361234997399151 14.8487997055054
464 0 0 0.000357824988896027 14.9488000869751
465 0 0 0.00035446000401862 15.0488004684448
466 0 0 0.000351136986864731 15.148699760437
467 0 0 0.000347857014276087 15.2487001419067
468 0 0 0.000344617990776896 15.3486995697021
469 0 0 0.000341419014148414 15.4485998153687
470 0 0 0.000338260986609384 15.5486001968384
471 0 0 0.000335140997776762 15.6485996246338
472 0 0 0.000332058989442885 15.7486000061035
473 0 0 0.000329014990711585 15.84850025177
474 0 0 0.000326008012052625 15.9484996795654
475 0 0 0.000323037005728111 16.0485000610352
476 0 0 0.000320101011311635 16.1485004425049
477 0 0 0.000317199999699369 16.2483997344971
478 0 0 0.000314333999995142 16.3484001159668
479 0 0 0.000311500014504418 16.4484004974365
480 0 0 0.000308699993183836 16.5484008789063
481 0 0 0.000305931986076757 16.6483001708984
482 0 0 0.000303195993183181 16.7483005523682
483 0 0 0.00030049099586904 16.8483009338379
484 0 0 0.000297816004604101 16.948299407959
485 0 0 0.000295172008918598 17.0482006072998
486 0 0 0.00029255700064823 17.1481990814209
487 0 0 0.000289971008896828 17.2481994628906
488 0 0 0.00028741400456056 17.3481998443604
489 0 0 0.000284884998109192 17.4482002258301
490 0 0 0.000282383000012487 17.5480995178223
491 0 0 0.000279908999800682 17.648099899292
492 0 0 0.000277460989309475 17.7481002807617
493 0 0 0.000275038997642696 17.8481006622314
494 0 0 0.000272642995696515 17.9479999542236
495 0 0 0.000270271993940696 18.0480003356934
496 0 0 0.000267927011009306 18.1480007171631
497 0 0 0.000265606009634212 18.2479991912842
498 0 0 0.000263308989815414 18.3479995727539
499 0 0 0.000261034991126508 18.4479007720947
500 12 24 0.000258785003097728 18.5478992462158
501 0 0 0.000256558007095009 18.6478996276855
502 0 0 0.000254354003118351 18.7479000091553
503 0 0 0.000252171012107283 18.8477993011475
504 0 0 0.000250011013122275 18.9477996826172
505 0 0 0.000247871997999027 19.0478000640869
506 0 0 0.000245755014475435 19.1478004455566
507 0 0 0.000243657996179536 19.2478008270264
508 0 0 0.000241582005401142 19.3477001190186
509 0 0 0.000239525994402356 19.4477005004883
510 0 0 0.000237490006838925 19.547700881958
511 0 0 0.000235472994972952 19.6476993560791
512 0 0 0.000233476006542332 19.7476997375488
513 0 0 0.000231497993809171 19.8476009368896
514 0 0 0.000229539000429213 19.9475994110107
515 0 0 0.000227598997298628 20.0475997924805
516 0 0 0.000225676005356945 20.1476001739502
517 0 0 0.000223770999582484 20.2476005554199
518 0 0 0.000221884998609312 20.3474998474121
519 0 0 0.000220015004742891 20.4475002288818
520 0 0 0.000218162997043692 20.5475006103516
521 0 0 0.000216328000533395 20.6474990844727
522 0 0 0.000214508996577933 20.7474994659424
523 0 0 0.000212707003811374 20.8474998474121
524 0 0 0.000210921003599651 20.9473991394043
525 0 0 0.000209150995942764 21.047399520874
526 0 0 0.000207396995392628 21.1473999023438
527 0 0 0.000205657997867092 21.2474002838135
528 0 0 0.000203934992896393 21.3474006652832
529 0 0 0.000202226001420058 21.4473991394043
530 0 0 0.00020053300249856 21.5473003387451
531 0 0 0.000198854002519511 21.6473007202148
532 0 0 0.000197190005565062 21.7472991943359
533 0 0 0.000195539993001148 21.8472995758057
534 0 0 0.00019390499801375 21.9472999572754
535 0 0 0.00019228299788665 22.0473003387451
536 0 0 0.000190674996702 22.1471996307373
537 0 0 0.0001890809944598 22.247200012207
538 0 0 0.000187500001629815 22.3472003936768
539 0 0 0.000185932003660128 22.4472007751465
540 0 0 0.000184377000550739 22.5471992492676
541 0 0 0.000182835006853566 22.6471996307373
542 0 0 0.000181305993464775 22.7471008300781
543 0 0 0.000179788999957964 22.8470993041992
544 0 0 0.0001782839972293 22.9470996856689
545 0 0 0.000176792003912851 23.0471000671387
546 0 0 0.00017531200137455 23.1471004486084
547 0 0 0.000173844004166313 23.2471008300781
548 0 0 0.000172387997736223 23.3470001220703
549 0 0 0.000170943007105961 23.44700050354
550 13 24 0.000169509003171697 23.5470008850098
551 0 0 0.000168087004567496 23.6469993591309
552 0 0 0.000166676996741444 23.7469997406006
553 0 0 0.000165277000633068 23.8470001220703
554 0 0 0.000163888005772606 23.94700050354
555 0 0 0.00016250999760814 24.0468997955322
556 0 0 0.000161142001161352 24.146900177002
557 0 0 0.000159785005962476 24.2469005584717
558 0 0 0.000158438997459598 24.3469009399414
559 0 0 0.000157101996592246 24.4468994140625
560 0 0 0.000155775996972807 24.5468997955322
561 0 0 0.000154459994519129 24.646900177002
562 0 0 0.000153154003783129 24.7469005584717
563 0 0 0.00015185700613074 24.8467998504639
564 0 0 0.000150570005644113 24.9468002319336
565 0 0 0.000149293002323247 25.0468006134033
566 0 0 0.000148025006637909 25.1467990875244
567 0 0 0.000146766993566416 25.2467994689941
568 0 0 0.000145518002682365 25.3467998504639
569 0 0 0.000144277000799775 25.4468002319336
570 0 0 0.000143045996082947 25.5466995239258
571 0 0 0.000141823999001645 25.6466999053955
572 0 0 0.000140610995003954 25.7467002868652
573 0 0 0.000139405994559638 25.846700668335
574 0 0 0.000138210001750849 25.9466991424561
575 0 0 0.000137021997943521 26.0466995239258
576 0 0 0.000135843001771718 26.1466999053955
577 0 0 0.000134671994601376 26.2467002868652
578 0 0 0.000133509995066561 26.346700668335
579 0 0 0.000132355999085121 26.4465999603271
580 0 0 0.000131209002574906 26.5466003417969
581 0 0 0.000130070999148302 26.6466007232666
582 0 0 0.000128939995192923 26.7465991973877
583 0 0 0.00012781799887307 26.8465995788574
584 0 0 0.000126703002024442 26.9465999603271
585 0 0 0.000125595004647039 27.0466003417969
586 0 0 0.000124494996271096 27.1466007232666
587 0 0 0.000123403006000444 27.2465000152588
588 0 0 0.000122318000649102 27.3465003967285
589 0 0 0.000121240002044942 27.4465007781982
590 0 0 0.0001201699997182 27.5464992523193
591 0 0 0.000119106996862683 27.6464996337891
592 0 0 0.000118051000754349 27.7465000152588
593 0 0 0.000117001000035089 27.8465003967285
594 0 0 0.000115959002869204 27.9465007781982
595 0 0 0.000114923997898586 28.0464992523193
596 0 0 0.000113895002868958 28.1464996337891
597 0 0 0.000112873000034597 28.2464008331299
598 0 0 0.000111857996671461 28.346399307251
599 0 0 0.000110849003249314 28.4463996887207
600 14 24 0.000109847002022434 28.5464000701904
601 0 0 0.000108852000266779 28.6464004516602
602 0 0 0.000107861997094005 28.7464008331299
603 0 0 0.000106879000668414 28.846399307251
604 0 0 0.00010590299643809 28.9463996887207
605 0 0 0.000104931998066604 29.0464000701904
606 0 0 0.000103967999166343 29.1464004516602
607 0 0 0.000103008998848964 29.2462997436523
608 0 0 0.000102056998002809 29.3463001251221
609 0 0 0.000101110999821685 29.4463005065918
610 0 0 0.000100170000223443 29.5463008880615
611 0 0 9.92355999187566E-05 29.6462993621826
612 0 0 9.83067002380267E-05 29.7462997436523
613 0 0 9.73835994955152E-05 29.8463001251221
614 0 0 9.64662031037733E-05 29.9463005065918
615 0 0 9.55543000600301E-05 30.0463008880615
616 0 0 9.46481013670564E-05 30.1462993621826
617 0 0 9.37473014346324E-05 30.2462997436523
618 0 0 9.28520021261647E-05 30.3462009429932
619 0 0 9.19621015782468E-05 30.4461994171143
620 0 0 9.1077497927472E-05 30.546199798584
621 0 0 9.01983003132045E-05 30.6462001800537
622 0 0 8.93242977326736E-05 30.7462005615234
623 0 0 8.84554974618368E-05 30.8462009429932
624 0 0 8.75917976372875E-05 30.9461994171143
625 0 0 8.67333001224324E-05 31.046199798584
626 0 0 8.58798011904582E-05 31.1462001800537
627 0 0 8.5031300841365E-05 31.2462005615234
628 0 0 8.41877990751527E-05 31.3462009429932
629 0 0 8.33492013043724E-05 31.4461994171143
630 0 0 8.25155002530664E-05 31.5461006164551
631 0 0 8.16867031971924E-05 31.6460990905762
632 0 0 8.08625991339795E-05 31.7460994720459
633 0 0 8.0043202615343E-05 31.8460998535156
634 0 0 7.92286009527743E-05 31.9461002349854
635 0 0 7.84185976954177E-05 32.0461006164551
636 0 0 7.76132001192309E-05 32.1460990905762
637 0 0 7.68124009482563E-05 32.2461013793945
638 0 0 7.60160983190872E-05 32.3460998535156
639 0 0 7.52242995076813E-05 32.4460983276367
640 0 0 7.44369972380809E-05 32.5461006164551
641 0 0 7.36540969228372E-05 32.6460990905762
642 0 0 7.287559856195E-05 32.7461013793945
643 0 0 7.21014002920128E-05 32.8460006713867
644 0 0 7.13315021130256E-05 32.9459991455078
645 0 0 7.05658967490308E-05 33.0460014343262
646 0 0 6.9804496888537E-05 33.1459999084473
647 0 0 6.90472006681375E-05 33.2459983825684
648 0 0 6.82941972627304E-05 33.3460006713867
649 0 0 6.75452029099688E-05 33.4459991455078
650 15 24 6.68003995087929E-05 33.5460014343262
651 0 0 6.60595032968558E-05 33.6459999084473
652 0 0 6.53227034490556E-05 33.7459983825684
653 0 0 6.45898981019855E-05 33.8460006713867
654 0 0 6.38609999441542E-05 33.9459991455078
655 0 0 6.31360016996041E-05 34.0460014343262
656 0 0 6.24149033683352E-05 34.1459999084473
657 0 0 6.16976976743899E-05 34.2459983825684
658 0 0 6.09841990808491E-05 34.3459014892578
659 0 0 6.02746004005894E-05 34.4458999633789
660 0 0 5.95687015447766E-05 34.5458984375
661 0 0 5.88664988754317E-05 34.6459007263184
662 0 0 5.81679996685125E-05 34.7458992004395
663 0 0 5.74730984226335E-05 34.8459014892578
664 0 0 5.67819006391801E-05 34.9458999633789
665 0 0 5.60943008167669E-05 35.0458984375
666 0 0 5.54102007299662E-05 35.1459007263184
667 0 0 5.47296986042056E-05 35.2458992004395
668 0 0 5.40526998520363E-05 35.3459014892578
669 0 0 5.33792008354794E-05 35.4458999633789
670 0 0 5.27090996911284E-05 35.5458984375
671 0 0 5.20424982823897E-05 35.6459007263184
672 0 0 5.13792983838357E-05 35.7458992004395
673 0 0 5.07194017700385E-05 35.8459014892578
674 0 0 5.00628993904684E-05 35.9458999633789
675 0 0 4.94097002956551E-05 36.0457992553711
676 0 0 4.87598008476198E-05 36.1458015441895
677 0 0 4.81130991829559E-05 36.2458000183105
678 0 0 4.74697008030489E-05 36.3457984924316
679 0 0 4.68295002065133E-05 36.44580078125
680 0 0 4.6192501031328E-05 36.5457992553711
681 0 0 4.55586996395141E-05 36.6458015441895
682 0 0 4.49280014436226E-05 36.7458000183105
683 0 0 4.4300399167696E-05 36.8457984924316
684 0 0 4.36759000876918E-05 36.94580078125
685 0 0 4.30545005656313E-05 37.0457992553711
686 0 0 4.24360987381078E-05 37.1458015441895
687 0 0 4.18208001065068E-05 37.2458000183105
688 0 0 4.1208400944015E-05 37.3457984924316
689 0 0 4.05989994760603E-05 37.44580078125
690 0 0 3.99925993406214E-05 37.5457992553711
691 0 0 3.93890986742917E-05 37.6458015441895
692 0 0 3.87885011150502E-05 37.7458000183105
693 0 0 3.8190799386939E-05 37.8457984924316
694 0 0 3.75958989025094E-05 37.9457015991211
695 0 0 3.70039015251677E-05 38.0457000732422
696 0 0 3.64147017535288E-05 38.1456985473633
697 0 0 3.58282995875925E-05 38.2457008361816
698 0 0 3.52446986653376E-05 38.3456993103027
699 0 0 3.46638989867643E-05 38.4457015991211
700 16 24 3.40857986884657E-05 38.5457000732422
701 0 0 3.35104014084209E-05 38.6456985473633
702 0 0 3.29376998706721E-05 38.7457008361816
703 0 0 3.23677013511769E-05 38.8456993103027
704 0 0 3.18003003485501E-05 38.9457015991211
705 0 0 3.12355987261981E-05 39.0457000732422
706 0 0 3.06734982586931E-05 39.1456985473633
707 0 0 3.01140007650247E-05 39.2457008361816
708 0 0 2.95571007882245E-05 39.3456993103027
709 0 0 2.90027001028648E-05 39.4457015991211
710 0 0 2.84509005723521E-05 39.5457000732422
711 0 0 2.79016003332799E-05 39.6456985473633
712 0 0 2.73547993856482E-05 39.7457008361816
713 0 0 2.68104995484464E-05 39.8456993103027
714 0 0 2.62687008216744E-05 39.9457015991211
715 0 0 2.57293995673535E-05 40.0457000732422
716 0 0 2.51923993346281E-05 40.1455993652344
717 0 0 2.46579002123326E-05 40.2456016540527
718 0 0 2.41258003370604E-05 40.3456001281738
719 0 0 2.35960997088114E-05 40.4455986022949
720 0 0 2.30688001465751E-05 40.5456008911133
721 0 0 2.25437997869449E-05 40.6455993652344
722 0 0 2.20211004489101E-05 40.7456016540527
723 0 0 2.15008003578987E-05 40.8456001281738
724 0 0 2.09826994250761E-05 40.9455986022949
725 0 0 2.04669995582663E-05 41.0456008911133
726 0 0 1.99535006686347E-05 41.1455993652344
727 0 0 1.94422991626197E-05 41.2456016540527
728 0 0 1.89333004527725E-05 41.3456001281738
729 0 0 1.84265009011142E-05 41.4455986022949
730 0 0 1.79220005520619E-05 41.5456008911133
731 0 0 1.74195993167814E-05 41.6455993652344
732 0 0 1.69194991030963E-05 41.7456016540527
733 0 0 1.64214998221723E-05 41.8456001281738
734 0 0 1.59255996550201E-05 41.9455986022949
735 0 0 1.54319004650461E-05 42.0456008911133
736 0 0 1.49403003888438E-05 42.1455993652344
737 0 0 1.44508003359078E-05 42.2456016540527
738 0 0 1.39634003062383E-05 42.3456001281738
739 0 0 1.34781002998352E-05 42.4455986022949
740 0 0 1.29948002722813E-05 42.5456008911133
741 0 0 1.25136002679938E-05 42.6455993652344
742 0 0 1.20345002869726E-05 42.7454986572266
743 0 0 1.15573002403835E-05 42.8455009460449
744 0 0 1.10822002170607E-05 42.945499420166
745 0 0 1.060900012817E-05 43.0455017089844
746 0 0 1.01379000625457E-05 43.1455001831055
747 0 0 9.66871994023677E-06 43.2454986572266
748 0 0 9.20149977901019E-06 43.3455009460449
749 0 0 8.7362195699825E-06 43.445499420166
750 17 24 8.27288022264838E-06 43.5455017089844
751 0 0 7.81145990913501E-06 43.6455001831055
752 0 0 7.35194998924271E-06 43.7454986572266
753 0 0 6.8943299993407E-06 43.8455009460449
754 0 0 6.43858993498725E-06 43.945499420166
755 0 0 5.98472979618236E-06 44.0455017089844
756 0 0 5.53272002434824E-06 44.1455001831055
757 0 0 5.08256016473752E-06 44.2454986572266
758 0 0 4.63424021290848E-06 44.3455009460449
759 0 0 4.18774015997769E-06 44.445499420166
760 0 0 3.74305000150343E-06 44.5455017089844
761 0 0 3.30016996485938E-06 44.6455001831055
762 0 0 2.85907003672037E-06 44.7454986572266
763 0 0 2.41974998971273E-06 44.8455009460449
764 0 0 1.98219004232669E-06 44.945499420166
765 0 0 1.54638996718859E-06 45.0455017089844
766 0 0 1.11233998723037E-06 45.1455001831055
767 0 0 6.80017990362103E-07 45.2454986572266
768 0 0 2.49419002784634E-07 45.3455009460449
769 0 0 -1.79468997885124E-07 45.445499420166
770 0 0 -6.06655021329061E-07 45.5455017089844
771 0 0 -1.03214995306189E-06 45.6455001831055
772 0 0 -1.4559700503014E-06 45.7454986572266
773 0 0 -1.87810996976623E-06 45.845401763916
774 0 0 -2.29860006584204E-06 45.9454002380371
775 0 0 -2.71744011115516E-06 46.0453987121582
776 0 0 -3.13463010570558E-06 46.1454010009766
777 0 0 -3.55020006281848E-06 46.2453994750977
778 0 0 -3.96414998249384E-06 46.345401763916
779 0 0 -4.3764998736151E-06 46.4454002380371
780 0 0 -4.78723995911423E-06 46.5453987121582
781 0 0 -5.19638979312731E-06 46.6454010009766
782 0 0 -5.60395983484341E-06 46.7453994750977
783 0 0 -6.00996008870425E-06 46.845401763916
784 0 0 -6.41441010884591E-06 46.9454002380371
785 0 0 -6.81729989082669E-06 47.0453987121582
786 0 0 -7.21863989383564E-06 47.1454010009766
787 0 0 -7.61846013119793E-06 47.2453994750977
788 0 0 -8.01675014372449E-06 47.345401763916
789 0 0 -8.41351993585704E-06 47.4454002380371
790 0 0 -8.80878997122636E-06 47.5453987121582
791 0 0 -9.20257025427418E-06 47.6454010009766
792 0 0 -9.59484987106407E-06 47.7453994750977
793 0 0 -9.9856597444159E-06 47.845401763916
794 0 0 -1.03749998743297E-05 47.9454002380371
795 0 0 -1.07629002741305E-05 48.0453987121582
796 0 0 -1.11493000076734E-05 48.1454010009766
797 0 0 -1.15343000288703E-05 48.2453994750977
798 0 0 -1.1917800293304E-05 48.345401763916
799 0 0 -1.2299899935897E-05 48.4454002380371
800 18 24 -1.26805998661439E-05 48.5453987121582
801 0 0 -1.30599000840448E-05 48.6454010009766
802 0 0 -1.34377996801049E-05 48.7453994750977
803 0 0 -1.38142995638191E-05 48.845401763916
804 0 0 -1.41893997351872E-05 48.9454002380371
805 0 0 -1.45631001942093E-05 49.0453987121582
806 0 0 -1.49354000313906E-05 49.1454010009766
807 0 0 -1.53063992911484E-05 49.2453994750977
808 0 0 -1.56759997480549E-05 49.345401763916
809 0 0 -1.60442996275378E-05 49.4454002380371
810 0 0 -1.64113007485867E-05 49.5453987121582
811 0 0 -1.67768994288053E-05 49.6454010009766
812 0 0 -1.71410993061727E-05 49.7453994750977
813 0 0 -1.75041004695231E-05 49.8452987670898
814 0 0 -1.78657992364606E-05 49.9453010559082
815 0 0 -1.82260992005467E-05 50.0452995300293
816 0 0 -1.8585200450616E-05 50.1453018188477
817 0 0 -1.89429993042722E-05 50.2453002929688
818 0 0 -1.92994993994944E-05 50.3452987670898
819 0 0 -1.96547007362824E-05 50.4453010559082
820 0 0 -2.00085996766575E-05 50.5452995300293
821 0 0 -2.03612999030156E-05 50.6453018188477
822 0 0 -2.07127995963674E-05 50.7453002929688
823 0 0 -2.10630005312851E-05 50.8452987670898
824 0 0 -2.14119008887792E-05 50.9453010559082
825 0 0 -2.17597007576842E-05 51.0452995300293
826 0 0 -2.21062000491656E-05 51.1453018188477
827 0 0 -2.2451400582213E-05 51.2453002929688
828 0 0 -2.27955006266711E-05 51.3452987670898
829 0 0 -2.3138400138123E-05 51.4453010559082
830 0 0 -2.34800991165685E-05 51.5452995300293
831 0 0 -2.38204993365798E-05 51.6453018188477
832 0 0 -2.41598008869914E-05 51.7453002929688
833 0 0 -2.44980001298245E-05 51.8452987670898
834 0 0 -2.48349006142234E-05 51.9453010559082
835 0 0 -2.51707006100332E-05 52.0452995300293
836 0 0 -2.55053000728367E-05 52.1453018188477
837 0 0 -2.58388008660404E-05 52.2453002929688
838 0 0 -2.61710993072484E-05 52.3452987670898
839 0 0 -2.6502300897846E-05 52.4453010559082
840 0 0 -2.68323001364479E-05 52.5452995300293
841 0 0 -2.716120070545E-05 52.6453018188477
842 0 0 -2.7489000785863E-05 52.7453002929688
843 0 0 -2.78157003776869E-05 52.8452987670898
844 0 0 -2.81412994809216E-05 52.9453010559082
845 0 0 -2.84656998701394E-05 53.0452995300293
846 0 0 -2.87890998151852E-05 53.1453018188477
847 0 0 -2.91113992716419E-05 53.2453002929688
848 0 0 -2.94326000584988E-05 53.3452987670898
849 0 0 -2.97527003567666E-05 53.4453010559082
850 19 24 -3.00717001664452E-05 53.5452995300293
851 0 0 -3.03896995319519E-05 53.6453018188477
852 0 0 -3.07064983644523E-05 53.7453002929688
853 0 0 -3.10223986161873E-05 53.8452987670898
854 0 0 -3.13372001983225E-05 53.9453010559082
855 0 0 -3.16508994728792E-05 54.0452995300293
856 0 0 -3.1963598303264E-05 54.1453018188477
857 0 0 -3.2275198464049E-05 54.2453002929688
858 0 0 -3.25859000440687E-05 54.3452987670898
859 0 0 -3.28954993165098E-05 54.4453010559082
860 0 0 -3.32039999193512E-05 54.5452995300293
861 0 0 -3.35115983034484E-05 54.6453018188477
862 0 0 -3.38181016559247E-05 54.7453002929688
863 0 0 -3.4123699151678E-05 54.8452987670898
864 0 0 -3.44282016158104E-05 54.9453010559082
865 0 0 -3.47317982232198E-05 55.0452995300293
866 0 0 -3.50342997990083E-05 55.1453018188477
867 0 0 -3.53358991560526E-05 55.2452011108398
868 0 0 -3.56365017069038E-05 55.3451995849609
869 0 0 -3.59361001756042E-05 55.4452018737793
870 0 0 -3.62348000635393E-05 55.5452003479004
871 0 0 -3.65324995073024E-05 55.6451988220215
872 0 0 -3.68291985068936E-05 55.7452011108398
873 0 0 -3.71249989257194E-05 55.8451995849609
874 0 0 -3.74197989003733E-05 55.9452018737793
875 0 0 -3.77135984308552E-05 56.0452003479004
876 0 0 -3.80066012439784E-05 56.1451988220215
877 0 0 -3.82985999749508E-05 56.2452011108398
878 0 0 -3.85895982617512E-05 56.3451995849609
879 0 0 -3.88797998311929E-05 56.4452018737793
880 0 0 -3.91690009564627E-05 56.5452003479004
881 0 0 -3.94572998629883E-05 56.6451988220215
882 0 0 -3.97447001887485E-05 56.7452011108398
883 0 0 -4.00311000703368E-05 56.8451995849609
884 0 0 -4.03166995965876E-05 56.9452018737793
885 0 0 -4.0601400542073E-05 57.0452003479004
886 0 0 -4.08851992688142E-05 57.1451988220215
887 0 0 -4.11680011893623E-05 57.2452011108398
888 0 0 -4.1449999116594E-05 57.3451995849609
889 0 0 -4.17312003264669E-05 57.4452018737793
890 0 0 -4.20114010921679E-05 57.5452003479004
891 0 0 -4.22908015025314E-05 57.6451988220215
892 0 0 -4.25692996941507E-05 57.7452011108398
893 0 0 -4.28468993050046E-05 57.8451995849609
894 0 0 -4.3123698560521E-05 57.9452018737793
895 0 0 -4.3399599235272E-05 58.0452003479004
896 0 0 -4.36746013292577E-05 58.1451988220215
897 0 0 -4.3948799429927E-05 58.2452011108398
898 0 0 -4.42222008132376E-05 58.3451995849609
899 0 0 -4.4494699977804E-05 58.4452018737793
900 20 24 -4.47663987870328E-05 58.5452003479004
901 0 0 -4.50373008789029E-05 58.6451988220215
902 0 0 -4.53073007520288E-05 58.7452011108398
903 0 0 -4.55765002698172E-05 58.8451995849609
904 0 0 -4.5844899432268E-05 58.9452018737793
905 0 0 -4.61124982393812E-05 59.0452003479004
906 0 0 -4.63791984657291E-05 59.1451988220215
907 0 0 -4.66452002001461E-05 59.2452011108398
908 0 0 -4.69102997158188E-05 59.3451995849609
909 0 0 -4.71747007395606E-05 59.4452018737793
910 0 0 -4.74381995445583E-05 59.5452003479004
911 0 0 -4.7700999857625E-05 59.6451988220215
912 0 0 -4.79629015899263E-05 59.7452011108398
913 0 0 -4.82241011923179E-05 59.8451995849609
914 0 0 -4.84845004393719E-05 59.9452018737793
915 0 0 -4.87440993310884E-05 60.0452003479004
916 0 0 -4.90029015054461E-05 60.1451988220215
917 0 0 -4.9261001549894E-05 60.2452011108398
918 0 0 -4.95183012390044E-05 60.3451995849609
919 0 0 -4.97748005727772E-05 60.4452018737793
920 0 0 -5.0030601414619E-05 60.5452003479004
921 0 0 -5.02855982631445E-05 60.6451988220215
922 0 0 -5.05399002577178E-05 60.7452011108398
923 0 0 -5.07933982589748E-05 60.8451995849609
924 0 0 -5.10462014062796E-05 60.9452018737793
925 0 0 -5.1298200560268E-05 61.0452003479004
926 0 0 -5.15495012223255E-05 61.1451988220215
927 0 0 -5.18000015290454E-05 61.2452011108398
928 0 0 -5.20497997058555E-05 61.3451995849609
929 0 0 -5.22988993907347E-05 61.4452018737793
930 0 0 -5.2547300583683E-05 61.5452003479004
931 0 0 -5.27949014212936E-05 61.6451988220215
932 0 0 -5.30418001289945E-05 61.7452011108398
933 0 0 -5.32880003447644E-05 61.8451995849609
934 0 0 -5.35334984306246E-05 61.9452018737793
935 0 0 -5.3778199799126E-05 62.0452003479004
936 0 0 -5.40223009011243E-05 62.1451988220215
937 0 0 -5.42656998732127E-05 62.2452011108398
938 0 0 -5.45082984899636E-05 62.3451995849609
939 0 0 -5.47503004781902E-05 62.4452018737793
940 0 0 -5.4991600336507E-05 62.5452003479004
941 0 0 -5.52320998394862E-05 62.6451988220215
942 0 0 -5.54719990759622E-05 62.7452011108398
943 0 0 -5.57111998205073E-05 62.8451995849609
944 0 0 -5.59496984351426E-05 62.9452018737793
945 0 0 -5.61876004212536E-05 63.0452003479004
946 0 0 -5.64248002774548E-05 63.1450996398926
947 0 0 -5.66611997783184E-05 63.2450981140137
948 0 0 -5.68971008760855E-05 63.345100402832
949 0 0 -5.7132201618515E-05 63.4450988769531
950 21 24 -5.73666984564625E-05 63.5451011657715
951 0 0 -5.76005986658856E-05 63.6450996398926
952 0 0 -5.78336985199712E-05 63.7450981140137
953 0 0 -5.80662017455325E-05 63.845100402832
954 0 0 -5.82981010666117E-05 63.9450988769531
955 0 0 -5.85292982577812E-05 64.0450973510742
956 0 0 -5.87598988204263E-05 64.1451034545898
957 0 0 -5.89898008911405E-05 64.2451019287109
958 0 0 -5.92190990573727E-05 64.345100402832
959 0 0 -5.94476987316739E-05 64.4450988769531
960 0 0 -5.96757017774507E-05 64.5450973510742
961 0 0 -5.99031009187456E-05 64.6451034545898
962 0 0 -6.01298997935373E-05 64.7451019287109
963 0 0 -6.03560001763981E-05 64.845100402832
964 0 0 -6.05815002927557E-05 64.9450988769531
965 0 0 -6.08064001426101E-05 65.0450973510742
966 0 0 -6.10306015005335E-05 65.1451034545898
967 0 0 -6.1254198953975E-05 65.2451019287109
968 0 0 -6.14773016422987E-05 65.345100402832
969 0 0 -6.16996985627338E-05 65.4450988769531
970 0 0 -6.19214988546446E-05 65.5450973510742
971 0 0 -6.2142702518031E-05 65.6451034545898
972 0 0 -6.23633022769354E-05 65.7451019287109
973 0 0 -6.25832981313579E-05 65.845100402832
974 0 0 -6.2802602769807E-05 65.9450988769531
975 0 0 -6.30213980912231E-05 66.0450973510742
976 0 0 -6.32395967841148E-05 66.1451034545898
977 0 0 -6.34573007118888E-05 66.2451019287109
978 0 0 -6.36742988717742E-05 66.345100402832
979 0 0 -6.38907004031353E-05 66.4450988769531
980 0 0 -6.41065998934209E-05 66.5450973510742
981 0 0 -6.43219027551822E-05 66.6451034545898
982 0 0 -6.4536499849055E-05 66.7451019287109
983 0 0 -6.47506967652589E-05 66.845100402832
984 0 0 -6.49642024654895E-05 66.9450988769531
985 0 0 -6.51771988486871E-05 67.0450973510742
986 0 0 -6.53895986033604E-05 67.1451034545898
987 0 0 -6.56014017295092E-05 67.2451019287109
988 0 0 -6.58127028145827E-05 67.345100402832
989 0 0 -6.60233999951743E-05 67.4450988769531
990 0 0 -6.6233602410648E-05 67.5450973510742
991 0 0 -6.64432009216398E-05 67.6451034545898
992 0 0 -6.66522028041072E-05 67.7451019287109
993 0 0 -6.68607026454993E-05 67.845100402832
994 0 0 -6.70685985824093E-05 67.9450988769531
995 0 0 -6.72759997542016E-05 68.0450973510742
996 0 0 -6.74828988849185E-05 68.1451034545898
997 0 0 -6.76892013871111E-05 68.2451019287109
998 0 0 -6.78948999848217E-05 68.345100402832
999 0 0 -6.81001984048635E-05 68.4450988769531
1000 22 29 -6.83047983329743E-05 68.5450973510742
