357 22 29 -0.0511232987046242 0.210318997502327
356 0 0 -0.0491108000278473 0.207131996750832
355 0 0 -0.0471386015415192 0.203995004296303
354 0 0 -0.0452063009142876 0.200910001993179
353 0 0 -0.0433137007057667 0.197873994708061
352 0 0 -0.0414603985846043 0.19488899409771
351 0 0 -0.0396459996700287 0.191954001784325
350 21 24 -0.0378701984882355 0.189068004488945
349 0 0 -0.036132700741291 0.186231002211571
348 0 0 -0.0344329997897148 0.183442994952202
347 0 0 -0.032770898193121 0.1807029992342
346 0 0 -0.0311457999050617 0.178011000156403
345 0 0 -0.0295576006174088 0.175367996096611
344 0 0 -0.028005700558424 0.172771006822586
343 0 0 -0.0264899004250765 0.170221999287605
342 0 0 -0.0250096991658211 0.167720004916191
341 0 0 -0.023564700037241 0.165263995528221
340 0 0 -0.0221545994281769 0.162854000926018
339 0 0 -0.0207789000123739 0.16049000620842
338 0 0 -0.0194371994584799 0.158171996474266
337 0 0 -0.0181293003261089 0.155898004770279
336 0 0 -0.0168545003980398 0.153669998049736
335 0 0 -0.0156127000227571 0.151484996080399
334 0 0 -0.0144031997770071 0.149344995617867
333 0 0 -0.013225800357759 0.14724799990654
332 0 0 -0.0120799001306295 0.145195007324219
331 0 0 -0.0109652997925878 0.143185004591942
330 0 0 -0.00988143961876631 0.141216993331909
329 0 0 -0.00882792007178068 0.139292001724243
328 0 0 -0.00780434021726251 0.137408003211021
327 0 0 -0.00681025022640824 0.135565996170044
326 0 0 -0.00584523985162377 0.133764997124672
325 0 0 -0.00490888021886349 0.132006004452705
324 0 0 -0.00400072988122702 0.130285993218422
323 0 0 -0.00312036997638643 0.128607004880905
322 0 0 -0.00226735998876393 0.126966997981071
321 0 0 -0.00144126999657601 0.125367000699043
320 0 0 -0.000641655002254993 0.123805999755859
319 0 0 0.000131916996906511 0.1222840026021
318 0 0 0.000879885978065431 0.120800003409386
317 0 0 0.00160268996842206 0.119354002177715
316 0 0 0.00230077002197504 0.117945998907089
315 0 0 0.00297458004206419 0.116575002670288
314 0 0 0.00362454005517066 0.115240998566151
313 0 0 0.00425110012292862 0.113944001495838
312 0 0 0.0048547200858593 0.112682998180389
311 0 0 0.00543582020327449 0.111456997692585
310 0 0 0.00599484983831644 0.110267996788025
309 0 0 0.00653226999565959 0.109113000333309
308 0 0 0.00704849977046251 0.107992999255657
307 0 0 0.00754398992285132 0.10690800100565
306 0 0 0.00801919028162956 0.105856999754906
305 0 0 0.00847452972084284 0.104838997125626
304 0 0 0.00891045015305281 0.10385499894619
303 0 0 0.00932739023119211 0.102903999388218
302 0 0 0.00972578953951597 0.10198599845171
301 0 0 0.0101060997694731 0.101099997758865
300 20 24 0.0104686999693513 0.100245997309685
299 0 0 0.0108140995725989 0.0994238033890724
298 0 0 0.0111426003277302 0.0986327975988388
297 0 0 0.0114546995609999 0.0978726968169212
296 0 0 0.0117509001865983 0.0971432030200958
295 0 0 0.0120315002277493 0.0964441001415253
294 0 0 0.0122969001531601 0.0957747995853424
293 0 0 0.0125476000830531 0.0951351970434189
292 0 0 0.0127839995548129 0.0945248007774353
291 0 0 0.0130064003169537 0.0939434990286827
290 0 0 0.0132152000442147 0.0933907032012939
289 0 0 0.0134108997881413 0.0928663015365601
288 0 0 0.0135938003659248 0.0923698991537094
287 0 0 0.0137641998007894 0.0919011980295181
286 0 0 0.013922699727118 0.0914599969983101
285 0 0 0.0140693997964263 0.0910459011793137
284 0 0 0.0142048001289368 0.0906585976481438
283 0 0 0.0143293002620339 0.0902979001402855
282 0 0 0.0144431004300714 0.0899636000394821
281 0 0 0.0145466001704335 0.089655302464962
280 0 0 0.014640100300312 0.0893727988004684
279 0 0 0.0147238997742534 0.0891159027814865
278 0 0 0.0147984996438026 0.0888843983411789
277 0 0 0.0148639995604753 0.0886780023574829
276 0 0 0.0149207003414631 0.0884966030716896
275 0 0 0.0149689996615052 0.0883399024605751
274 0 0 0.0150090996176004 0.0882076993584633
273 0 0 0.0150413997471333 0.0880998969078064
272 0 0 0.0150659997016191 0.0880163982510567
271 0 0 0.0150832999497652 0.087957002222538
270 0 0 0.0150934001430869 0.0879215002059937
269 19 22 0.0150966998189688 0.0879098027944565
268 0 0 0.0150966001674533 0.0879101008176804
267 0 0 0.0150923002511263 0.0879259034991264
266 0 0 0.0150816002860665 0.0879653990268707
265 0 0 0.015064699575305 0.08802829682827
264 0 0 0.0150420004501939 0.0881145969033241
263 0 0 0.0150135001167655 0.0882244035601616
262 0 0 0.0149795999750495 0.0883573964238167
261 0 0 0.0149403996765614 0.0885137990117073
260 0 0 0.0148961003869772 0.0886934027075768
259 0 0 0.0148468995466828 0.0888962969183922
258 0 0 0.0147928996011615 0.089122399687767
257 0 0 0.0147344004362822 0.0893717035651207
256 0 0 0.0146716004237533 0.0896444022655487
255 0 0 0.0146044995635748 0.0899403020739555
254 0 0 0.0145333996042609 0.0902595967054367
253 0 0 0.0144584998488426 0.0906021967530251
252 0 0 0.0143798002973199 0.0909683033823967
251 0 0 0.0142975002527237 0.0913579016923904
250 18 24 0.0142117999494076 0.0917709991335869
249 0 0 0.0141227999702096 0.0922077968716621
248 0 0 0.0140306996181607 0.0926683992147446
247 0 0 0.0139354998245835 0.0931527018547058
246 0 0 0.0138374995440245 0.0936610028147697
245 0 0 0.0137366997078061 0.0941933989524841
244 0 0 0.0136332996189594 0.0947498008608818
243 0 0 0.0135273998603225 0.0953306034207344
242 0 0 0.0134191997349262 0.0959355980157852
241 0 0 0.0133085995912552 0.0965652018785477
240 0 0 0.013195900246501 0.0972194001078606
239 0 0 0.0130812004208565 0.0978982970118523
238 0 0 0.0129645997658372 0.0986019968986511
237 0 0 0.0128461001440883 0.0993305966258049
236 0 0 0.0127259995788336 0.100083999335766
235 0 0 0.0126042002812028 0.100863002240658
234 0 0 0.0124810002744198 0.101668000221252
233 0 0 0.0123562999069691 0.10249699652195
232 0 0 0.0122303003445268 0.103353001177311
231 0 0 0.0121031003072858 0.104232996702194
230 0 0 0.0119748003780842 0.105140000581741
229 0 0 0.0118455002084374 0.106072001159191
228 0 0 0.0117153003811836 0.107031002640724
227 0 0 0.0115841999650002 0.10801500082016
226 0 0 0.0114522995427251 0.109025999903679
225 0 0 0.0113198002800345 0.110062003135681
224 0 0 0.0111865997314453 0.111124999821186
223 0 0 0.0110529996454716 0.112214997410774
222 0 0 0.0109189003705978 0.113329999148846
221 0 0 0.0107845002785325 0.114472001791
220 0 0 0.0106496997177601 0.115640997886658
219 0 0 0.0105148004367948 0.116835996508598
218 0 0 0.0103796999901533 0.118056997656822
217 0 0 0.0102444998919964 0.119304999709129
216 0 0 0.0101094003766775 0.120578996837139
215 0 0 0.00997428968548775 0.121880002319813
214 0 0 0.009839310310781 0.123207002878189
213 0 0 0.0097045199945569 0.124560996890068
212 0 0 0.00956996995955706 0.12594099342823
211 0 0 0.00943573005497456 0.127347007393837
210 0 0 0.00930184964090586 0.128780007362366
209 0 0 0.00916837994009256 0.130238994956017
208 0 0 0.00903537031263113 0.131723001599312
207 0 0 0.00890288967639208 0.133233994245529
206 0 0 0.00877097994089127 0.134771004319191
205 0 0 0.00863968022167683 0.136333003640175
204 0 0 0.00850903987884521 0.137921005487442
203 0 0 0.00837911013513803 0.139533996582031
202 0 0 0.00824994035065174 0.141172006726265
201 0 0 0.00812156032770872 0.142836004495621
200 17 24 0.00799401011317968 0.144523993134499
199 0 0 0.00786733999848366 0.146236002445221
198 0 0 0.00774159003049135 0.147973001003265
197 0 0 0.00761678023263812 0.149734005331993
196 0 0 0.00749295996502042 0.151519000530243
195 0 0 0.00737017020583153 0.153327003121376
194 0 0 0.00724841980263591 0.155157998204231
193 0 0 0.00712777022272348 0.15701100230217
192 0 0 0.00700824009254575 0.15888699889183
191 0 0 0.00688986014574766 0.160785004496574
190 0 0 0.00677266018465161 0.16270400583744
189 0 0 0.00665667001157999 0.164644002914429
188 0 0 0.00654193013906479 0.166604995727539
187 0 0 0.00642844988033175 0.168586000800133
186 0 0 0.00631625996902585 0.170586004853249
185 0 0 0.0062053999863565 0.172603994607925
184 0 0 0.00609588995575905 0.174640998244286
183 0 0 0.00598774990066886 0.176696002483368
182 0 0 0.0058810100890696 0.178766995668411
181 0 0 0.00577569007873535 0.180853992700577
180 0 0 0.00567182991653681 0.182955995202065
179 0 0 0.00556943006813526 0.185073003172874
178 0 0 0.00546853989362717 0.187203004956245
177 0 0 0.00536915985867381 0.189346000552177
176 0 0 0.00527133978903294 0.19149999320507
175 0 0 0.00517508015036583 0.193664997816086
174 0 0 0.0050804098136723 0.195839002728462
173 0 0 0.00498735997825861 0.198020994663239
172 0 0 0.00489593995735049 0.200210005044937
171 0 0 0.00480620004236698 0.202405005693436
170 0 0 0.00471812998875976 0.204603999853134
169 0 0 0.00463178008794785 0.206806004047394
168 0 0 0.00454716989770532 0.209010004997253
167 0 0 0.00446431012824178 0.211212992668152
166 0 0 0.00438323011621833 0.213413998484612
165 0 0 0.00430396990850568 0.21561099588871
164 0 0 0.00422652997076511 0.217803001403809
163 0 0 0.00415096012875438 0.219987004995346
162 0 0 0.0040772701613605 0.222160995006561
161 0 0 0.00400548987090588 0.224323004484177
160 0 0 0.00393564021214843 0.22647200524807
159 0 0 0.00386776006780565 0.228603005409241
158 0 0 0.00380187993869185 0.23071500658989
157 0 0 0.00373801006935537 0.232805997133255
156 0 0 0.00367620005272329 0.234871000051498
155 0 0 0.00361645990051329 0.236909002065659
154 0 0 0.00357781001366675 0.238251000642776
153 0 0 0.00354010006412864 0.239577993750572
152 0 0 0.00350335007533431 0.240888997912407
151 0 0 0.00346756004728377 0.242183998227119
150 16 24 0.00343275000341237 0.24345999956131
149 0 0 0.0033989199437201 0.244718000292778
148 0 0 0.00336608989164233 0.245956003665924
147 0 0 0.0033342600800097 0.247172996401787
146 0 0 0.00330345006659627 0.248366996645927
145 0 0 0.00327366008423269 0.249537006020546
144 0 0 0.00324490992352366 0.250683009624481
143 0 0 0.00321720005013049 0.251801997423172
142 0 0 0.00319055002182722 0.252893000841141
141 0 0 0.00316496007144451 0.253955006599426
140 0 0 0.00314044998958707 0.254985988140106
139 0 0 0.00311704003252089 0.255984991788864
138 0 0 0.00309471995569766 0.256951004266739
137 0 0 0.00307352002710104 0.257880985736847
136 0 0 0.0030534400139004 0.258774012327194
135 0 0 0.00303449993953109 0.259627997875214
134 0 0 0.00301670003682375 0.26044100522995
133 0 0 0.00300007010810077 0.26121199131012
132 0 0 0.00298459990881383 0.261938005685806
131 0 0 0.00297031993977726 0.262618988752365
130 0 0 0.00295723997987807 0.26324999332428
129 0 0 0.00294536002911627 0.263832002878189
128 0 0 0.00293470988981426 0.264360994100571
127 0 0 0.00292529002763331 0.264835000038147
126 0 0 0.0029171200003475 0.265251994132996
125 0 0 0.00291020004078746 0.265608996152878
124 0 0 0.00290455995127559 0.265904992818832
123 0 0 0.00290018995292485 0.266137003898621
122 0 0 0.00289713009260595 0.26630300283432
121 0 0 0.00289536989293993 0.266398996114731
120 15 22 0.00289493007585406 0.266422986984253
119 0 0 0.00289493007585406 0.266422986984253
118 0 0 0.00289538991637528 0.266396999359131
117 0 0 0.00289643998257816 0.266337990760803
116 0 0 0.00289809005334973 0.266243994235992
115 0 0 0.00290033989585936 0.266113996505737
114 0 0 0.00290216994471848 0.266007006168365
113 0 0 0.00290428008884192 0.265884011983871
112 0 0 0.00290665007196367 0.265744000673294
111 0 0 0.00290929991751909 0.265587985515594
110 0 0 0.0029122200794518 0.265413999557495
109 0 0 0.00291542010381818 0.265222996473312
108 0 0 0.00291887996718287 0.265013992786407
107 0 0 0.00292262993752956 0.26478698849678
106 0 0 0.00292663997970521 0.264542013406754
105 0 0 0.00293093989603221 0.264277994632721
104 0 0 0.00293550989590585 0.263996005058289
103 0 0 0.00294035999104381 0.263695001602173
102 0 0 0.00294548994861543 0.263374000787735
101 0 0 0.00295090000145137 0.263033986091614
100 14 24 0.00295657990500331 0.262674987316132
99 0 0 0.00296254991553724 0.262295007705688
98 0 0 0.00296880002133548 0.261895000934601
97 0 0 0.0029753299895674 0.261474013328552
96 0 0 0.00298214005306363 0.261031985282898
95 0 0 0.00298922997899354 0.260569989681244
94 0 0 0.00299661001190543 0.260085999965668
93 0 0 0.003004269907251 0.259579986333847
92 0 0 0.00301220989786088 0.259052008390427
91 0 0 0.00302043999545276 0.258502990007401
90 0 0 0.00302893994376063 0.257930994033813
89 0 0 0.00303774001076818 0.257335990667343
88 0 0 0.00304681994020939 0.256718009710312
87 0 0 0.00305617996491492 0.256076991558075
86 0 0 0.00306582008488476 0.255412012338638
85 0 0 0.00307575007900596 0.254723995923996
84 0 0 0.00308595993556082 0.254011988639832
83 0 0 0.00309645989909768 0.253275007009506
82 0 0 0.00310723995789886 0.252514004707336
81 0 0 0.00311830011196434 0.251729011535645
80 0 0 0.00312964990735054 0.250918000936508
79 0 0 0.00314128003083169 0.250081986188889
78 0 0 0.00315319001674652 0.249220997095108
77 0 0 0.00316538009792566 0.248334005475044
76 0 0 0.00317785004153848 0.247420996427536
75 0 0 0.00319060008041561 0.246481999754906
74 0 0 0.00320362998172641 0.245517000555992
73 0 0 0.00321693997830153 0.244525000452995
72 0 0 0.00323053007014096 0.243506997823715
71 0 0 0.00324439001269639 0.242460995912552
70 0 0 0.00325853005051613 0.241387993097305
69 0 0 0.00327293993905187 0.240288004279137
68 0 0 0.00328761991113424 0.239160001277924
67 0 0 0.00330257997848094 0.238004997372627
66 0 0 0.00331779988482594 0.236820995807648
65 0 0 0.00333329988643527 0.235609993338585
64 0 0 0.00334905995987356 0.234369993209839
63 0 0 0.00336508988402784 0.23310199379921
62 0 0 0.00338138011284173 0.231805995106697
61 0 0 0.00339792994782329 0.230480000376701
60 0 0 0.00341474008746445 0.229126006364822
59 0 0 0.00343181006610394 0.227742999792099
58 0 0 0.0034491301048547 0.226330995559692
57 0 0 0.00346670998260379 0.224889993667603
56 0 0 0.00348453992046416 0.223418995738029
55 0 0 0.00350261991843581 0.221919998526573
54 0 0 0.00352094997651875 0.220390006899834
53 0 0 0.0035395200829953 0.21883200109005
52 0 0 0.0035583300050348 0.217243000864983
51 0 0 0.00357737997546792 0.215625002980232
50 13 24 0.00359666999429464 0.213978007435799
49 0 0 0.0036161900497973 0.212301000952721
48 0 0 0.00363593990914524 0.210593998432159
47 0 0 0.00365592003799975 0.208856999874115
46 0 0 0.00367612997069955 0.207091003656387
45 0 0 0.0036965599283576 0.205294996500015
44 0 0 0.00371719989925623 0.20346899330616
43 0 0 0.00373805989511311 0.201612994074821
42 0 0 0.00375912990421057 0.1997279971838
41 0 0 0.00378041993826628 0.197813004255295
40 0 0 0.00380189996212721 0.195868998765945
39 0 0 0.00382358999922872 0.193894997239113
38 0 0 0.00384548003785312 0.191891998052597
37 0 0 0.00386757007800043 0.189859002828598
36 0 0 0.00388984009623528 0.187796995043755
35 0 0 0.0039122998714447 0.185706004500389
34 0 0 0.00393495010212064 0.183586001396179
33 0 0 0.00395778007805347 0.181437000632286
32 0 0 0.00398078002035618 0.17926000058651
31 0 0 0.00400396017357707 0.17705300450325
30 0 0 0.00402730982750654 0.174817994236946
29 0 0 0.00405082013458014 0.17255499958992
28 0 0 0.00407449994236231 0.170264005661011
27 0 0 0.00409833015874028 0.167943999171257
26 0 0 0.0041223200969398 0.165597006678581
25 0 0 0.00414645997807384 0.163222000002861
24 0 0 0.00417074002325535 0.160818994045258
23 0 0 0.00419517001137137 0.158389002084732
22 0 0 0.00421972991898656 0.155931994318962
21 0 0 0.00424442999064922 0.15344899892807
20 0 0 0.00426925998181105 0.150938004255295
19 0 0 0.004294210113585 0.148401007056236
18 0 0 0.0043192901648581 0.145838007330894
17 0 0 0.00434448989108205 0.143249005079269
16 0 0 0.00436981022357941 0.140634998679161
15 0 0 0.00439523020759225 0.137994006276131
14 0 0 0.0044207600876689 0.135328993201256
13 0 0 0.00444639986380935 0.13263900578022
12 0 0 0.00447212997823954 0.12992399930954
11 0 0 0.00449796998873353 0.127184003591537
10 0 0 0.00452389009296894 0.124420002102852
9 0 0 0.0045499000698328 0.121633000671864
8 0 0 0.00457599991932511 0.118821002542973
7 0 0 0.00460217986255884 0.115987002849579
6 0 0 0.00462843989953399 0.113128997385502
5 0 0 0.00465476978570223 0.110248997807503
4 0 0 0.00467236014083028 0.108315996825695
3 0 0 0.00468411017209291 0.107022002339363
2 0 0 0.00469193980097771 0.106156997382641
1 0 0 0.0047023999504745 0.104999996721745
1 0 0 0.0047023999504745 0.104999996721745
2 0 0 0.00471286987885833 0.103840000927448
3 0 0 0.0047207297757268 0.102967999875546
4 0 0 0.00473253009840846 0.101655997335911
5 0 0 0.00475024990737438 0.0996797978878021
6 0 0 0.00477688014507294 0.0966980010271072
7 0 0 0.00480356020852923 0.0936949998140335
8 0 0 0.00483029009774327 0.0906711965799332
9 0 0 0.00485706981271505 0.0876267030835152
10 0 0 0.00488389981910586 0.0845618024468422
11 0 0 0.00491076009348035 0.0814770013093948
12 0 0 0.00493767019361258 0.0783725008368492
13 0 0 0.00496461009606719 0.0752485021948814
14 0 0 0.00499157980084419 0.0721053034067154
15 0 0 0.00501859001815319 0.0689434036612511
16 0 0 0.00504561001434922 0.0657628029584885
17 0 0 0.00507267005741596 0.0625640973448753
18 0 0 0.00509973987936974 0.0593473017215729
19 0 0 0.00512683019042015 0.0561129003763199
20 0 0 0.00515394005924463 0.0528610982000828
21 0 0 0.00518106017261744 0.049592200666666
22 0 0 0.00520817982032895 0.0463064014911652
23 0 0 0.00523531995713711 0.0430041998624802
24 0 0 0.00526246009394526 0.0396857000887394
25 0 0 0.00528960023075342 0.0363513007760048
26 0 0 0.00531673990190029 0.0330011993646622
27 0 0 0.00534388003870845 0.0296358000487089
28 0 0 0.00537100993096828 0.0262551996856928
29 0 0 0.00539813004434109 0.022859800606966
30 0 0 0.00542525015771389 0.0194499008357525
31 0 0 0.00545234978199005 0.0160255990922451
32 0 0 0.00547944009304047 0.0125874001532793
33 0 0 0.00550650991499424 0.00913550984114408
34 0 0 0.00553356017917395 0.00567012978717685
35 0 0 0.00556058995425701 0.00219156011007726
36 0 0 0.00558758992701769 -0.00129992002621293
37 0 0 0.00561458012089133 -0.00480405008420348
38 0 0 0.00564152980223298 -0.00832056999206543
39 0 0 0.00566845992580056 -0.0118492003530264
40 0 0 0.00569535000249743 -0.0153897004202008
41 0 0 0.00572220981121063 -0.0189417991787195
42 0 0 0.00574903981760144 -0.0225051995366812
43 0 0 0.00577582977712154 -0.0260797999799252
44 0 0 0.00580258015543222 -0.0296650994569063
45 0 0 0.00584264006465673 -0.0350629016757011
46 0 0 0.00588259007781744 -0.0404836982488632
47 0 0 0.0059224502183497 -0.0459265001118183
48 0 0 0.00596219999715686 -0.0513907000422478
49 0 0 0.00600183010101318 -0.0568751990795135
50 2 24 0.00604134984314442 -0.0623794011771679
51 0 0 0.00608074991032481 -0.0679024010896683
52 0 0 0.00612000981345773 -0.0734433010220528
53 0 0 0.0061591500416398 -0.079001396894455
54 0 0 0.0061981501057744 -0.0845758989453316
55 0 0 0.00623700022697449 -0.0901658982038498
56 0 0 0.00627571018412709 -0.0957705974578857
57 0 0 0.00631427019834518 -0.101388998329639
58 0 0 0.00635267002508044 -0.107020996510983
59 0 0 0.00639091012999415 -0.112664997577667
60 0 0 0.00644794991239905 -0.121151998639107
61 0 0 0.0065046101808548 -0.12966200709343
62 0 0 0.00656086998060346 -0.138192996382713
63 0 0 0.00661671021953225 -0.14674000442028
64 0 0 0.00667212018743157 -0.155302003026009
65 0 0 0.00672707986086607 -0.163874998688698
66 0 0 0.00678157992660999 -0.172455996274948
67 0 0 0.00683559011667967 -0.18104200065136
68 0 0 0.0069156801328063 -0.193922996520996
69 0 0 0.00699457991868258 -0.206793993711472
70 0 0 0.00707222986966372 -0.219642996788025
71 0 0 0.00714856013655663 -0.232454001903534
72 0 0 0.0072234901599586 -0.245211005210876
73 0 0 0.00729691982269287 -0.257894992828369
74 0 0 0.00736874993890524 -0.270482003688812
75 0 0 0.00743883987888694 -0.282947987318039
76 0 0 0.00750704016536474 -0.295260012149811
77 0 0 0.00757317012175918 -0.307379007339478
78 0 0 0.0076370001770556 -0.319258004426956
79 0 0 0.00769822997972369 -0.33083501458168
80 0 0 0.00775648979470134 -0.342029988765717
81 0 0 0.00781129999086261 -0.352737009525299
82 0 0 0.00786201003938913 -0.362814009189606
83 0 0 0.00790772959589958 -0.372061997652054
84 0 0 0.00794725026935339 -0.380207002162933
85 0 0 0.00797894969582558 -0.386866003274918
86 0 0 0.00800072029232979 -0.391530990600586
87 0 0 0.00801023002713919 -0.393611013889313
88 3 22 0.0080104898661375 -0.393667012453079
89 0 0 0.00800316035747528 -0.392015993595123
90 0 0 0.00798198021948338 -0.38714799284935
91 0 0 0.00794917996972799 -0.379467010498047
92 0 0 0.00790779013186693 -0.369599997997284
93 0 0 0.00786047987639904 -0.358137011528015
94 0 0 0.0078092198818922 -0.345530986785889
95 0 0 0.00775532005354762 -0.332098990678787
96 0 0 0.00769966980442405 -0.318060010671616
97 0 0 0.00764284981414676 -0.303564012050629
98 0 0 0.00758526008576155 -0.288715988397598
99 0 0 0.00752715999260545 -0.273591995239258
100 4 24 0.007468749769032 -0.25824698805809
101 0 0 0.00741015980020165 -0.242721006274223
102 0 0 0.00735147995874286 -0.227047994732857
103 0 0 0.00729278987273574 -0.211250007152557
104 0 0 0.0072341300547123 -0.195346996188164
105 0 0 0.0071755601093173 -0.17935399711132
106 0 0 0.00711708981543779 -0.163284003734589
107 0 0 0.00705876015126705 -0.147146001458168
108 0 0 0.0070005701854825 -0.130950003862381
109 0 0 0.00694253016263247 -0.114702001214027
110 0 0 0.00688466988503933 -0.0984072014689445
111 0 0 0.00682698003947735 -0.0820716023445129
112 0 0 0.00676946016028523 -0.0656993016600609
113 0 0 0.00671212980523705 -0.0492938011884689
114 0 0 0.00665498990565538 -0.0328584015369415
115 0 0 0.00659801997244358 -0.0163959003984928
116 0 0 0.00654124980792403 9.13796975510195E-05
117 0 0 0.00648465007543564 0.0166011992841959
118 0 0 0.00642823986709118 0.0331317000091076
119 0 0 0.00637202011421323 0.0496812015771866
120 0 0 0.00631596986204386 0.0662482008337975
121 0 0 0.006260110065341 0.0828313007950783
122 0 0 0.00620441976934671 0.0994293987751007
123 0 0 0.00614891014993191 0.116040997207165
124 0 0 0.00609357981011271 0.132666006684303
125 0 0 0.00603841990232468 0.149303004145622
126 0 0 0.00598342018201947 0.165950998663902
127 0 0 0.00592860020697117 0.182609006762505
128 0 0 0.00587393995374441 0.199277997016907
129 0 0 0.00581945013254881 0.215955004096031
130 0 0 0.00576512003317475 0.232640996575356
131 0 0 0.00571093987673521 0.249335005879402
132 0 0 0.00565693015232682 0.266036003828049
133 0 0 0.00560306990519166 0.282745003700256
134 0 0 0.0055493600666523 0.299459993839264
135 0 0 0.00549580017104745 0.316181987524033
136 0 0 0.00544239999726415 0.332910001277924
137 0 0 0.00538913998752832 0.349642992019653
138 0 0 0.00533602014183998 0.366382002830505
139 0 0 0.00528304977342486 0.383125990629196
140 0 0 0.00523022003471851 0.399874001741409
141 0 0 0.00517752999439836 0.416626989841461
142 0 0 0.00512498011812568 0.433385014533997
143 0 0 0.00507256016135216 0.450145989656448
144 0 0 0.00502027990296483 0.466912001371384
145 0 0 0.00496811978518963 0.483680993318558
146 0 0 0.00491609983146191 0.500454008579254
147 0 0 0.00483831996098161 0.525618970394135
148 0 0 0.00476081017404795 0.550791025161743
149 0 0 0.00468359002843499 0.575969994068146
150 5 24 0.00460663996636868 0.601154983043671
151 0 0 0.004529959987849 0.626344978809357
152 0 0 0.00445353984832764 0.651540994644165
153 0 0 0.00437738001346588 0.676742017269135
154 0 0 0.00430148001760244 0.701946973800659
155 0 0 0.00422583008185029 0.72715699672699
156 0 0 0.00415043020620942 0.752369999885559
157 0 0 0.00407527014613152 0.77758800983429
158 0 0 0.00400034990161657 0.802809000015259
159 0 0 0.00392566015943885 0.828032970428467
160 0 0 0.00385120999999344 0.853259980678558
161 0 0 0.00377698009833694 0.878489971160889
162 0 0 0.00370298000052571 0.903723001480103
163 0 0 0.00362918991595507 0.928957998752594
164 0 0 0.00355562008917332 0.954195976257324
165 0 0 0.00344567000865936 0.992057025432587
166 0 0 0.00333619001321495 1.02991998195648
167 0 0 0.00322717009112239 1.06779003143311
168 0 0 0.00311858998611569 1.10565996170044
169 0 0 0.00301045994274318 1.14354002475739
170 0 0 0.0029027599375695 1.18141996860504
171 0 0 0.00279546994715929 1.21930003166199
172 0 0 0.00268859998323023 1.25718998908997
173 0 0 0.00258214003406465 1.29507005214691
174 0 0 0.00247607007622719 1.33296000957489
175 0 0 0.00237039010971785 1.37084996700287
176 0 0 0.00226509990170598 1.40875005722046
177 0 0 0.00216017011553049 1.44664001464844
178 0 0 0.00205561006441712 1.48453998565674
179 0 0 0.00195141998119652 1.52242994308472
180 0 0 0.00184757995884866 1.56033003330231
181 0 0 0.00174407998565584 1.59823000431061
182 0 0 0.00164092995692044 1.63612997531891
183 0 0 0.00153810996562243 1.67402994632721
184 0 0 0.00143561000004411 1.71194005012512
185 0 0 0.00133344996720552 1.74984002113342
186 0 0 0.00123159994836897 1.78773999214172
187 0 0 0.00113005994353443 1.82564997673035
188 0 0 0.00102882995270193 1.86355996131897
189 0 0 0.000927900022361428 1.90146005153656
190 0 0 0.000777062028646469 1.95832002162933
191 0 0 0.000626876018941402 2.01518988609314
192 0 0 0.000477327004773542 2.07205009460449
193 0 0 0.000328397989505902 2.12892007827759
194 0 0 0.000180075003299862 2.18578004837036
195 0 0 3.23448002745863E-05 2.24265003204346
196 0 0 -0.00011480700050015 2.29952001571655
197 0 0 -0.000261393986875191 2.35640001296997
198 0 0 -0.000407426996389404 2.41326999664307
199 0 0 -0.000552920973859727 2.47014999389648
200 6 24 -0.0006978859892115 2.5270299911499
201 0 0 -0.000842334004119039 2.58392000198364
202 0 0 -0.000986277009360492 2.64079999923706
203 0 0 -0.00112973002251238 2.6976900100708
204 0 0 -0.00127269001677632 2.75459003448486
205 0 0 -0.00141518004238605 2.8114800453186
206 0 0 -0.00155720999464393 2.86839008331299
207 0 0 -0.00169877998996526 2.92529010772705
208 0 0 -0.00183990004006773 2.98219990730286
209 0 0 -0.00198058993555605 3.03911995887756
210 0 0 -0.00212085992097855 3.09604001045227
211 0 0 -0.00226070010103285 3.15296006202698
212 0 0 -0.00240014004521072 3.20988988876343
213 0 0 -0.00253916997462511 3.26682996749878
214 0 0 -0.00267780991271138 3.32377004623413
215 0 0 -0.00281606009230018 3.3807098865509
216 0 0 -0.00295393005944788 3.4376699924469
217 0 0 -0.00309143005870283 3.4946300983429
218 0 0 -0.00322857010178268 3.55158996582031
219 0 0 -0.0033653499558568 3.60857009887695
220 0 0 -0.00350177008658648 3.66554999351501
221 0 0 -0.00363786006346345 3.7225399017334
222 0 0 -0.00377360009588301 3.77953004837036
223 0 0 -0.00390900997444987 3.83652997016907
224 0 0 -0.004044100176543 3.89354991912842
225 0 0 -0.00417886022478342 3.95056009292603
226 0 0 -0.0043133101426065 4.00758981704712
227 0 0 -0.00444744993001223 4.06463003158569
228 0 0 -0.0045812800526619 4.12166976928711
229 0 0 -0.00471482006832957 4.17871999740601
230 0 0 -0.00484806997701526 4.23577976226807
231 0 0 -0.00498101999983191 4.29285001754761
232 0 0 -0.0051136901602149 4.34992980957031
233 0 0 -0.00524607999250293 4.40701007843018
234 0 0 -0.0053782002069056 4.46410989761353
235 0 0 -0.00551004987210035 4.52121019363403
236 0 0 -0.00564162991940975 4.57832002639771
237 0 0 -0.00577293988317251 4.6354398727417
238 0 0 -0.00590401003137231 4.69257020950317
239 0 0 -0.00603481009602547 4.74971008300781
240 0 0 -0.00616536987945437 4.80685997009277
241 0 0 -0.00629568006843328 4.86401987075806
242 0 0 -0.00642574997618794 4.92117977142334
243 0 0 -0.00655558006837964 4.97836017608643
244 0 0 -0.00668518012389541 5.03554010391235
245 0 0 -0.00681453989818692 5.0927300453186
246 0 0 -0.00694367988035083 5.14993000030518
247 0 0 -0.0070725898258388 5.20713996887207
248 0 0 -0.00720127997919917 5.26435995101929
249 0 0 -0.00732974987477064 5.32158994674683
250 7 24 -0.00745801022276282 5.37881994247437
251 0 0 -0.00758604984730482 5.43605995178223
252 0 0 -0.00777772022411227 5.52194023132324
253 0 0 -0.00796892959624529 5.60784006118774
254 0 0 -0.00815968960523605 5.69375991821289
255 0 0 -0.00834999978542328 5.77968978881836
256 0 0 -0.00853987038135529 5.86564016342163
257 0 0 -0.00872932001948357 5.95161008834839
258 0 0 -0.0089183496311307 6.03760004043579
259 0 0 -0.00910697039216757 6.12360000610352
260 0 0 -0.00929518043994904 6.20960998535156
261 0 0 -0.00948300026357174 6.29565000534058
262 0 0 -0.00967042986303568 6.38169002532959
263 0 0 -0.00985748041421175 6.46775007247925
264 0 0 -0.0100442003458738 6.55383014678955
265 0 0 -0.0102305002510548 6.63992023468018
266 0 0 -0.0104163996875286 6.72601985931396
267 0 0 -0.010602000169456 6.81212997436523
268 0 0 -0.0107872001826763 6.89826011657715
269 0 0 -0.0109721003100276 6.98439979553223
270 0 0 -0.0111566996201873 7.07054996490479
271 0 0 -0.011340900324285 7.15671014785767
272 0 0 -0.0115248002111912 7.24287986755371
273 0 0 -0.0117084002122283 7.32906007766724
274 0 0 -0.0118915997445583 7.41525983810425
275 0 0 -0.0120745999738574 7.50146007537842
276 0 0 -0.0122571997344494 7.58766984939575
277 0 0 -0.0124396001920104 7.67389011383057
278 0 0 -0.0126216001808643 7.76011991500854
279 0 0 -0.0128033999353647 7.846360206604
280 0 0 -0.0129848001524806 7.9326000213623
281 0 0 -0.0131660001352429 8.01885032653809
282 0 0 -0.0133752003312111 8.11857986450195
283 0 0 -0.0135839004069567 8.2183198928833
284 0 0 -0.0137922996655107 8.31805992126465
285 0 0 -0.0140003999695182 8.41781997680664
286 0 0 -0.0142080998048186 8.51758003234863
287 0 0 -0.01441549975425 8.61734962463379
288 0 0 -0.0146225998178124 8.71712017059326
289 0 0 -0.0148293003439903 8.81690979003906
290 0 0 -0.0150357000529766 8.91670036315918
291 0 0 -0.0152417998760939 9.01650047302246
292 0 0 -0.0154475998133421 9.11629962921143
293 0 0 -0.0156530998647213 9.21611022949219
294 0 0 -0.0158583000302315 9.31593036651611
295 0 0 -0.0160632003098726 9.41574954986572
296 0 0 -0.0162678007036448 9.51556968688965
297 0 0 -0.0164720993489027 9.61540985107422
298 0 0 -0.0166762005537748 9.71523952484131
299 0 0 -0.0168798994272947 9.81507968902588
300 8 24 -0.0170834995806217 9.91493034362793
301 0 0 -0.0172866992652416 10.0148000717163
302 0 0 -0.0174896996468306 10.1146001815796
303 0 0 -0.0176925007253885 10.2145004272461
304 0 0 -0.0178950000554323 10.3142995834351
305 0 0 -0.0180971994996071 10.4141998291016
306 0 0 -0.0182991996407509 10.5141000747681
307 0 0 -0.0185010004788637 10.6139001846313
308 0 0 -0.0187026001513004 10.7138004302979
309 0 0 -0.0189038999378681 10.81369972229
310 0 0 -0.0191050004214048 10.9135999679565
311 0 0 -0.0193058997392654 11.013500213623
312 0 0 -0.0195065997540951 11.1133003234863
313 0 0 -0.0197069998830557 11.2131996154785
314 0 0 -0.0199072994291782 11.313099861145
315 0 0 -0.0201072990894318 11.4130001068115
316 0 0 -0.0203072000294924 11.512900352478
317 0 0 -0.0205067992210388 11.6127996444702
318 0 0 -0.0207062996923923 11.7126998901367
319 0 0 -0.0209055002778769 11.8126001358032
320 0 0 -0.0211046002805233 11.9125003814697
321 0 0 -0.0213034991174936 12.0123996734619
322 0 0 -0.0215022005140781 12.1122999191284
323 0 0 -0.0217007007449865 12.2122001647949
324 0 0 -0.0218991003930569 12.3121004104614
325 0 0 -0.0220973007380962 12.4119997024536
326 0 0 -0.0222952999174595 12.5120000839233
327 0 0 -0.0224932003766298 12.6119003295898
328 0 0 -0.0226908996701241 12.711799621582
329 0 0 -0.0228883996605873 12.8116998672485
330 0 0 -0.0230858009308577 12.911600112915
331 0 0 -0.0232829991728067 13.0115003585815
332 0 0 -0.0234801005572081 13.111499786377
333 0 0 -0.0236770007759333 13.2114000320435
334 0 0 -0.0238738004118204 13.31130027771
335 0 0 -0.0240704007446766 13.4111995697021
336 0 0 -0.0242669004946947 13.5111999511719
337 0 0 -0.0244632996618748 13.6111001968384
338 0 0 -0.0246594995260239 13.7110004425049
339 0 0 -0.02485560066998 13.8108997344971
340 0 0 -0.0250515006482601 13.9109001159668
341 0 0 -0.0252473000437021 14.0108003616333
342 0 0 -0.0254430007189512 14.1106996536255
343 0 0 -0.0256386008113623 14.2107000350952
344 0 0 -0.0258339997380972 14.3106002807617
345 0 0 -0.0260292999446392 14.4105997085571
346 0 0 -0.0262244995683432 14.5104999542236
347 0 0 -0.0264196004718542 14.6104001998901
348 0 0 -0.0266146007925272 14.7103996276855
349 0 0 -0.0268093999475241 14.8102998733521
350 9 24 -0.0270041991025209 14.9103002548218
351 0 0 -0.027198800817132 15.010199546814
352 0 0 -0.0273934006690979 15.1100997924805
353 0 0 -0.0275877993553877 15.2101001739502
354 0 0 -0.0277820993214846 15.3100004196167
355 0 0 -0.0279763005673885 15.4099998474121
356 0 0 -0.0281703993678093 15.5099000930786
357 0 0 -0.0283643994480371 15.6099004745483
358 0 0 -0.028558399528265 15.7097997665405
359 0 0 -0.0287522003054619 15.8098001480103
360 0 0 -0.0289459004998207 15.9097003936768
361 0 0 -0.0291396006941795 16.0097007751465
362 0 0 -0.0293330997228622 16.1096000671387
363 0 0 -0.0295266006141901 16.2096004486084
364 0 0 -0.0297199003398418 16.3096008300781
365 0 0 -0.0299132000654936 16.4095001220703
366 0 0 -0.0301063992083073 16.50950050354
367 0 0 -0.030299499630928 16.6093997955322
368 0 0 -0.0304926000535488 16.709400177002
369 0 0 -0.0306854993104935 16.8092994689941
370 0 0 -0.0308784004300833 16.9092998504639
371 0 0 -0.0310711991041899 17.0093002319336
372 0 0 -0.0312638990581036 17.1091995239258
373 0 0 -0.0314566008746624 17.2091999053955
374 0 0 -0.0316491015255451 17.3090991973877
375 0 0 -0.0318415984511375 17.4090995788574
376 0 0 -0.0320340991020203 17.5090999603271
377 0 0 -0.0322263985872269 17.6089992523193
378 0 0 -0.0324187017977238 17.7089996337891
379 0 0 -0.0326109007000923 17.8090000152588
380 0 0 -0.0328030996024609 17.908899307251
381 0 0 -0.0329952016472816 18.0088996887207
382 0 0 -0.0331871993839741 18.1089000701904
383 0 0 -0.0333792008459568 18.2087993621826
384 0 0 -0.0335710011422634 18.3087997436523
385 0 0 -0.0337628982961178 18.4088001251221
386 0 0 -0.0339546985924244 18.5088005065918
387 0 0 -0.0341463983058929 18.608699798584
388 0 0 -0.0343380011618137 18.7087001800537
389 0 0 -0.0345296002924442 18.8087005615234
390 0 0 -0.0347211994230747 18.9085998535156
391 0 0 -0.0349127016961575 19.0086002349854
392 0 0 -0.0351040996611118 19.1086006164551
393 0 0 -0.0352955013513565 19.2085990905762
394 0 0 -0.0354867987334728 19.308500289917
395 0 0 -0.0356780998408794 19.4085006713867
396 0 0 -0.035869300365448 19.5084991455078
397 0 0 -0.0360605008900166 19.6084995269775
398 0 0 -0.0362516008317471 19.7084007263184
399 0 0 -0.0364427007734776 19.8083992004395
400 10 24 -0.03663370013237 19.9083995819092
401 0 0 -0.0368246994912624 20.0083999633789
402 0 0 -0.0370155982673168 20.1084003448486
403 0 0 -0.0372065007686615 20.2082996368408
404 0 0 -0.0373972989618778 20.3083000183105
405 0 0 -0.0375881008803844 20.4083003997803
406 0 0 -0.0377788990736008 20.50830078125
407 0 0 -0.0379696004092693 20.6082992553711
408 0 0 -0.0381602011620998 20.7082004547119
409 0 0 -0.0383508987724781 20.8082008361816
410 0 0 -0.0385414995253086 20.9081993103027
411 0 0 -0.0387319996953011 21.0081996917725
412 0 0 -0.0389224998652935 21.1082000732422
413 0 0 -0.0391130000352859 21.2082004547119
414 0 0 -0.0393033996224403 21.3080997467041
415 0 0 -0.0394937992095947 21.4081001281738
416 0 0 -0.0396840982139111 21.5081005096436
417 0 0 -0.0398745015263557 21.6081008911133
418 0 0 -0.040064699947834 21.7080993652344
419 0 0 -0.0402549989521503 21.8080997467041
420 0 0 -0.0404452010989189 21.9081001281738
421 0 0 -0.0406353995203972 22.007999420166
422 0 0 -0.0408255010843277 22.1079998016357
423 0 0 -0.0410155989229679 22.2080001831055
424 0 0 -0.0412057004868984 22.3080005645752
425 0 0 -0.0413957014679909 22.4080009460449
426 0 0 -0.041585698723793 22.507999420166
427 0 0 -0.0417756997048855 22.6079998016357
428 0 0 -0.0419657006859779 22.7080001831055
429 0 0 -0.0421556010842323 22.8078994750977
430 0 0 -0.0423455014824867 22.9078998565674
431 0 0 -0.0425353012979031 23.0079002380371
432 0 0 -0.0427252016961575 23.1079006195068
433 0 0 -0.0429150015115738 23.2078990936279
434 0 0 -0.0431047007441521 23.3078994750977
435 0 0 -0.0432945005595684 23.4078998565674
436 0 0 -0.0434841997921467 23.5079002380371
437 0 0 -0.043673899024725 23.6079006195068
438 0 0 -0.0438635013997555 23.7078990936279
439 0 0 -0.0440532006323338 23.8078002929688
440 0 0 -0.044242799282074 23.9078006744385
441 0 0 -0.0444324016571045 24.0077991485596
442 0 0 -0.0446218997240067 24.1077995300293
443 0 0 -0.0448114983737469 24.207799911499
444 0 0 -0.0450010001659393 24.3078002929688
445 0 0 -0.0451904982328415 24.4078006744385
446 0 0 -0.0453798994421959 24.5077991485596
447 0 0 -0.0455694012343884 24.6077995300293
448 0 0 -0.0457587987184525 24.707799911499
449 0 0 -0.0459481999278069 24.8078002929688
450 11 24 -0.0461375005543232 24.9078006744385
451 0 0 -0.0463269017636776 25.0076999664307
452 0 0 -0.0465161986649036 25.1077003479004
453 0 0 -0.04670549929142 25.2077007293701
454 0 0 -0.0468947999179363 25.3076992034912
455 0 0 -0.0470841005444527 25.4076995849609
456 0 0 -0.047273300588131 25.5076999664307
457 0 0 -0.0474625006318092 25.6077003479004
458 0 0 -0.0476517006754875 25.7077007293701
459 0 0 -0.0478409007191658 25.8076992034912
460 0 0 -0.0480301007628441 25.9076995849609
461 0 0 -0.0482192002236843 26.0076999664307
462 0 0 -0.0484084002673626 26.1077003479004
463 0 0 -0.0485974997282028 26.2077007293701
464 0 0 -0.048786498606205 26.3076992034912
465 0 0 -0.0489756017923355 26.4076995849609
466 0 0 -0.0491647012531757 26.5076999664307
467 0 0 -0.0493537001311779 26.6075992584229
468 0 0 -0.0495426990091801 26.7075996398926
469 0 0 -0.0497317016124725 26.8076000213623
470 0 0 -0.0499207004904747 26.907600402832
471 12 29 -0.0501096993684769 27.0076007843018
