197 31 29 -0.0505314990878105 -0.114410996437073
196 0 0 -0.0489391982555389 -0.102283000946045
195 0 0 -0.0473188981413841 -0.0915535017848015
194 0 0 -0.0456789992749691 -0.0820050984621048
193 0 0 -0.0440263003110886 -0.0734518021345139
192 0 0 -0.042366299778223 -0.0657384991645813
191 0 0 -0.0407034009695053 -0.058736901730299
190 0 0 -0.0390410013496876 -0.0523408018052578
189 0 0 -0.0373816005885601 -0.0464622005820274
188 0 0 -0.0357272997498512 -0.0410280004143715
187 0 0 -0.0340794995427132 -0.0359771996736526
186 0 0 -0.032439298927784 -0.0312586985528469
185 0 0 -0.0308072008192539 -0.0268293004482985
184 0 0 -0.0291836000978947 -0.0226527005434036
183 0 0 -0.0275686997920275 -0.0186979994177818
182 0 0 -0.0259624999016523 -0.0149387996643782
181 0 0 -0.0243645999580622 -0.0113524002954364
180 0 0 -0.022775100544095 -0.0079195499420166
179 0 0 -0.0211934000253677 -0.00462340982630849
178 0 0 -0.0196193996816874 -0.00144949997775257
177 0 0 -0.018052700906992 0.00161478004883975
176 0 0 -0.0164930000901222 0.00458039017394185
175 0 0 -0.0149400001391768 0.00745692010968924
174 0 0 -0.0133935995399952 0.0102527998387814
173 0 0 -0.0118533996865153 0.0129752997308969
172 0 0 -0.0103192999958992 0.0156309008598328
171 0 0 -0.00879130978137255 0.0182252991944551
170 0 0 -0.00726930983364582 0.0207634996622801
169 0 0 -0.00575334997847676 0.0232497993856668
168 0 0 -0.00424354989081621 0.025688000023365
167 0 0 -0.00274011003784835 0.0280815009027719
166 0 0 -0.00124333996791393 0.0304329991340637
165 0 0 0.000246359995799139 0.032744999974966
164 0 0 0.00172844994813204 0.035019401460886
163 0 0 0.00320223998278379 0.0372577011585236
162 0 0 0.00466689001768827 0.0394611991941929
161 0 0 0.00612132996320724 0.0416305996477604
160 0 0 0.00756428018212318 0.0437658987939358
159 0 0 0.00899413973093033 0.0458669997751713
158 0 0 0.0104090003296733 0.0479330010712147
157 0 0 0.0118065001443028 0.0499623008072376
156 0 0 0.013183799572289 0.051952600479126
155 0 0 0.0145372999832034 0.0539007000625134
154 0 0 0.0158629007637501 0.0558021999895573
153 0 0 0.0171553008258343 0.057651299983263
152 0 0 0.0184083003550768 0.0594407990574837
151 0 0 0.0196141991764307 0.0611612983047962
150 30 24 0.0207640994340181 0.0628015995025635
149 0 0 0.0218476001173258 0.0643479973077774
148 0 0 0.0228528007864952 0.0657849013805389
147 0 0 0.0237668994814157 0.0670948028564453
146 0 0 0.0245770998299122 0.0682597979903221
145 0 0 0.025271600112319 0.0692626014351845
144 0 0 0.0258411001414061 0.0700891017913818
143 0 0 0.0262800008058548 0.070730097591877
142 0 0 0.026587400585413 0.0711821019649506
141 0 0 0.0267667006701231 0.0714477971196175
140 29 22 0.0268251001834869 0.0715349018573761
139 0 0 0.0268147997558117 0.0715193971991539
138 0 0 0.026715999469161 0.0713696032762527
137 0 0 0.0265213996171951 0.0710719972848892
136 0 0 0.0262419003993273 0.0706401988863945
135 0 0 0.0258878003805876 0.0700874999165535
134 0 0 0.0254683997482061 0.0694257989525795
133 0 0 0.0249920003116131 0.0686658024787903
132 0 0 0.0244658999145031 0.067816898226738
131 0 0 0.023896399885416 0.0668874010443687
130 0 0 0.0232891999185085 0.0658843964338303
129 0 0 0.0226491000503302 0.0648140013217926
128 0 0 0.0219803005456924 0.0636816993355751
127 0 0 0.0212865006178617 0.062492098659277
126 0 0 0.0205710008740425 0.0612492002546787
125 0 0 0.0198366995900869 0.0599566996097565
124 0 0 0.0190861001610756 0.0586175993084908
123 0 0 0.0183215998113155 0.057234700769186
122 0 0 0.0175452996045351 0.0558106005191803
121 0 0 0.0167592000216246 0.054347600787878
120 0 0 0.015964899212122 0.0528476014733315
119 0 0 0.0151640996336937 0.0513128004968166
118 0 0 0.0143584003672004 0.0497447997331619
117 0 0 0.0135492999106646 0.0481454990804195
116 0 0 0.012738199904561 0.0465166009962559
115 0 0 0.0119262998923659 0.0448599010705948
114 0 0 0.0111151002347469 0.0431771017611027
113 0 0 0.0103059001266956 0.0414699986577034
112 0 0 0.00949985999614 0.0397405996918678
111 0 0 0.00869833026081324 0.0379908010363579
110 0 0 0.00790255982428789 0.0362228006124496
109 0 0 0.00711383996531367 0.0344389006495476
108 0 0 0.00633346987888217 0.03264170140028
107 0 0 0.00556275993585587 0.030833899974823
106 0 0 0.00480304006487131 0.0290185008198023
105 0 0 0.00405566021800041 0.0271987002342939
104 0 0 0.00332198990508914 0.0253781992942095
103 0 0 0.00260343006812036 0.0235607996582985
102 0 0 0.00190139003098011 0.0217508003115654
101 0 0 0.00121730996761471 0.0199526995420456
100 28 24 0.000552623998373747 0.0181715004146099
99 0 0 -9.12153991521336E-05 0.0164123997092247
98 0 0 -0.000712758977897465 0.0146810999140143
97 0 0 -0.00131057004909962 0.0129835996776819
96 0 0 -0.00188322004396468 0.0113260997459292
95 0 0 -0.00242934003472328 0.00971528980880976
94 0 0 -0.00294759008102119 0.00815782975405455
93 0 0 -0.00343668996356428 0.00666067004203796
92 0 0 -0.00389543990604579 0.00523079000413418
91 0 0 -0.0043227500282228 0.00387516990303993
90 0 0 -0.00471762008965015 0.00260067009367049
89 0 0 -0.00507918000221252 0.00141393998637795
88 0 0 -0.00540672009810805 0.000321285013342276
87 0 0 -0.00569968018680811 -0.000671410991344601
86 0 0 -0.00595763977617025 -0.00155879999510944
85 0 0 -0.00618038000538945 -0.00233617005869746
84 0 0 -0.00636783987283707 -0.00299947010353208
83 0 0 -0.00652011996135116 -0.00354544003494084
82 0 0 -0.00663750991225243 -0.00397157017141581
81 0 0 -0.00672043999657035 -0.00427614012733102
80 0 0 -0.00676948018372059 -0.00445823976770043
79 0 0 -0.00678532989695668 -0.00451765023171902
78 0 0 -0.00678463978692889 -0.00451504997909069
77 0 0 -0.00677728978917003 -0.004487169906497
76 0 0 -0.00676199980080128 -0.00442891987040639
75 0 0 -0.00673888018354774 -0.00434046983718872
74 0 0 -0.00670805992558599 -0.00422202004119754
73 0 0 -0.00666966009885073 -0.00407380983233452
72 0 0 -0.00662381015717983 -0.00389609998092055
71 0 0 -0.00657064002007246 -0.00368918990716338
70 0 0 -0.00651028007268906 -0.00345339998602867
69 0 0 -0.00644287001341581 -0.00318904989399016
68 0 0 -0.00636855000630021 -0.0028965100646019
67 0 0 -0.00628744997084141 -0.00257612997666001
66 0 0 -0.00619971007108688 -0.00222832011058927
65 0 0 -0.0061054602265358 -0.00185344996862113
64 0 0 -0.00600484013557434 -0.00145195005461574
63 0 0 -0.00589798996224999 -0.0010242200223729
62 0 0 -0.00578504987061024 -0.000570675998460501
61 0 0 -0.00566614000126719 -9.1751899162773E-05
60 0 0 -0.00554140983149409 0.000412127992603928
59 0 0 -0.00541099021211267 0.000940533995162696
58 0 0 -0.00527499988675117 0.00149302999489009
57 0 0 -0.00513357017189264 0.00206919992342591
56 0 0 -0.00498685007914901 0.00266860006377101
55 0 0 -0.00483494019135833 0.00329080992378294
54 0 0 -0.0046779802069068 0.00393539993092418
53 0 0 -0.00451610004529357 0.00460194982588291
52 0 0 -0.00434941006824374 0.00529003981500864
51 0 0 -0.00417802995070815 0.00599924987182021
50 27 24 -0.00400209985673428 0.00672915996983647
49 0 0 -0.00382171990349889 0.00747937010601163
48 0 0 -0.00363700999878347 0.00824947003275156
47 0 0 -0.00344810006208718 0.00903904996812344
46 0 0 -0.00325509998947382 0.00984770990908146
45 0 0 -0.00305812992155552 0.0106750000268221
44 0 0 -0.00285729998722672 0.0115205999463797
43 0 0 -0.0026527401059866 0.0123840998858213
42 0 0 -0.00244454992935061 0.0132651003077626
41 0 0 -0.00223286007530987 0.0141631001606584
40 0 0 -0.00201778998598456 0.0150777995586395
39 0 0 -0.00179946003481746 0.0160086993128061
38 0 0 -0.00157799001317471 0.0169555004686117
37 0 0 -0.00135349004995078 0.0179178006947041
36 0 0 -0.00112610997166485 0.0188950002193451
35 0 0 -0.000895957986358553 0.0198867991566658
34 0 0 -0.000663171987980604 0.0208928007632494
33 0 0 -0.000427885010140017 0.0219123996794224
32 0 0 -0.000190232996828854 0.022945299744606
31 0 0 4.96432003274094E-05 0.0239908993244171
30 0 0 0.00029159800033085 0.0250487998127937
29 0 0 0.000535482016857713 0.0261183008551598
28 0 0 0.000781140988692641 0.027199100703001
27 0 0 0.0010284100426361 0.0282905008643866
26 0 0 0.00119407998863608 0.0290238000452518
25 0 0 0.00136033003218472 0.0297612994909286
24 0 0 0.00152713002171367 0.0305029004812241
23 0 0 0.00169440999161452 0.0312485005706549
22 0 0 0.00186213001143187 0.031997699290514
21 0 0 0.00203021010383964 0.0327504985034466
20 0 0 0.00219862000085413 0.0335065014660358
19 0 0 0.00236727995797992 0.0342656001448631
18 0 0 0.0025361399166286 0.0350276008248329
17 0 0 0.00270512001588941 0.035792101174593
16 0 0 0.00287416996434331 0.0365591011941433
15 0 0 0.00304321991279721 0.0373281016945839
14 0 0 0.00321219000034034 0.0380989015102386
13 0 0 0.00338100991211832 0.0388712994754314
12 0 0 0.00354962004348636 0.0396449007093906
11 0 0 0.00371792004443705 0.0404195003211498
10 0 0 0.00388585007749498 0.0411946997046471
9 0 0 0.0040533198043704 0.0419701002538204
8 0 0 0.00422023981809616 0.0427456013858318
7 0 0 0.00438652979210019 0.043520599603653
6 0 0 0.00449698977172375 0.0440367981791496
5 0 0 0.00457043992355466 0.0443807989358902
4 0 0 0.00461931014433503 0.0446099005639553
3 0 0 0.00465185008943081 0.0447626002132893
2 0 0 0.004673529881984 0.0448644012212753
1 0 0 0.0047023999504745 0.0450000017881393
1 0 0 0.0047023999504745 0.0450000017881393
2 0 0 0.00473124999552965 0.0451355986297131
3 0 0 0.00475287018343806 0.0452372990548611
4 0 0 0.00478526996448636 0.0453897006809711
5 0 0 0.00483379000797868 0.0456181988120079
6 0 0 0.00490640988573432 0.0459606982767582
7 0 0 0.00501496018841863 0.0464735999703407
8 0 0 0.0051230201497674 0.046985499560833
9 0 0 0.00523055018857121 0.0474960990250111
10 0 0 0.00533752981573343 0.048005398362875
11 0 0 0.00544393016025424 0.0485132001340389
12 0 0 0.00554969999939203 0.0490192994475365
13 0 0 0.00565481977537274 0.0495235994458199
14 0 0 0.00575924990698695 0.050025898963213
15 0 0 0.00586296012625098 0.050526101142168
16 0 0 0.00596590014174581 0.0510239005088806
17 0 0 0.00606804015114903 0.051519300788641
18 0 0 0.00616934010758996 0.052012000232935
19 0 0 0.00626977020874619 0.0525018014013767
20 0 0 0.00636926991865039 0.0529885999858379
21 0 0 0.00646782014518976 0.0534721985459328
22 0 0 0.006565370131284 0.0539521984755993
23 0 0 0.00666187983006239 0.0544285997748375
24 0 0 0.00675729988142848 0.0549011006951332
25 0 0 0.00685158977285028 0.0553695000708103
26 0 0 0.00694470014423132 0.0558334998786449
27 0 0 0.00703659979626536 0.056292999535799
28 0 0 0.00712721981108189 0.0567476004362106
29 0 0 0.00721652992069721 0.0571971982717514
30 0 0 0.00730447983369231 0.0576413981616497
31 0 0 0.00739100994542241 0.0580799989402294
32 0 0 0.00747608998790383 0.0585126988589764
33 0 0 0.00755965011194348 0.0589391998946667
34 0 0 0.00764164002612233 0.0593594014644623
35 0 0 0.00772202014923096 0.0597727000713348
36 0 0 0.00780072016641498 0.0601789988577366
37 0 0 0.007877710275352 0.0605778992176056
38 0 0 0.00795290991663933 0.0609691999852657
39 0 0 0.00802628975361586 0.0613523982465267
40 0 0 0.00809777993708849 0.0617274008691311
41 0 0 0.00816731993108988 0.0620936006307602
42 0 0 0.00823486968874931 0.0624506995081902
43 0 0 0.00830036029219627 0.0627985000610352
44 0 0 0.00836373958736658 0.063136599957943
45 0 0 0.00842494983226061 0.0634645000100136
46 0 0 0.00848393980413675 0.0637819021940231
47 0 0 0.00854063965380192 0.0640883967280388
48 0 0 0.00859501026570797 0.0643837004899979
49 0 0 0.00864699017256498 0.0646672025322914
50 2 24 0.00869651976972818 0.0649387016892433
51 0 0 0.00874354969710112 0.0651978030800819
52 0 0 0.00878801010549068 0.0654439032077789
53 0 0 0.00882987026125193 0.0656768009066582
54 0 0 0.00886906962841749 0.0658959969878197
55 0 0 0.00890555046498775 0.066100999712944
56 0 0 0.00893925968557596 0.0662915036082268
57 0 0 0.00897017028182745 0.0664670988917351
58 0 0 0.00899821985512972 0.0666273012757301
59 0 0 0.00902335997670889 0.0667717009782791
60 0 0 0.00904555991292 0.0668999031186104
61 0 0 0.00906477961689234 0.0670114979147911
62 0 0 0.00908097997307777 0.0671060979366302
63 0 0 0.00909413024783134 0.0671833008527756
64 0 0 0.00910418014973402 0.0672428011894226
65 0 0 0.0091111296787858 0.0672840029001236
66 0 0 0.00911493971943855 0.0673068016767502
67 3 22 0.00911572016775608 0.0673115029931068
68 0 0 0.00911409966647625 0.0673016980290413
69 0 0 0.00910928007215261 0.0672724023461342
70 0 0 0.00910128001123667 0.0672233030200005
71 0 0 0.00909006968140602 0.067154198884964
72 0 0 0.00907566025853157 0.0670647993683815
73 0 0 0.00905804987996817 0.0669547989964485
74 0 0 0.0090372497215867 0.0668238997459412
75 0 0 0.0090132700279355 0.0666719973087311
76 0 0 0.00898613035678864 0.0664988979697227
77 0 0 0.00895585957914591 0.0663044005632401
78 0 0 0.00892248004674911 0.0660884976387024
79 0 0 0.00888602994382381 0.0658508986234665
80 0 0 0.00884652975946665 0.0655917003750801
81 0 0 0.00880405027419329 0.0653107017278671
82 0 0 0.00875862035900354 0.0650079995393753
83 0 0 0.00871030986309052 0.0646836012601852
84 0 0 0.00865915976464748 0.0643375962972641
85 0 0 0.00860525015741587 0.0639700964093208
86 0 0 0.00854863971471786 0.0635811015963554
87 0 0 0.00848940014839172 0.0631709024310112
88 0 0 0.00842761993408203 0.0627397000789642
89 0 0 0.00836336985230446 0.0622875988483429
90 0 0 0.00829674955457449 0.0618150010704994
91 0 0 0.00822782982140779 0.0613222010433674
92 0 0 0.00815672986209393 0.060809500515461
93 0 0 0.00808352045714855 0.0602773986756802
94 0 0 0.00800831988453865 0.0597261004149914
95 0 0 0.00793122034519911 0.0591562017798424
96 0 0 0.0078523401170969 0.0585681013762951
97 0 0 0.00777177000418305 0.0579624995589256
98 0 0 0.00768963014706969 0.0573397018015385
99 0 0 0.00760604022070765 0.0567004010081291
100 4 24 0.00752109009772539 0.056045301258564
101 0 0 0.00743491994217038 0.055374801158905
102 0 0 0.00734762009233236 0.0546897985041142
103 0 0 0.00725931022316217 0.053990799933672
104 0 0 0.00717011978849769 0.053278598934412
105 0 0 0.00708014983683825 0.0525537990033627
106 0 0 0.00698950979858637 0.0518173016607761
107 0 0 0.00689831003546715 0.051069799810648
108 0 0 0.00680667022243142 0.0503120012581348
109 0 0 0.00671469978988171 0.0495448000729084
110 0 0 0.00662249000743032 0.048768799751997
111 0 0 0.00653014983981848 0.0479849018156528
112 0 0 0.00643779011443257 0.0471937991678715
113 0 0 0.00634548999369144 0.0463964007794857
114 0 0 0.00625335006043315 0.045593399554491
115 0 0 0.00616146996617317 0.0447854995727539
116 0 0 0.0060699200257659 0.0439735986292362
117 0 0 0.0059787998907268 0.0431584008038044
118 0 0 0.00588817009702325 0.0423405990004539
119 0 0 0.00579812005162239 0.0415209010243416
120 0 0 0.00570870004594326 0.0406999997794628
121 0 0 0.00561999017372727 0.0398785993456841
122 0 0 0.00553205003961921 0.0390572994947433
123 0 0 0.00544492993503809 0.0382366999983788
124 0 0 0.00535868993028998 0.0374175012111664
125 0 0 0.0052733700722456 0.036600299179554
126 0 0 0.00518900994211435 0.035785399377346
127 0 0 0.00510565983131528 0.0349735990166664
128 0 0 0.00502334022894502 0.0341651998460293
129 0 0 0.00494208978489041 0.0333607010543346
130 0 0 0.00486194016411901 0.0325605012476444
131 0 0 0.00478290021419525 0.0317650996148586
132 0 0 0.00470500020310283 0.0309747997671366
133 0 0 0.00462824990972877 0.0301898997277021
134 0 0 0.00455266004428267 0.0294106993824244
135 0 0 0.00447825016453862 0.0286375992000103
136 0 0 0.00440501002594829 0.027870699763298
137 0 0 0.00433296011760831 0.0271102990955114
138 0 0 0.00426209019497037 0.0263567008078098
139 0 0 0.0041924100369215 0.0256098993122578
140 0 0 0.00412390008568764 0.0248702000826597
141 0 0 0.00405657012015581 0.0241376999765635
142 0 0 0.0039904098957777 0.023412499576807
143 0 0 0.00392541009932756 0.0226946007460356
144 0 0 0.00386156002059579 0.0219842996448278
145 0 0 0.00379884010180831 0.0212814994156361
146 0 0 0.00373725988902152 0.0205863006412983
147 0 0 0.00367678003385663 0.0198986995965242
148 0 0 0.00361740007065237 0.0192187000066042
149 0 0 0.00355909997597337 0.0185464005917311
150 5 24 0.0035018699709326 0.0178817007690668
151 0 0 0.00344568002037704 0.0172246005386114
152 0 0 0.00339052989147604 0.0165752004832029
153 0 0 0.00333639001473784 0.0159332007169724
154 0 0 0.00328325992450118 0.0152986999601126
155 0 0 0.00323109002783895 0.0146717000752687
156 0 0 0.00317989010363817 0.0140520995482802
157 0 0 0.00312963989563286 0.0134397996589541
158 0 0 0.00308030005544424 0.0128346998244524
159 0 0 0.00303187989629805 0.012236800044775
160 0 0 0.00298433005809784 0.0116459997370839
161 0 0 0.0029376600869 0.0110622001811862
162 0 0 0.00289183994755149 0.0104852998629212
163 0 0 0.00284685008227825 0.00991525966674089
164 0 0 0.00280268001370132 0.00935191009193659
165 0 0 0.00275930995121598 0.00879519991576672
166 0 0 0.00271671009249985 0.00824502017349005
167 0 0 0.00267487997189164 0.00770126981660724
168 0 0 0.00263379001989961 0.00716385990381241
169 0 0 0.00259342999197543 0.00663268007338047
170 0 0 0.00255379010923207 0.00610763020813465
171 0 0 0.00251484010368586 0.00558861019089818
172 0 0 0.00247656996361911 0.00507551990449429
173 0 0 0.00243896991014481 0.00456824991852045
174 0 0 0.00240201991982758 0.00406670989468694
175 0 0 0.00236570998094976 0.00357078993692994
176 0 0 0.00233001005835831 0.00308038992807269
177 0 0 0.00229491991922259 0.00259539997205138
178 0 0 0.00226043001748621 0.0021157399751246
179 0 0 0.00222652009688318 0.00164130004122853
180 0 0 0.00219316990114748 0.00117198005318642
181 0 0 0.00216036988422275 0.000707690021954477
182 0 0 0.00212812004610896 0.000248327007284388
183 0 0 0.00209638988599181 -0.000206199998501688
184 0 0 0.00206518010236323 -0.000655986019410193
185 0 0 0.00203446997329593 -0.00110112002585083
186 0 0 0.00200425996445119 -0.00154169998131692
187 0 0 0.00197453005239367 -0.0019778199493885
188 0 0 0.00194526999257505 -0.00240954989567399
189 0 0 0.00191647000610828 -0.00283699994906783
190 0 0 0.00188811996486038 -0.00326023995876312
191 0 0 0.00186020997352898 -0.00367936003021896
192 0 0 0.00183273002039641 -0.00409444002434611
193 0 0 0.00180566997732967 -0.00450557004660368
194 0 0 0.00177901994902641 -0.00491282995790243
195 0 0 0.00175278005190194 -0.00531629985198379
196 0 0 0.00172693002969027 -0.00571605004370213
197 0 0 0.00170145998708904 -0.00611216016113758
198 0 0 0.00167637004051358 -0.00650470983237028
199 0 0 0.00165164994541556 -0.00689378008246422
200 6 24 0.00162728002760559 -0.00727943005040288
201 0 0 0.0016032699495554 -0.00766173982992768
202 0 0 0.00157961004879326 -0.00804076995700598
203 0 0 0.00155627995263785 -0.00841660983860493
204 0 0 0.00153329002205282 -0.00878931023180485
205 0 0 0.0015106099890545 -0.00915895029902458
206 0 0 0.00148825999349356 -0.00952558964490891
207 0 0 0.00146621000021696 -0.00988928973674774
208 0 0 0.00144447002094239 -0.0102500999346375
209 0 0 0.00142303004395217 -0.0106081003323197
210 0 0 0.00140188005752861 -0.0109633998945355
211 0 0 0.00138101994525641 -0.0113159995526075
212 0 0 0.00136043003294617 -0.0116659998893738
213 0 0 0.0013401199830696 -0.0120133999735117
214 0 0 0.00132008001673967 -0.0123583003878593
215 0 0 0.00130030000582337 -0.0127007002010942
216 0 0 0.00128077995032072 -0.0130406999960542
217 0 0 0.00126151996664703 -0.0133784003555775
218 0 0 0.00124250003136694 -0.0137138003483415
219 0 0 0.00122373003978282 -0.0140469996258616
220 0 0 0.00120519998017699 -0.0143780000507832
221 0 0 0.00118690996896476 -0.0147069003432989
222 0 0 0.00116883998271078 -0.0150335999205709
223 0 0 0.00115100003313273 -0.0153583995997906
224 0 0 0.00113337999209762 -0.0156811997294426
225 0 0 0.00111598998773843 -0.0160019993782043
226 0 0 0.00109879998490214 -0.0163209997117519
227 0 0 0.00108183000702411 -0.0166381001472473
228 0 0 0.00106506003066897 -0.0169533994048834
229 0 0 0.00104849995113909 -0.0172669999301434
230 0 0 0.00103213998954743 -0.0175788998603821
231 0 0 0.00101597001776099 -0.0178891997784376
232 0 0 0.000999995041638613 -0.0181977991014719
233 0 0 0.000984212034381926 -0.0185049008578062
234 0 0 0.000968615000601858 -0.0188104994595051
235 0 0 0.000953202019445598 -0.019114600494504
236 0 0 0.000937969016376883 -0.0194173008203506
237 0 0 0.000922914012335241 -0.0197186004370451
238 0 0 0.000908035028260201 -0.0200184993445873
239 0 0 0.000893327000085264 -0.0203172005712986
240 0 0 0.000878789986018091 -0.0206145998090506
241 0 0 0.000864418980199844 -0.0209107995033264
242 0 0 0.00085021200357005 -0.0212057996541262
243 0 0 0.000836168008390814 -0.0214996002614498
244 0 0 0.000822284026071429 -0.0217924006283283
245 0 0 0.000808555982075632 -0.0220842007547617
246 0 0 0.000794983992818743 -0.0223749000579119
247 0 0 0.000781563983764499 -0.022664699703455
248 0 0 0.000768296013120562 -0.0229534991085529
249 0 0 0.000755175016820431 -0.0232414994388819
250 7 24 0.000742201984394342 -0.0235286001116037
251 0 0 0.000729372026398778 -0.0238150004297495
252 0 0 0.000716686015948653 -0.024100499227643
253 0 0 0.000704139994923025 -0.0243854001164436
254 0 0 0.000691731984261423 -0.0246696993708611
255 0 0 0.000679461983963847 -0.0249533001333475
256 0 0 0.00066732702543959 -0.0252362992614508
257 0 0 0.00065532501321286 -0.025518799200654
258 0 0 0.000643455015961081 -0.0258007999509573
259 0 0 0.000631714996416122 -0.0260825008153915
260 0 0 0.000620102975517511 -0.0263637006282806
261 0 0 0.000608618021942675 -0.0266446005553007
262 0 0 0.000597257982008159 -0.0269252005964518
263 0 0 0.00058602198259905 -0.0272055994719267
264 0 0 0.00057490699691698 -0.0274858009070158
265 0 0 0.000563913024961948 -0.0277658998966217
266 0 0 0.000553036981727928 -0.0280459001660347
267 0 0 0.000542277994100004 -0.0283259991556406
268 0 0 0.000531635014340281 -0.0286061000078917
269 0 0 0.000521106005180627 -0.0288862995803356
270 0 0 0.000510687998030335 -0.0291668009012938
271 0 0 0.000500380992889404 -0.0294474996626377
272 0 0 0.000490183010697365 -0.0297285001724958
273 0 0 0.00048009300371632 -0.030009999871254
274 0 0 0.000470107013825327 -0.0302920006215572
275 0 0 0.000460225011920556 -0.0305745005607605
276 0 0 0.000450444000307471 -0.0308577995747328
277 0 0 0.0004407640080899 -0.0311418008059263
278 0 0 0.000431180989835411 -0.0314266011118889
279 0 0 0.000421692995587364 -0.0317124985158443
280 0 0 0.000412299006711692 -0.0319994017481804
281 0 0 0.000402995996410027 -0.0322875007987022
282 0 0 0.000393781985621899 -0.0325770005583763
283 0 0 0.000384654005756602 -0.0328679010272026
284 0 0 0.000375609990442172 -0.0331603996455669
285 0 0 0.000366647989721969 -0.0334546007215977
286 0 0 0.00035776398726739 -0.0337507016956806
287 0 0 0.000348955014487728 -0.0340489000082016
288 0 0 0.000340219005011022 -0.034349299967289
289 0 0 0.000331552000716329 -0.0346520990133286
290 0 0 0.000322951993439347 -0.0349575988948345
291 0 0 0.000314414995955303 -0.0352657996118069
292 0 0 0.000305938010569662 -0.0355770997703075
293 0 0 0.000297516991849989 -0.0358917005360126
294 0 0 0.000289149000309408 -0.03620969876647
295 0 0 0.00028082900098525 -0.036531500518322
296 0 0 0.00027255600434728 -0.0368572995066643
297 0 0 0.000264322996372357 -0.0371873006224632
298 0 0 0.000256128987530246 -0.0375219993293285
299 0 0 0.00024796900106594 -0.0378614999353886
300 8 24 0.000239839006098919 -0.0382063016295433
301 0 0 0.000231735000852495 -0.0385566018521786
302 0 0 0.000223654002184048 -0.0389126986265182
303 0 0 0.000215591993764974 -0.039275199174881
304 0 0 0.000207545002922416 -0.0396442003548145
305 0 0 0.000199508998775855 -0.0400202982127666
306 0 0 0.000191479994100519 -0.0404038988053799
307 0 0 0.000183455005753785 -0.0407953001558781
308 0 0 0.000175431006937288 -0.041195098310709
309 0 0 0.000167403006344102 -0.0416035987436771
310 0 0 0.000159368006279692 -0.0420215018093586
311 0 0 0.000151322994497605 -0.0424491986632347
312 0 0 0.000143263998324983 -0.0428873002529144
313 0 0 0.000135188005515374 -0.0433362983167171
314 0 0 0.000127092993352562 -0.0437969006597996
315 0 0 0.000118974996439647 -0.0442695990204811
316 0 0 0.000110831002530176 -0.0447551012039185
317 0 0 0.000102657999377698 -0.0452541001141071
318 0 0 9.4454298960045E-05 -0.0457672998309135
319 0 0 8.62165979924612E-05 -0.0462955012917519
320 0 0 7.79425972723402E-05 -0.0468394011259079
321 0 0 6.96303031872958E-05 -0.0473999008536339
322 0 0 6.12773001194E-05 -0.0479778982698917
323 0 0 5.28819000464864E-05 -0.048574298620224
324 0 0 4.44424003944732E-05 -0.0491901002824306
325 0 0 3.59572004526854E-05 -0.0498263016343117
326 0 0 2.74250996881165E-05 -0.0504839010536671
327 0 0 1.88451995200012E-05 -0.051164198666811
328 0 0 1.02167996374192E-05 -0.0518683008849621
329 0 0 1.5396899470943E-06 -0.052597600966692
330 0 0 -7.18594992576982E-06 -0.053353201597929
331 0 0 -1.59594001161167E-05 -0.0541367009282112
332 0 0 -2.47793996095425E-05 -0.0549494996666908
333 0 0 -3.36437005898915E-05 -0.0557929985225201
334 0 0 -4.25496000389103E-05 -0.0566690005362034
335 0 0 -5.14931016368791E-05 -0.0575787983834743
336 0 0 -6.04687993472908E-05 -0.0585242994129658
337 0 0 -6.94699992891401E-05 -0.0595069006085396
338 0 0 -7.84880030550994E-05 -0.0605282001197338
339 0 0 -8.75117984833196E-05 -0.0615896992385387
340 0 0 -9.65275030466728E-05 -0.0626925975084305
341 0 0 -0.000105517996416893 -0.0638376995921135
342 0 0 -0.000114460999611765 -0.0650255978107452
343 0 0 -0.000123331003123894 -0.0662557035684586
344 0 0 -0.000132094006403349 -0.0675268992781639
345 0 0 -0.000140710006235167 -0.0688361972570419
346 0 0 -0.000149131999933161 -0.0701790004968643
347 0 0 -0.000157304006279446 -0.0715484023094177
348 0 0 -0.000165161996847019 -0.0729345008730888
349 0 0 -0.000172639003721997 -0.0743248984217644
350 9 24 -0.000179666996700689 -0.0757042020559311
351 0 0 -0.000186186996870674 -0.0770556032657623
352 0 0 -0.000192152001545765 -0.0783621966838837
353 0 0 -0.000197536995983683 -0.0796085000038147
354 0 0 -0.000202341005206108 -0.0807826966047287
355 0 0 -0.000206584998522885 -0.0818768963217735
356 0 0 -0.000210305006476119 -0.082887701690197
357 0 0 -0.000213549996260554 -0.083815298974514
358 0 0 -0.000216372995055281 -0.084662601351738
359 0 0 -0.00021882499277126 -0.0854344964027405
360 0 0 -0.000220956004341133 -0.0861366018652916
361 0 0 -0.000222810995182954 -0.0867749974131584
362 0 0 -0.00022442800400313 -0.0873557031154633
363 0 0 -0.000225841999053955 -0.087884396314621
364 0 0 -0.000227080992772244 -0.0883665010333061
365 0 0 -0.000228171003982425 -0.0888067036867142
366 0 0 -0.000229131997912191 -0.0892093032598495
367 0 0 -0.00022998200438451 -0.0895783975720406
368 0 0 -0.000230737001402304 -0.0899171978235245
369 0 0 -0.000231408004765399 -0.0902289003133774
370 0 0 -0.00023200799478218 -0.0905162021517754
371 0 0 -0.000232544000027701 -0.0907813981175423
372 0 0 -0.00023302499903366 -0.0910267978906631
373 0 0 -0.000233458005823195 -0.0912541970610619
374 0 0 -0.000233849001233466 -0.0914651975035667
375 0 0 -0.000234200997510925 -0.0916614010930061
376 0 0 -0.000234520994126797 -0.0918439999222755
377 0 0 -0.000234812003327534 -0.0920144021511078
378 0 0 -0.000235076004173607 -0.0921735018491745
379 0 0 -0.000235316998441704 -0.092322401702404
380 0 0 -0.000235536994296126 -0.0924618020653725
381 0 0 -0.000235737999901175 -0.0925925001502037
382 0 0 -0.000235922998399474 -0.0927151963114738
383 0 0 -0.000236092004342936 -0.0928305983543396
384 0 0 -0.000236248000874184 -0.0929391980171204
385 0 0 -0.000236391002545133 -0.0930415987968445
386 0 0 -0.000236524007050321 -0.0931380987167358
387 0 0 -0.00023664599575568 -0.0932293012738228
388 0 0 -0.000236759005929343 -0.0933154970407486
389 0 0 -0.000236863997997716 -0.0933969989418983
390 0 0 -0.000236961001064628 -0.0934742987155914
391 0 0 -0.000237051994190551 -0.0935475006699562
392 0 0 -0.000237134998315014 -0.0936169996857643
393 0 0 -0.000237214000662789 -0.0936829000711441
394 0 0 -0.000237286003539339 -0.0937455967068672
395 0 0 -0.000237354004639201 -0.0938052982091904
396 0 0 -0.000237418003962375 -0.093861997127533
397 0 0 -0.000237476997426711 -0.0939161032438278
398 0 0 -0.000237532003666274 -0.0939676985144615
399 0 0 -0.000237583997659385 -0.0940167978405952
400 10 24 -0.000237632993957959 -0.0940638035535812
401 0 0 -0.00023767800303176 -0.0941085964441299
402 0 0 -0.00023772100394126 -0.094151496887207
403 0 0 -0.000237761007156223 -0.0941924974322319
404 0 0 -0.000237799002206884 -0.0942317023873329
405 0 0 -0.000237835003645159 -0.0942692011594772
406 0 0 -0.000237867992836982 -0.0943052023649216
407 0 0 -0.000237900007050484 -0.0943396985530853
408 0 0 -0.000237928994465619 -0.0943728014826775
409 0 0 -0.000237957006902434 -0.0944046005606651
410 0 0 -0.000237984000705183 -0.0944351032376289
411 0 0 -0.000238009000895545 -0.0944643020629883
412 0 0 -0.000238032997003756 -0.0944925025105476
413 0 0 -0.000238054999499582 -0.0945195034146309
414 0 0 -0.000238075997913256 -0.0945456027984619
415 0 0 -0.000238096006796695 -0.0945705994963646
416 0 0 -0.000238114997046068 -0.0945947021245956
417 0 0 -0.000238132997765206 -0.0946179032325745
418 0 0 -0.000238149994402193 -0.0946402996778488
419 0 0 -0.000238166001508944 -0.0946618989109993
420 0 0 -0.00023818199406378 -0.0946827009320259
421 0 0 -0.000238195993006229 -0.0947026982903481
422 0 0 -0.000238210006500594 -0.0947220996022224
423 0 0 -0.000238223001360893 -0.0947408005595207
424 0 0 -0.000238235996221192 -0.0947588011622429
425 0 0 -0.000238248001551256 -0.0947761982679367
426 0 0 -0.000238259002799168 -0.0947929993271828
427 0 0 -0.000238270004047081 -0.0948093011975288
428 0 0 -0.000238280001212843 -0.0948249995708466
429 0 0 -0.000238289998378605 -0.0948403030633926
430 0 0 -0.000238299006014131 -0.0948550030589104
431 0 0 -0.000238307999097742 -0.0948691964149475
432 0 0 -0.000238316002651118 -0.0948830023407936
433 0 0 -0.000238324006204493 -0.0948963016271591
434 0 0 -0.000238331995205954 -0.0949091985821724
435 0 0 -0.000238338994677179 -0.0949217975139618
436 0 0 -0.000238345994148403 -0.0949338972568512
437 0 0 -0.000238352993619628 -0.094945602118969
438 0 0 -0.000238359003560618 -0.0949570015072823
439 0 0 -0.000238364998949692 -0.0949679985642433
440 0 0 -0.000238370994338766 -0.0949786975979805
441 0 0 -0.000238377004279755 -0.0949890986084938
442 0 0 -0.000238381995586678 -0.0949992015957832
443 0 0 -0.000238387001445517 -0.0950089991092682
444 0 0 -0.00023839199275244 -0.0950184017419815
445 0 0 -0.000238395994529128 -0.0950276032090187
446 0 0 -0.000238401000387967 -0.0950366035103798
447 0 0 -0.000238405002164654 -0.0950452014803886
448 0 0 -0.000238409003941342 -0.0950535982847214
449 0 0 -0.00023841300571803 -0.0950618013739586
450 11 24 -0.000238416992942803 -0.0950696989893913
451 0 0 -0.000238420005189255 -0.0950774997472763
452 0 0 -0.000238424006965943 -0.0950850024819374
453 0 0 -0.00023842700466048 -0.095092199742794
454 0 0 -0.000238430002355017 -0.0950993001461029
455 0 0 -0.000238433000049554 -0.0951061993837357
456 0 0 -0.000238435997744091 -0.0951128974556923
457 0 0 -0.000238438005908392 -0.095119297504425
458 0 0 -0.000238441003602929 -0.0951256975531578
459 0 0 -0.000238442997215316 -0.0951317995786667
460 0 0 -0.000238445994909853 -0.0951377004384995
461 0 0 -0.000238448003074154 -0.0951434969902039
462 0 0 -0.000238449996686541 -0.0951491966843605
463 0 0 -0.000238452004850842 -0.0951547026634216
464 0 0 -0.000238453998463228 -0.095160000026226
465 0 0 -0.00023845600662753 -0.0951652005314827
466 0 0 -0.000238458000239916 -0.0951701998710632
467 0 0 -0.000238459993852302 -0.095175102353096
468 0 0 -0.000238460997934453 -0.0951799005270004
469 0 0 -0.000238463006098755 -0.0951844975352287
470 0 0 -0.000238464999711141 -0.0951889976859093
471 0 0 -0.000238466003793292 -0.0951934009790421
472 0 0 -0.000238466993323527 -0.0951976031064987
473 0 0 -0.000238469001487829 -0.0952017977833748
474 0 0 -0.00023847000556998 -0.0952057987451553
475 0 0 -0.000238470995100215 -0.0952097028493881
476 0 0 -0.000238471999182366 -0.0952135026454926
477 0 0 -0.000238473003264517 -0.0952171981334686
478 0 0 -0.000238473992794752 -0.0952207967638969
479 0 0 -0.000238474996876903 -0.0952242985367775
480 0 0 -0.000238476000959054 -0.0952277034521103
481 0 0 -0.000238477005041204 -0.0952309966087341
482 0 0 -0.00023847799457144 -0.0952342003583908
483 0 0 -0.000238478998653591 -0.0952372997999191
484 0 0 -0.000238480002735741 -0.0952403023838997
485 0 0 -0.000238481006817892 -0.0952432006597519
486 0 0 -0.000238481006817892 -0.0952460989356041
487 0 0 -0.000238481996348128 -0.0952488034963608
488 0 0 -0.000238483000430278 -0.0952515006065369
489 0 0 -0.000238483000430278 -0.0952541008591652
490 0 0 -0.000238484004512429 -0.0952565968036652
491 0 0 -0.000238484004512429 -0.095259003341198
492 0 0 -0.000238484994042665 -0.0952614024281502
493 0 0 -0.000238484994042665 -0.0952636003494263
494 0 0 -0.000238485998124816 -0.0952659025788307
495 0 0 -0.000238485998124816 -0.0952680036425591
496 0 0 -0.000238487002206966 -0.0952700972557068
497 0 0 -0.000238487002206966 -0.0952721014618874
498 0 0 -0.000238487002206966 -0.0952740013599396
499 0 0 -0.000238488006289117 -0.0952757969498634
500 12 24 -0.000238488006289117 -0.0952775999903679
501 0 0 -0.000238488006289117 -0.0952794030308723
502 0 0 -0.000238488995819353 -0.0952809974551201
503 0 0 -0.000238488995819353 -0.0952825993299484
504 0 0 -0.000238488995819353 -0.0952842012047768
505 0 0 -0.000238488995819353 -0.0952856987714767
506 0 0 -0.000238489999901503 -0.095287099480629
507 0 0 -0.000238489999901503 -0.0952885001897812
508 0 0 -0.000238489999901503 -0.0952897965908051
509 0 0 -0.000238489999901503 -0.0952910035848618
510 0 0 -0.000238489999901503 -0.0952922031283379
511 0 0 -0.000238489999901503 -0.0952932983636856
512 0 0 -0.000238491003983654 -0.095294401049614
513 0 0 -0.000238491003983654 -0.0952953994274139
514 0 0 -0.000238491003983654 -0.0952963978052139
515 0 0 -0.000238491003983654 -0.0952972993254662
516 0 0 -0.000238491003983654 -0.0952982008457184
517 0 0 -0.000238491003983654 -0.0952989980578423
518 0 0 -0.000238491003983654 -0.0952998027205467
519 0 0 -0.000238491003983654 -0.0953005030751228
520 0 0 -0.000238491003983654 -0.0953010991215706
521 0 0 -0.000238491003983654 -0.0953017994761467
522 0 0 -0.000238491003983654 -0.0953022986650467
523 0 0 -0.000238491003983654 -0.0953027978539467
524 0 0 -0.00023849199351389 -0.0953032970428467
525 0 0 -0.00023849199351389 -0.0953036993741989
526 0 0 -0.00023849199351389 -0.0953041017055511
527 0 0 -0.00023849199351389 -0.095304399728775
528 0 0 -0.00023849199351389 -0.0953046977519989
529 0 0 -0.00023849199351389 -0.095304898917675
530 0 0 -0.00023849199351389 -0.0953051000833511
531 0 0 -0.00023849199351389 -0.0953051969408989
532 0 0 -0.00023849199351389 -0.0953053012490273
533 0 0 -0.00023849199351389 -0.0953053012490273
534 13 22 -0.00023849199351389 -0.0953053012490273
535 0 0 -0.00023849199351389 -0.0953053012490273
536 0 0 -0.00023849199351389 -0.0953051969408989
537 0 0 -0.00023849199351389 -0.0953051000833511
538 0 0 -0.00023849199351389 -0.095304898917675
539 0 0 -0.00023849199351389 -0.0953046977519989
540 0 0 -0.00023849199351389 -0.0953044965863228
541 0 0 -0.00023849199351389 -0.0953041985630989
542 14 22 -0.00023849199351389 -0.0953039973974228
543 0 0 -0.00023849199351389 -0.0953036025166512
544 0 0 -0.00023849199351389 -0.0953032001852989
545 0 0 -0.00023849199351389 -0.0953027978539467
546 0 0 -0.00023849199351389 -0.0953022018074989
547 0 0 -0.00023849199351389 -0.0953017026185989
548 0 0 -0.00023849199351389 -0.0953010991215706
549 0 0 -0.00023849199351389 -0.0953003987669945
550 15 24 -0.00023849199351389 -0.0952996984124184
551 0 0 -0.00023849199351389 -0.0952989980578423
552 0 0 -0.00023849199351389 -0.0952982008457184
553 0 0 -0.00023849199351389 -0.0952974036335945
554 0 0 -0.00023849199351389 -0.0952965021133423
555 0 0 -0.00023849199351389 -0.0952954962849617
556 0 0 -0.00023849199351389 -0.0952946022152901
557 0 0 -0.00023849199351389 -0.0952934995293617
558 0 0 -0.00023849199351389 -0.0952925011515617
559 0 0 -0.00023849199351389 -0.0952913016080856
560 0 0 -0.00023849199351389 -0.0952901020646095
561 0 0 -0.00023849199351389 -0.0952889025211334
562 0 0 -0.00023849199351389 -0.095287598669529
563 0 0 -0.00023849299759604 -0.0952863022685051
564 0 0 -0.00023849299759604 -0.0952849015593529
565 0 0 -0.00023849299759604 -0.0952835008502007
566 0 0 -0.00023849299759604 -0.0952820032835007
567 0 0 -0.00023849299759604 -0.0952804014086723
568 0 0 -0.00023849299759604 -0.095278799533844
569 0 0 -0.000238494001678191 -0.0952771976590157
570 0 0 -0.000238494001678191 -0.0952754989266396
571 0 0 -0.000238494001678191 -0.0952737033367157
572 0 0 -0.000238494001678191 -0.0952719002962112
573 0 0 -0.000238494001678191 -0.095270000398159
574 0 0 -0.000238495005760342 -0.0952680036425591
575 0 0 -0.000238495005760342 -0.0952659994363785
576 0 0 -0.000238495005760342 -0.0952640026807785
577 0 0 -0.000238495995290577 -0.0952619016170502
578 0 0 -0.000238495995290577 -0.0952597036957741
579 0 0 -0.000238495995290577 -0.0952574014663696
580 0 0 -0.000238496999372728 -0.0952550992369652
581 0 0 -0.000238496999372728 -0.095252700150013
582 0 0 -0.000238496999372728 -0.0952503010630608
583 0 0 -0.000238498003454879 -0.0952477976679802
584 0 0 -0.000238498003454879 -0.0952451974153519
585 0 0 -0.000238498992985114 -0.0952425971627235
586 0 0 -0.000238498992985114 -0.0952398031949997
587 0 0 -0.000238499997067265 -0.0952370017766953
588 0 0 -0.000238501001149416 -0.0952342003583908
589 0 0 -0.000238501001149416 -0.0952311977744102
590 0 0 -0.000238502005231567 -0.0952282026410103
591 0 0 -0.000238502005231567 -0.095225103199482
592 0 0 -0.000238502994761802 -0.0952218994498253
593 0 0 -0.000238503998843953 -0.0952187031507492
594 0 0 -0.000238505002926104 -0.0952152982354164
595 0 0 -0.000238506007008255 -0.0952119007706642
596 0 0 -0.000238506007008255 -0.0952083989977837
597 0 0 -0.00023850699653849 -0.0952048003673553
598 0 0 -0.000238508000620641 -0.0952010974287987
599 0 0 -0.000238509004702792 -0.0951972976326942
600 16 24 -0.000238509994233027 -0.0951934009790421
601 0 0 -0.000238510998315178 -0.0951894000172615
602 0 0 -0.000238512002397329 -0.095185399055481
603 0 0 -0.000238513996009715 -0.0951811969280243
604 0 0 -0.000238515000091866 -0.0951768979430199
605 0 0 -0.000238516004174016 -0.0951725021004677
606 0 0 -0.000238516993704252 -0.0951680019497871
607 0 0 -0.000238519001868553 -0.0951633974909782
608 0 0 -0.000238520005950704 -0.0951587036252022
609 0 0 -0.000238521999563091 -0.0951538011431694
610 0 0 -0.000238523003645241 -0.0951488986611366
611 0 0 -0.000238524997257628 -0.0951438024640083
612 0 0 -0.000238527005421929 -0.0951386019587517
613 0 0 -0.000238527994952165 -0.0951332002878189
614 0 0 -0.000238530003116466 -0.0951277017593384
615 0 0 -0.000238531996728852 -0.0951220989227295
616 0 0 -0.000238534004893154 -0.0951163023710251
617 0 0 -0.00023853599850554 -0.0951104015111923
618 0 0 -0.000238538996200077 -0.0951043963432312
619 0 0 -0.000238541004364379 -0.0950981974601746
620 0 0 -0.000238542997976765 -0.0950917974114418
621 0 0 -0.000238545995671302 -0.0950853005051613
622 0 0 -0.000238548003835604 -0.0950786024332047
623 0 0 -0.000238551001530141 -0.0950717031955719
624 0 0 -0.000238553999224678 -0.095064602792263
625 0 0 -0.000238556996919215 -0.0950573980808258
626 0 0 -0.000238559994613752 -0.0950499996542931
627 0 0 -0.000238563006860204 -0.0950424000620842
628 0 0 -0.000238566004554741 -0.0950345993041992
629 0 0 -0.000238570006331429 -0.0950265005230904
630 0 0 -0.000238573993556201 -0.0950182974338531
631 0 0 -0.000238577005802654 -0.0950097963213921
632 0 0 -0.000238580993027426 -0.0950011014938354
633 0 0 -0.000238584994804114 -0.0949921980500221
634 0 0 -0.000238590000662953 -0.0949829965829849
635 0 0 -0.00023859400243964 -0.0949736014008522
636 0 0 -0.000238598993746564 -0.094963900744915
637 0 0 -0.000238603999605402 -0.0949539989233017
638 0 0 -0.000238609005464241 -0.0949437022209167
639 0 0 -0.000238613996771164 -0.0949331969022751
640 0 0 -0.000238620006712154 -0.0949224010109901
641 0 0 -0.000238626002101228 -0.0949112996459007
642 0 0 -0.000238631997490302 -0.0948998034000397
643 0 0 -0.000238637992879376 -0.0948880016803741
644 0 0 -0.000238645006902516 -0.0948759019374847
645 0 0 -0.000238652006373741 -0.0948633998632431
646 0 0 -0.000238659005844966 -0.0948505997657776
647 0 0 -0.000238666994846426 -0.0948373004794121
648 0 0 -0.000238674998399802 -0.0948237031698227
649 0 0 -0.000238683001953177 -0.0948095992207527
650 17 24 -0.000238691995036788 -0.0947951003909111
651 0 0 -0.000238701002672315 -0.0947801992297173
652 0 0 -0.000238709995755926 -0.0947647020220757
653 0 0 -0.000238719992921688 -0.0947488024830818
654 0 0 -0.0002387309941696 -0.0947323963046074
655 0 0 -0.000238741995417513 -0.0947154983878136
656 0 0 -0.000238754000747576 -0.0946979969739914
657 0 0 -0.00023876600607764 -0.0946798995137215
658 0 0 -0.000238777996855788 -0.0946613028645515
659 0 0 -0.000238791995798238 -0.0946419984102249
660 0 0 -0.000238805994740687 -0.0946220010519028
661 0 0 -0.000238820997765288 -0.0946014001965523
662 0 0 -0.000238836000789888 -0.0945800021290779
663 0 0 -0.000238851993344724 -0.0945579037070274
664 0 0 -0.000238869004533626 -0.0945350006222725
665 0 0 -0.000238887005252764 -0.0945113003253937
666 0 0 -0.000238905995502137 -0.094486802816391
667 0 0 -0.000238926004385576 -0.0944612994790077
668 0 0 -0.000238948006881401 -0.0944349020719528
669 0 0 -0.000238969994825311 -0.0944074988365173
670 0 0 -0.000238993001403287 -0.0943790972232819
671 0 0 -0.000239018001593649 -0.0943496003746986
672 0 0 -0.000239044005866162 -0.0943188965320587
673 0 0 -0.000239072003751062 -0.094287097454071
674 0 0 -0.000239101005718112 -0.0942538976669312
675 0 0 -0.000239132001297548 -0.0942194014787674
676 0 0 -0.000239165005041286 -0.0941834971308708
677 0 0 -0.000239200002397411 -0.0941461026668549
678 0 0 -0.000239236993365921 -0.0941072031855583
679 0 0 -0.000239276007050648 -0.0940665006637573
680 0 0 -0.000239318003877997 -0.0940240994095802
681 0 0 -0.000239361994317733 -0.0939799025654793
682 0 0 -0.00023940899700392 -0.0939337015151978
683 0 0 -0.000239458997384645 -0.0938853994011879
684 0 0 -0.000239511995459907 -0.0938348025083542
685 0 0 -0.000239568995311856 -0.0937820002436638
686 0 0 -0.000239629996940494 -0.0937265977263451
687 0 0 -0.000239695000345819 -0.0936684980988503
688 0 0 -0.000239764005527832 -0.0936077013611794
689 0 0 -0.000239839006098919 -0.0935437977313995
690 0 0 -0.000239917993894778 -0.0934766978025436
691 0 0 -0.000240003995713778 -0.0934061035513878
692 0 0 -0.000240095992921852 -0.093331903219223
693 0 0 -0.000240194000070915 -0.0932537019252777
694 0 0 -0.000240299996221438 -0.0931712985038757
695 0 0 -0.000240415000007488 -0.0930842980742455
696 0 0 -0.000240538996877149 -0.0929924994707108
697 0 0 -0.000240672001382336 -0.0928955003619194
698 0 0 -0.000240816996665671 -0.0927928015589714
699 0 0 -0.00024097299319692 -0.0926840007305145
700 18 24 -0.000241143003222533 -0.0925685986876488
701 0 0 -0.000241328001720831 -0.0924461036920547
702 0 0 -0.000241529996856116 -0.0923158973455429
703 0 0 -0.000241749003180303 -0.0921773016452789
704 0 0 -0.000241988993366249 -0.0920296981930733
705 0 0 -0.000242252004682086 -0.0918721035122871
706 0 0 -0.000242541005718522 -0.0917036980390549
707 0 0 -0.000242858004639857 -0.091523602604866
708 0 0 -0.000243207003222778 -0.091330498456955
709 0 0 -0.000243592992774211 -0.0911232009530067
710 0 0 -0.000244019000092521 -0.0909005030989647
711 0 0 -0.00024449301417917 -0.0906606018543243
712 0 0 -0.000245019007707015 -0.0904017984867096
713 0 0 -0.000245606992393732 -0.0901222005486488
714 0 0 -0.000246262992732227 -0.089819498360157
715 0 0 -0.000246998999500647 -0.0894912034273148
716 0 0 -0.000247827003477141 -0.0891344994306564
717 0 0 -0.000248761003604159 -0.0887463018298149
718 0 0 -0.000249817996518686 -0.0883229002356529
719 0 0 -0.000251018005656078 -0.0878603979945183
720 0 0 -0.00025238300440833 -0.0873541980981827
721 0 0 -0.000253942998824641 -0.0867995992302895
722 0 0 -0.000255727994954214 -0.0861912965774536
723 0 0 -0.000257776002399623 -0.0855235010385513
724 0 0 -0.000260130007518455 -0.0847906023263931
725 0 0 -0.000262838002527133 -0.0839871019124985
726 0 0 -0.000265951995970681 -0.083108201622963
727 0 0 -0.000269523996394128 -0.0821506977081299
728 0 0 -0.000273606012342498 -0.081113800406456
729 0 0 -0.000278238003375009 -0.0799999013543129
730 0 0 -0.000283445988316089 -0.0788156986236572
731 0 0 -0.000289237010292709 -0.0775721967220306
732 0 0 -0.000295589998131618 -0.0762839019298553
733 0 0 -0.000302463013213128 -0.0749673992395401
734 0 0 -0.000309797003865242 -0.0736398994922638
735 0 0 -0.000317520985845476 -0.0723169967532158
736 0 0 -0.000325564993545413 -0.0710119009017944
737 0 0 -0.000333859992679209 -0.0697347968816757
738 0 0 -0.00034234399208799 -0.0684932023286819
739 0 0 -0.000350966001860797 -0.0672919973731041
740 0 0 -0.000359680998371914 -0.0661341026425362
741 0 0 -0.000368451001122594 -0.0650210008025169
742 0 0 -0.000377246004063636 -0.0639529973268509
743 0 0 -0.000386041996534914 -0.0629298016428947
744 0 0 -0.000394817005144432 -0.0619504004716873
745 0 0 -0.000403556012315676 -0.0610136017203331
746 0 0 -0.000412243010941893 -0.0601177997887135
747 0 0 -0.000420867989305407 -0.0592615008354187
748 0 0 -0.000429420993896201 -0.0584431998431683
749 0 0 -0.000437893002526835 -0.0576610006392002
750 19 24 -0.000446277990704402 -0.0569135993719101
751 0 0 -0.000454569002613425 -0.0561993010342121
752 0 0 -0.00046276199282147 -0.0555167011916637
753 0 0 -0.000470852013677359 -0.0548643991351128
754 0 0 -0.000478834001114592 -0.0542409010231495
755 0 0 -0.000486703997012228 -0.0536451004445553
756 0 0 -0.000494459003675729 -0.0530758015811443
757 0 0 -0.000502096023410559 -0.0525318011641502
758 0 0 -0.000509610981680453 -0.052012000232935
759 0 0 -0.000517002015840262 -0.0515155009925365
760 0 0 -0.000524264003615826 -0.0510413981974125
761 0 0 -0.000531395024154335 -0.0505887009203434
762 0 0 -0.00053839199244976 -0.0501566007733345
763 0 0 -0.000545251008588821 -0.0497444011271
764 0 0 -0.000551969977095723 -0.0493513010442257
765 0 0 -0.000558544998057187 -0.0489767007529736
766 0 0 -0.000564971996936947 -0.0486198998987675
767 0 0 -0.000571248994674534 -0.0482802987098694
768 0 0 -0.000577370985411108 -0.0479573011398315
769 0 0 -0.000583335990086198 -0.0476504005491734
770 0 0 -0.00058913801331073 -0.0473591983318329
771 0 0 -0.000594775017816573 -0.0470830015838146
772 0 0 -0.000600242987275124 -0.0468215011060238
773 0 0 -0.000605536974035203 -0.0465742982923985
774 0 0 -0.000610653019975871 -0.0463409014046192
775 0 0 -0.000615587981883436 -0.0461209006607533
776 0 0 -0.000620337028522044 -0.045914001762867
777 0 0 -0.00062489602714777 -0.0457197986543179
778 0 0 -0.000629261019639671 -0.0455380007624626
779 0 0 -0.000633427989669144 -0.0453681983053684
780 0 0 -0.000637392979115248 -0.0452102012932301
781 0 0 -0.000641151971649379 -0.0450634993612766
782 0 0 -0.00064470199868083 -0.0449278987944126
783 0 0 -0.000648037006612867 -0.0448031015694141
784 0 0 -0.00065115699544549 -0.0446887984871864
785 0 0 -0.000654056027997285 -0.0445846989750862
786 0 0 -0.00065673200879246 -0.0444905012845993
787 0 0 -0.000659183016978204 -0.0444060005247593
788 0 0 -0.00066140602575615 -0.0443308018147945
789 0 0 -0.000663398997858167 -0.0442647002637386
790 0 0 -0.000665161001961678 -0.0442073009908199
791 0 0 -0.000666690000798553 -0.0441584996879101
792 0 0 -0.000667985004838556 -0.0441179014742374
793 0 0 -0.000669046014081687 -0.0440852008759975
794 0 0 -0.000669873028527945 -0.0440602004528046
795 0 0 -0.000670465000439435 -0.0440425984561443
796 0 0 -0.00067082402529195 -0.0440321005880833
797 0 0 -0.000670950976200402 -0.0440284013748169
798 20 22 -0.000670950976200402 -0.0440284013748169
799 0 0 -0.000670835026539862 -0.044031698256731
800 21 24 -0.000670488981995732 -0.0440412983298302
801 0 0 -0.000669915985781699 -0.0440568998456001
802 0 0 -0.000669118016958237 -0.0440783016383648
803 0 0 -0.000668097985908389 -0.0441052988171577
804 0 0 -0.000666856998577714 -0.0441375002264977
805 0 0 -0.000665400002617389 -0.0441748015582561
806 0 0 -0.000663728977087885 -0.0442170016467571
807 0 0 -0.000661848986055702 -0.0442637987434864
808 0 0 -0.000659761019051075 -0.0443148985505104
809 0 0 -0.000657470023725182 -0.0443703010678291
810 0 0 -0.00065497902687639 -0.0444296002388
811 0 0 -0.000652291986625642 -0.0444926992058754
812 0 0 -0.000649412977509201 -0.0445594005286694
813 0 0 -0.000646343978587538 -0.0446295998990536
814 0 0 -0.000643090985249728 -0.0447029992938042
815 0 0 -0.000639655976556242 -0.0447795018553734
816 0 0 -0.000636043027043343 -0.0448588989675045
817 0 0 -0.000632254988886416 -0.0449412018060684
818 0 0 -0.000628295994829386 -0.0450261011719704
819 0 0 -0.000624169013462961 -0.0451136007905006
820 0 0 -0.000619878002908081 -0.0452034994959831
821 0 0 -0.000615424010902643 -0.045295599848032
822 0 0 -0.000610811985097826 -0.045389998704195
823 0 0 -0.000606044020969421 -0.0454864017665386
824 0 0 -0.000601123028900474 -0.0455848015844822
825 0 0 -0.000596050987951458 -0.045685101300478
826 0 0 -0.000590831972658634 -0.045787300914526
827 0 0 -0.000585465983022004 -0.045891098678112
828 0 0 -0.00057995697716251 -0.0459965988993645
829 0 0 -0.000574306992348284 -0.0461036004126072
830 0 0 -0.00056851701810956 -0.046212200075388
831 0 0 -0.000562590023037046 -0.046322301030159
832 0 0 -0.000556526996660978 -0.0464336983859539
833 0 0 -0.000550329976249486 -0.0465463995933533
834 0 0 -0.000544000009540468 -0.0466605015099049
835 0 0 -0.000537539017386734 -0.0467757992446423
836 0 0 -0.000530946999788284 -0.0468923002481461
837 0 0 -0.000524226983543485 -0.0470099002122879
838 0 0 -0.000517377979122102 -0.0471286997199059
839 0 0 -0.000510403013322502 -0.0472485981881618
840 0 0 -0.000503300980199128 -0.0473694987595081
841 0 0 -0.000496072985697538 -0.0474914014339447
842 0 0 -0.000488721008878201 -0.047614399343729
843 0 0 -0.000481244002003223 -0.0477382987737656
844 0 0 -0.000473643012810498 -0.0478632003068924
845 0 0 -0.000465918012196198 -0.0479889996349812
846 0 0 -0.000458069989690557 -0.0481157004833221
847 0 0 -0.000450098013971001 -0.0482432991266251
848 0 0 -0.000442001997726038 -0.0483718998730183
849 0 0 -0.000433782988693565 -0.0485012009739876
850 22 24 -0.000425439997343346 -0.0486315004527569
851 0 0 -0.000416972994571552 -0.0487626008689404
852 0 0 -0.000408382009482011 -0.0488944984972477
853 0 0 -0.000399665994336829 -0.0490273013710976
854 0 0 -0.000390823988709599 -0.0491609014570713
855 0 0 -0.000381855992600322 -0.0492952987551689
856 0 0 -0.000372762006008998 -0.0494306012988091
857 0 0 -0.000363539991667494 -0.049566600471735
858 0 0 -0.000354190007783473 -0.0497035011649132
859 0 0 -0.000344711006619036 -0.0498411990702152
860 0 0 -0.000335101009113714 -0.0499797016382217
861 0 0 -0.000325361004797742 -0.0501190014183521
862 0 0 -0.000315487006446347 -0.0502590984106064
863 0 0 -0.000305480003589764 -0.0504001006484032
864 0 0 -0.000295337988063693 -0.0505419000983238
865 0 0 -0.000285059999441728 -0.0506845004856586
866 0 0 -0.000274643010925502 -0.0508279018104076
867 0 0 -0.000264086993411183 -0.0509722009301186
868 0 0 -0.000253389996942133 -0.0511173009872437
869 0 0 -0.000242549998802133 -0.0512632988393307
870 0 0 -0.000231565005378798 -0.0514101013541222
871 0 0 -0.000220433998038061 -0.0515578016638756
872 0 0 -0.000209153993637301 -0.0517063997685909
873 0 0 -0.000197724002646282 -0.0518557988107204
874 0 0 -0.000186140998266637 -0.0520061999559402
875 0 0 -0.000174404005520046 -0.0521573983132839
876 0 0 -0.000162508993525989 -0.0523095987737179
877 0 0 -0.000150455001858063 -0.0524627007544041
878 0 0 -0.000138239003717899 -0.0526168011128902
879 0 0 -0.000125859005493112 -0.0527717992663383
880 0 0 -0.000113310998131055 -0.0529276989400387
881 0 0 -0.000100593999377452 -0.0530847012996674
882 0 0 -8.77050988492556E-05 -0.053242601454258
883 0 0 -7.4640498496592E-05 -0.0534014999866486
884 0 0 -6.13977026659995E-05 -0.0535615012049675
885 0 0 -4.79736991110258E-05 -0.0537225008010864
886 0 0 -3.43653991876636E-05 -0.0538844987750053
887 0 0 -2.05695996555733E-05 -0.0540475994348526
888 0 0 -6.58312001178274E-06 -0.0542117990553379
889 0 0 7.59747990741744E-06 -0.0543770007789135
890 0 0 2.19756002479699E-05 -0.0545433983206749
891 0 0 3.65548003173899E-05 -0.0547108016908169
892 0 0 5.13386985403486E-05 -0.0548795014619827
893 0 0 6.63308965158649E-05 -0.0550491996109486
894 0 0 8.15352032077499E-05 -0.0552202016115189
895 0 0 9.69555985648185E-05 -0.0553922988474369
896 0 0 0.000112595997052267 -0.0555655993521214
897 0 0 0.000128460000269115 -0.05574019998312
898 0 0 0.000144552002893761 -0.0559158995747566
899 0 0 0.000160876996233128 -0.0560929998755455
900 23 24 0.000177438007085584 -0.0562711991369724
901 0 0 0.000194239997654222 -0.0564507991075516
902 0 0 0.000211285994737409 -0.0566315986216068
903 0 0 0.00022858299780637 -0.0568137988448143
904 0 0 0.000246134004555643 -0.0569972991943359
905 0 0 0.000263942987658083 -0.0571820996701717
906 0 0 0.000282015011180192 -0.0573682002723217
907 0 0 0.000300356012303382 -0.0575557015836239
908 0 0 0.00031896898872219 -0.057744599878788
909 0 0 0.000337859004503116 -0.0579347983002663
910 0 0 0.000357031996827573 -0.0581265017390251
911 0 0 0.000376490002963692 -0.0583195015788078
912 0 0 0.000396240997361019 -0.0585139989852905
913 0 0 0.000416286988183856 -0.0587098002433777
914 0 0 0.000436633999925107 -0.0589070990681648
915 0 0 0.000457285990705714 -0.0591057986021042
916 0 0 0.000478247995488346 -0.0593058988451958
917 0 0 0.000499524001497775 -0.0595073997974396
918 0 0 0.000521117995958775 -0.0597103014588356
919 0 0 0.000543034984730184 -0.0599146001040936
920 0 0 0.000565277994610369 -0.0601202994585037
921 0 0 0.000587850983720273 -0.0603273995220661
922 0 0 0.000610756978858262 -0.0605359002947807
923 0 0 0.000633999996352941 -0.0607457011938095
924 0 0 0.000657582015264779 -0.0609567984938622
925 0 0 0.00068150699371472 -0.0611693002283573
926 0 0 0.000705774989910424 -0.0613830015063286
927 0 0 0.000730387982912362 -0.0615979991853237
928 0 0 0.000755348009988666 -0.0618140995502472
929 0 0 0.000780655012931675 -0.0620313994586468
930 0 0 0.000806308002211154 -0.0622497983276844
931 0 0 0.000832305988296866 -0.0624691992998123
932 0 0 0.000858648971188813 -0.0626896023750305
933 0 0 0.000885332003235817 -0.0629108995199203
934 0 0 0.000912351999431849 -0.0631330013275146
935 0 0 0.000939704012125731 -0.0633559003472328
936 0 0 0.000967381987720728 -0.0635794028639793
937 0 0 0.000995379057712853 -0.0638033971190453
938 0 0 0.00102368998341262 -0.0640278980135918
939 0 0 0.00105228996835649 -0.0642526000738144
940 0 0 0.0010811899555847 -0.0644775032997131
941 0 0 0.00111035001464188 -0.0647023990750313
942 0 0 0.00113978004083037 -0.0649271979928017
943 0 0 0.00116944999899715 -0.0651516020298004
944 0 0 0.00119932997040451 -0.0653755962848663
945 0 0 0.00122941995505244 -0.065598800778389
946 0 0 0.00125968002248555 -0.0658212006092072
947 0 0 0.00129008002113551 -0.0660424008965492
948 0 0 0.00132060004398227 -0.0662622973322868
949 0 0 0.0013512100558728 -0.0664805993437767
950 24 24 0.00138187000993639 -0.0666970983147621
951 0 0 0.00141252996399999 -0.0669113993644714
952 0 0 0.00144317001104355 -0.0671233013272285
953 0 0 0.00147372996434569 -0.0673326030373573
954 0 0 0.00150415999814868 -0.0675387978553772
955 0 0 0.00153441994916648 -0.0677416995167732
956 0 0 0.00156445999164134 -0.0679410025477409
957 0 0 0.00159420003183186 -0.0681362971663475
958 0 0 0.001623610034585 -0.0683272033929825
959 0 0 0.00165260001085699 -0.068513497710228
960 0 0 0.00168111000675708 -0.0686948001384735
961 0 0 0.0017090899636969 -0.0688707008957863
962 0 0 0.00173643999733031 -0.0690407976508141
963 0 0 0.00176311004906893 -0.0692047998309135
964 0 0 0.00178900000173599 -0.0693624019622803
965 0 0 0.00181405001785606 -0.069513201713562
966 0 0 0.00183818000368774 -0.0696567967534065
967 0 0 0.00186129997018725 -0.0697928965091705
968 0 0 0.00188333005644381 -0.0699210986495018
969 0 0 0.00190419005230069 -0.0700410977005959
970 0 0 0.00192378996871412 -0.0701526999473572
971 0 0 0.00194204994477332 -0.0702555030584335
972 0 0 0.00195888010784984 -0.0703492015600204
973 0 0 0.00197420991025865 -0.070433497428894
974 0 0 0.00198793993331492 -0.0705083012580872
975 0 0 0.0020000000949949 -0.070573203265667
976 0 0 0.00201031006872654 -0.0706280991435051
977 0 0 0.00201877998188138 -0.0706726983189583
978 0 0 0.002025349996984 -0.0707068964838982
979 0 0 0.002029940020293 -0.0707304999232292
980 0 0 0.00203247996978462 -0.0707433968782425
981 25 22 0.00203299010172486 -0.0707459971308708
982 0 0 0.00203192001208663 -0.0707406997680664
983 0 0 0.00202862010337412 -0.0707243978977203
984 0 0 0.00202303007245064 -0.0706970989704132
985 0 0 0.00201509008184075 -0.0706586986780167
986 0 0 0.00200476008467376 -0.0706093013286591
987 0 0 0.0019919800106436 -0.0705488994717598
988 0 0 0.00197670003399253 -0.0704774037003517
989 0 0 0.00195889989845455 -0.0703950002789497
990 0 0 0.00193853001110256 -0.0703016966581345
991 0 0 0.00191554997581989 -0.0701977014541626
992 0 0 0.0018899500137195 -0.0700829029083252
993 0 0 0.00186168996151537 -0.0699575021862984
994 0 0 0.00183075002860278 -0.0698217004537582
995 0 0 0.00179712998215109 -0.0696756020188332
996 0 0 0.00176080001983792 -0.0695194005966187
997 0 0 0.00172176002524793 -0.0693532973527908
998 0 0 0.00167999998666346 -0.0691772997379303
999 0 0 0.00163554004393518 -0.0689918994903564
1000 26 29 0.00158835004549474 -0.0687970966100693
