126 15 29 0.059408999979496 -0.0292082000523806
125 0 0 0.0499441996216774 -0.018911499530077
124 0 0 0.0408761017024517 -0.00903571955859661
123 0 0 0.0322327017784119 0.00038799099274911
122 0 0 0.0240388996899128 0.00933204032480717
121 0 0 0.0163157992064953 0.0177726000547409
120 0 0 0.00908057019114494 0.0256898999214172
119 0 0 0.00234627001918852 0.0330688990652561
118 0 0 -0.00387872010469437 0.0398992002010345
117 0 0 -0.00959064997732639 0.0461756996810436
116 0 0 -0.0147904995828867 0.0518980994820595
115 0 0 -0.0194835998117924 0.0570710003376007
114 0 0 -0.0236799009144306 0.0617037005722523
113 0 0 -0.0273928008973598 0.0658098980784416
112 0 0 -0.0306396000087261 0.0694068968296051
111 0 0 -0.0334400981664658 0.0725151002407074
110 0 0 -0.0358165986835957 0.0751577988266945
109 0 0 -0.0377929992973804 0.077360101044178
108 0 0 -0.039394699037075 0.0791483968496323
107 0 0 -0.0406474992632866 0.0805502012372017
106 0 0 -0.0415774993598461 0.0815929993987083
105 0 0 -0.0422106012701988 0.0823045969009399
104 0 0 -0.0425723008811474 0.0827120989561081
103 0 0 -0.0426873005926609 0.0828419998288155
102 0 0 -0.0426695011556149 0.082821898162365
101 0 0 -0.0425993986427784 0.0827424004673958
100 14 24 -0.0424786992371082 0.0826055034995079
99 0 0 -0.0423102006316185 0.0824140012264252
98 0 0 -0.0420964993536472 0.0821709036827087
97 0 0 -0.041840098798275 0.0818789005279541
96 0 0 -0.0415436998009682 0.0815408006310463
95 0 0 -0.0412096008658409 0.0811590999364853
94 0 0 -0.0408402010798454 0.0807363986968994
93 0 0 -0.0404376983642578 0.0802751034498215
92 0 0 -0.0400043018162251 0.0797777026891708
91 0 0 -0.0395421013236046 0.079246498644352
90 0 0 -0.039053101092577 0.078683502972126
89 0 0 -0.0385393016040325 0.0780910030007362
88 0 0 -0.0380025990307331 0.0774710029363632
87 0 0 -0.0374445989727974 0.0768254995346069
86 0 0 -0.0368672981858253 0.0761563032865524
85 0 0 -0.0362721011042595 0.075465202331543
84 0 0 -0.0356606990098953 0.074753999710083
83 0 0 -0.0350345000624657 0.0740244016051292
82 0 0 -0.0343950986862183 0.0732778012752533
81 0 0 -0.0337437987327576 0.0725160017609596
80 0 0 -0.0330817997455597 0.0717402026057243
79 0 0 -0.0324105992913246 0.0709519013762474
78 0 0 -0.0317310988903046 0.0701524987816811
77 0 0 -0.0310446992516518 0.0693430975079536
76 0 0 -0.0303523000329733 0.0685250014066696
75 0 0 -0.0296550001949072 0.0676992982625961
74 0 0 -0.0289536993950605 0.0668672025203705
73 0 0 -0.0282493997365236 0.0660296007990837
72 0 0 -0.0275430008769035 0.0651876032352448
71 0 0 -0.0268353000283241 0.0643420964479446
70 0 0 -0.0261270999908447 0.0634939968585968
69 0 0 -0.0254190992563963 0.0626441016793251
68 0 0 -0.0247121006250381 0.0617932006716728
67 0 0 -0.02400659956038 0.0609420984983444
66 0 0 -0.0233034007251263 0.0600915998220444
65 0 0 -0.0226029995828867 0.0592422001063824
64 0 0 -0.0219059996306896 0.0583947002887726
63 0 0 -0.021212900057435 0.057549599558115
62 0 0 -0.0205242000520229 0.0567075982689857
61 0 0 -0.0198403000831604 0.055869098752737
60 0 0 -0.0191617999225855 0.0550347007811069
59 0 0 -0.0184889007359743 0.0542048998177052
58 0 0 -0.0178222004324198 0.0533800981938839
57 0 0 -0.0171617995947599 0.0525606982409954
56 0 0 -0.016508299857378 0.0517470985651016
55 0 0 -0.0158617999404669 0.0509397014975548
54 0 0 -0.0152227003127337 0.0501388981938362
53 0 0 -0.0145912002772093 0.0493449009954929
52 0 0 -0.0139675997197628 0.0485582016408443
51 0 0 -0.0133520001545548 0.0477789007127285
50 13 24 -0.0127448001876473 0.0470072999596596
49 0 0 -0.0121461004018784 0.0462437011301517
48 0 0 -0.0115560004487634 0.0454883016645908
47 0 0 -0.0109746996313334 0.0447412990033627
46 0 0 -0.010402400046587 0.0440028011798859
45 0 0 -0.00983924046158791 0.0432731993496418
44 0 0 -0.00928524974733591 0.0425525009632111
43 0 0 -0.0087405601516366 0.0418410003185272
42 0 0 -0.00820527970790863 0.0411386005580425
41 0 0 -0.00767948012799025 0.0404455997049809
40 0 0 -0.00716322008520365 0.0397620983421803
39 0 0 -0.00665656989440322 0.039088100194931
38 0 0 -0.00615955982357264 0.0384237989783287
37 0 0 -0.00567224994301796 0.0377692990005016
36 0 0 -0.00519465003162622 0.0371246002614498
35 0 0 -0.00472680013626814 0.0364896990358829
34 0 0 -0.00426869001239538 0.0358648002147675
33 0 0 -0.00382034992799163 0.035249900072813
32 0 0 -0.00338177010416985 0.0346449986100197
31 0 0 -0.00295293005183339 0.0340502001345158
30 0 0 -0.00253384001553059 0.033465500921011
29 0 0 -0.00212445994839072 0.0328909009695053
28 0 0 -0.00172477995511144 0.0323265008628368
27 0 0 -0.00133477000053972 0.0317722000181675
26 0 0 -0.000954384973738343 0.0312281008809805
25 0 0 -0.000583594024647027 0.0306940991431475
24 0 0 -0.000222351998672821 0.0301703996956348
23 0 0 0.000129388005007058 0.0296567995101213
22 0 0 0.000471673993160948 0.029153399169445
21 0 0 0.000804562005214393 0.028660099953413
20 0 0 0.00112810998689383 0.0281770993024111
19 0 0 0.00144237000495195 0.0277041997760534
18 0 0 0.0017474100459367 0.027241500094533
17 0 0 0.00204329006373882 0.0267888996750116
16 0 0 0.00233008991926908 0.0263464991003275
15 0 0 0.00260785990394652 0.0259143002331257
14 0 0 0.00287668011151254 0.025492100045085
13 0 0 0.00313661992549896 0.0250800997018814
12 0 0 0.00338774989359081 0.0246782992035151
11 0 0 0.00363015988841653 0.024286599829793
10 0 0 0.00386389996856451 0.02390499971807
9 0 0 0.00408907001838088 0.0235335994511843
8 0 0 0.00430573988705873 0.0231723003089428
7 0 0 0.00444550020620227 0.0229371003806591
6 0 0 0.00453659985214472 0.022782800719142
5 0 0 0.00459642009809613 0.0226811002939939
4 0 0 0.00463589979335666 0.0226137991994619
3 0 0 0.00466202991083264 0.0225690994411707
2 0 0 0.00467937998473644 0.0225393995642662
1 0 0 0.0047023999504745 0.0225000008940697
1 0 0 0.0047023999504745 0.0225000008940697
2 0 0 0.00472531979903579 0.0224606990814209
3 0 0 0.00474243005737662 0.0224312990903854
4 0 0 0.00476797996088862 0.0223874002695084
5 0 0 0.00480603007599711 0.0223217997699976
6 0 0 0.00486251013353467 0.0222242008894682
7 0 0 0.00494587002322078 0.022079499438405
8 0 0 0.00506789982318878 0.0218662992119789
9 0 0 0.00524418009445071 0.0215550009161234
10 0 0 0.0054124197922647 0.0212539993226528
11 0 0 0.00557271018624306 0.0209634006023407
12 0 0 0.00572512019425631 0.0206834003329277
13 0 0 0.00586972991004586 0.0204137992113829
14 0 0 0.00600663013756275 0.0201549995690584
15 0 0 0.00613588001579046 0.0199068002402782
16 0 0 0.00625756988301873 0.0196694992482662
17 0 0 0.00637177005410194 0.0194432009011507
18 0 0 0.00647856015712023 0.0192280001938343
19 0 0 0.00657803006470203 0.0190242007374763
20 0 0 0.00667023006826639 0.0188318006694317
21 0 0 0.00675525981932878 0.0186510998755693
22 0 0 0.00683317985385656 0.0184824001044035
23 0 0 0.00690406979992986 0.0183258000761271
24 0 0 0.00696799997240305 0.0181818008422852
25 0 0 0.00702504999935627 0.0180504992604256
26 0 0 0.00707527995109558 0.0179322995245457
27 0 0 0.00711878016591072 0.0178277008235455
28 0 0 0.00715560978278518 0.0177369993180037
29 0 0 0.00718584004789591 0.0176608003675938
30 0 0 0.00720955990254879 0.0175995007157326
31 0 0 0.00722682988271117 0.0175537001341581
32 0 0 0.00723773986101151 0.0175240002572536
33 0 0 0.00724236015230417 0.0175110995769501
34 2 22 0.00724253989756107 0.017510499805212
35 0 0 0.00723943999037147 0.0175196006894112
36 0 0 0.00723023992031813 0.0175471995025873
37 0 0 0.00721505982801318 0.017594100907445
38 0 0 0.00719397980719805 0.0176614001393318
39 0 0 0.00716712977737188 0.0177498999983072
40 0 0 0.00713462987914681 0.0178608000278473
41 0 0 0.00709663005545735 0.0179951004683971
42 0 0 0.00705329002812505 0.0181540008634329
43 0 0 0.00700479000806808 0.0183386001735926
44 0 0 0.00695134000852704 0.0185502003878355
45 0 0 0.00689317006617785 0.0187896993011236
46 0 0 0.00683054979890585 0.0190583001822233
47 0 0 0.00676376977935433 0.0193571001291275
48 0 0 0.00669318018481135 0.0196867994964123
49 0 0 0.00661912001669407 0.0200481005012989
50 3 24 0.00654199998825788 0.0204415991902351
51 0 0 0.00646224012598395 0.0208673998713493
52 0 0 0.00638026976957917 0.0213255994021893
53 0 0 0.00629654014483094 0.021815799176693
54 0 0 0.00621148990467191 0.0223375000059605
55 0 0 0.00612556003034115 0.0228898003697395
56 0 0 0.00603915005922318 0.0234718006104231
57 0 0 0.00595265999436378 0.024082200601697
58 0 0 0.00586641021072865 0.024719700217247
59 0 0 0.00578070990741253 0.0253832004964352
60 0 0 0.00569579983130097 0.0260710995644331
61 0 0 0.00561189977452159 0.0267823003232479
62 0 0 0.00552916014567018 0.0275155007839203
63 0 0 0.00544770993292332 0.0282697007060051
64 0 0 0.00536763016134501 0.0290438998490572
65 0 0 0.00528897996991873 0.0298372991383076
66 0 0 0.00521179009228945 0.0306493993848562
67 0 0 0.00513606984168291 0.031479399651289
68 0 0 0.00506180012598634 0.0323272012174129
69 0 0 0.00498896976932883 0.0331923998892307
70 0 0 0.0049175200983882 0.0340748988091946
71 0 0 0.0048474301584065 0.0349748991429806
72 0 0 0.00477863010019064 0.0358923003077507
73 0 0 0.00471107009798288 0.0368275009095669
74 0 0 0.00464469008147717 0.0377806983888149
75 0 0 0.00457944022491574 0.0387526005506516
76 0 0 0.00451525021344423 0.0397435016930103
77 0 0 0.00445205019786954 0.0407541990280151
78 0 0 0.00438978988677263 0.0417854003608227
79 0 0 0.00432841014117002 0.0428377985954285
80 0 0 0.00426784018054605 0.0439125001430511
81 0 0 0.00420803017914295 0.0450104996562004
82 0 0 0.00414890982210636 0.0461327992379665
83 0 0 0.00409043021500111 0.0472805984318256
84 0 0 0.00403254013508558 0.0484553016722202
85 0 0 0.00397517019882798 0.0496582016348839
86 0 0 0.00391827989369631 0.050891000777483
87 0 0 0.00386181008070707 0.0521552003920078
88 0 0 0.00380571000277996 0.0534525997936726
89 0 0 0.00374994007870555 0.0547851994633675
90 0 0 0.00369442999362946 0.0561549998819828
91 0 0 0.00363913993351161 0.0575641989707947
92 0 0 0.00358402007259429 0.0590151995420456
93 0 0 0.00352902989834547 0.0605106987059116
94 0 0 0.00347411003895104 0.0620531998574734
95 0 0 0.003419219981879 0.0636460036039352
96 0 0 0.00336429988965392 0.065292201936245
97 0 0 0.00330931995995343 0.0669953003525734
98 0 0 0.00325422990135849 0.068759098649025
99 0 0 0.00319897010922432 0.0705877020955086
100 4 24 0.00314349005930126 0.0724856033921242
101 0 0 0.00308775994926691 0.0744573995471001
102 0 0 0.00303171994164586 0.0765084996819496
103 0 0 0.00297531997784972 0.0786444023251534
104 0 0 0.00291850999929011 0.0808714032173157
105 0 0 0.00286124995909631 0.0831959024071693
106 0 0 0.00280348001979291 0.0856252983212471
107 0 0 0.00274515990167856 0.0881673023104668
108 0 0 0.00268623000010848 0.0908304005861282
109 0 0 0.00262664002366364 0.0936238020658493
110 0 0 0.00256634992547333 0.0965574011206627
111 0 0 0.00250531989149749 0.0996420010924339
112 0 0 0.00244348007254303 0.102889001369476
113 0 0 0.00238081999123096 0.106311000883579
114 0 0 0.00231728004291654 0.109921000897884
115 0 0 0.00225283997133374 0.113733001053333
116 0 0 0.00218745996244252 0.117761999368668
117 0 0 0.00212114001624286 0.12202300131321
118 0 0 0.00205386010929942 0.126534000039101
119 0 0 0.00198563002049923 0.131310001015663
120 0 0 0.00191647000610828 0.136368006467819
121 0 0 0.00184640998486429 0.14172500371933
122 0 0 0.00177551002707332 0.147396996617317
123 0 0 0.00170382997021079 0.153399005532265
124 0 0 0.00163147004786879 0.159744992852211
125 0 0 0.0015585400396958 0.166446000337601
126 0 0 0.00148515996988863 0.173512995243073
127 0 0 0.00141149002593011 0.180952996015549
128 0 0 0.00133767002262175 0.188768997788429
129 0 0 0.00126387004274875 0.196962997317314
130 0 0 0.00119025004096329 0.205531999468803
131 0 0 0.00111696997191757 0.214471995830536
132 0 0 0.00104419002309442 0.223775997757912
133 0 0 0.000972038018517196 0.23343400657177
134 0 0 0.000900649989489466 0.243435993790627
135 0 0 0.000830126984510571 0.253769010305405
136 0 0 0.000760558003094047 0.264421999454498
137 0 0 0.000692012021318078 0.275379985570908
138 0 0 0.000624537991825491 0.286632001399994
139 0 0 0.000558172992896289 0.298166006803513
140 0 0 0.000492934021167457 0.309967994689941
141 0 0 0.000428828992880881 0.322026997804642
142 0 0 0.000365852989489213 0.33433398604393
143 0 0 0.00030399500974454 0.346877992153168
144 0 0 0.000243232992943376 0.359649002552032
145 0 0 0.000183541997103021 0.372639000415802
146 0 0 0.000124892001622356 0.385839998722076
147 0 0 6.72519017825834E-05 0.399244010448456
148 0 0 1.05856997834053E-05 0.412842988967896
149 0 0 -4.51419000455644E-05 0.42663100361824
150 5 24 -9.9966797279194E-05 0.440600007772446
151 0 0 -0.000153924993355758 0.45474499464035
152 0 0 -0.000207053002668545 0.469058007001877
153 0 0 -0.000259383989032358 0.483534008264542
154 0 0 -0.000310951989376917 0.498167008161545
155 0 0 -0.000361790996976197 0.512948989868164
156 0 0 -0.000411929999245331 0.527876019477844
157 0 0 -0.000461401010397822 0.542940020561218
158 0 0 -0.000510231009684503 0.558134973049164
159 0 0 -0.000558446976356208 0.573455989360809
160 0 0 -0.000606075976975262 0.588895976543427
161 0 0 -0.000653141003567725 0.604449987411499
162 0 0 -0.000699665979482234 0.620109975337982
163 0 0 -0.000745673023629934 0.63587099313736
164 0 0 -0.000791182974353433 0.651727974414825
165 0 0 -0.000836214981973171 0.667672991752625
166 0 0 -0.000880790001247078 0.683703005313873
167 0 0 -0.000924926018342376 0.699810028076172
168 0 0 -0.000968637992627919 0.715991020202637
169 0 0 -0.00101194996386766 0.732239007949829
170 0 0 -0.00105485995300114 0.74855101108551
171 0 0 -0.00109740998595953 0.764921009540558
172 0 0 -0.00113959005102515 0.781345009803772
173 0 0 -0.0011814299505204 0.797819018363953
174 0 0 -0.00122293003369123 0.814338982105255
175 0 0 -0.00126411998644471 0.830901026725769
176 0 0 -0.00130500004161149 0.847503006458282
177 0 0 -0.0013455799780786 0.864139974117279
178 0 0 -0.00138588005211204 0.880810022354126
179 0 0 -0.00142591004259884 0.897511005401611
180 0 0 -0.00146567996125668 0.91423898935318
181 0 0 -0.00150520005263388 0.930992007255554
182 0 0 -0.00154447997920215 0.947768986225128
183 0 0 -0.00158352998550981 0.964565992355347
184 0 0 -0.00162234995514154 0.98138302564621
185 0 0 -0.00166096002794802 0.99821799993515
186 0 0 -0.00169936998281628 1.01506996154785
187 0 0 -0.00173758005257696 1.03193998336792
188 0 0 -0.0017756000161171 1.04881000518799
189 0 0 -0.00181344000156969 1.06570994853973
190 0 0 -0.00185110000893474 1.08261001110077
191 0 0 -0.00188859994523227 1.09951996803284
192 0 0 -0.00192593003157526 1.11644995212555
193 0 0 -0.0019631099421531 1.13338005542755
194 0 0 -0.00200014002621174 1.15032005310059
195 0 0 -0.00203701993450522 1.16726005077362
196 0 0 -0.00207376992329955 1.18421995639801
197 0 0 -0.00211038999259472 1.20117998123169
198 0 0 -0.00214686989784241 1.21814000606537
199 0 0 -0.00218323990702629 1.23511004447937
200 6 24 -0.00221947999671102 1.2520899772644
201 0 0 -0.00225560995750129 1.26906001567841
202 0 0 -0.00229163002222776 1.28604996204376
203 0 0 -0.00232753995805979 1.30303001403809
204 0 0 -0.00236336002126336 1.32001996040344
205 0 0 -0.00239906995557249 1.33702003955841
206 0 0 -0.00243468000553548 1.35400998592377
207 0 0 -0.00247020996175706 1.37100994586945
208 0 0 -0.00250565004535019 1.38801002502441
209 0 0 -0.00254100002348423 1.40500998497009
210 0 0 -0.00257625989615917 1.42201995849609
211 0 0 -0.00261144991964102 1.43902003765106
212 0 0 -0.00264656008221209 1.45603001117706
213 0 0 -0.00268159992992878 1.47303998470306
214 0 0 -0.0027165599167347 1.49004995822906
215 0 0 -0.00275145005434752 1.50706994533539
216 0 0 -0.00278627988882363 1.52408003807068
217 0 0 -0.00283838994801044 1.54960000514984
218 0 0 -0.0028903700876981 1.57512998580933
219 0 0 -0.00294221006333828 1.60065996646881
220 0 0 -0.00299391988664865 1.62618005275726
221 0 0 -0.00304551003500819 1.65172004699707
222 0 0 -0.00309699005447328 1.67725002765656
223 0 0 -0.00314834993332624 1.70278000831604
224 0 0 -0.00319960992783308 1.72832000255585
225 0 0 -0.00325076002627611 1.75384998321533
226 0 0 -0.00330182001926005 1.77938997745514
227 0 0 -0.00335278990678489 1.80491995811462
228 0 0 -0.00342907011508942 1.84323000907898
229 0 0 -0.00350516010075808 1.88153994083405
230 0 0 -0.00358107010833919 1.9198499917984
231 0 0 -0.00365681992843747 1.95816004276276
232 0 0 -0.00373241002671421 1.99646997451782
233 0 0 -0.00380784994922578 2.0347900390625
234 0 0 -0.00388314994052052 2.07310009002686
235 0 0 -0.00395831977948546 2.11141991615295
236 0 0 -0.00407083984464407 2.16888999938965
237 0 0 -0.00418310007080436 2.22636008262634
238 0 0 -0.00429510977119207 2.28383994102478
239 0 0 -0.0044069099240005 2.34131002426147
240 0 0 -0.00451850006356835 2.39878988265991
241 0 0 -0.00462990021333098 2.45626997947693
242 0 0 -0.00479666003957391 2.54247999191284
243 0 0 -0.00496305990964174 2.62870001792908
244 0 0 -0.0051291398704052 2.71492004394531
245 0 0 -0.00529491994529963 2.80114006996155
246 0 0 -0.00546044018119574 2.88736009597778
247 0 0 -0.00562570011243224 2.97358989715576
248 0 0 -0.00579075003042817 3.059809923172
249 0 0 -0.00598130980506539 3.15949988365173
250 7 24 -0.00617161020636559 3.25919008255005
251 0 0 -0.00636170012876391 3.35888004302979
252 0 0 -0.00655156979337335 3.45858001708984
253 0 0 -0.0067412699572742 3.55826997756958
254 0 0 -0.00693078991025686 3.65796995162964
255 0 0 -0.00712015014141798 3.7576699256897
256 0 0 -0.00730937020853162 3.85737991333008
257 0 0 -0.00749845989048481 3.95707988739014
258 0 0 -0.00768742011860013 4.05678987503052
259 0 0 -0.00787627045065165 4.15650987625122
260 0 0 -0.00806501973420382 4.2562198638916
261 0 0 -0.00825367029756308 4.3559398651123
262 0 0 -0.00844222959131002 4.45565986633301
263 0 0 -0.00863070972263813 4.55537986755371
264 0 0 -0.00881910976022482 4.65510988235474
265 0 0 -0.00900743994861841 4.75483989715576
266 0 0 -0.00919569004327059 4.85456991195679
267 0 0 -0.00938388984650373 4.95430994033813
268 0 0 -0.00957203004509211 5.05404996871948
269 0 0 -0.00976010970771313 5.15378999710083
270 0 0 -0.00994814001023769 5.2535400390625
271 0 0 -0.0101361004635692 5.35329008102417
272 0 0 -0.0103241000324488 5.45304012298584
273 0 0 -0.0105119999498129 5.55279016494751
274 0 0 -0.0106998002156615 5.6525502204895
275 0 0 -0.0108875995501876 5.75230979919434
276 0 0 -0.0110753998160362 5.85207986831665
277 0 0 -0.0112632000818849 5.95184993743896
278 0 0 -0.0114508997648954 6.05162000656128
279 0 0 -0.0116386003792286 6.15139007568359
280 0 0 -0.0118262004107237 6.25117015838623
281 0 0 -0.0120139000937343 6.35094976425171
282 0 0 -0.0122015001252294 6.45072984695435
283 0 0 -0.0123889995738864 6.5505199432373
284 0 0 -0.0125765996053815 6.65031003952026
285 0 0 -0.0127641996368766 6.75010013580322
286 0 0 -0.0129517000168562 6.84989976882935
287 0 0 -0.0131392003968358 6.94969987869263
288 0 0 -0.0133266998454928 7.04949998855591
289 0 0 -0.0135140996426344 7.14930009841919
290 0 0 -0.013701600022614 7.24911022186279
291 0 0 -0.0138889998197556 7.34891986846924
292 0 0 -0.0140763996168971 7.44872999191284
293 0 0 -0.0142638999968767 7.54855012893677
294 0 0 -0.0144512997940183 7.64836978912354
295 0 0 -0.0146385999396443 7.74818992614746
296 0 0 -0.0148259997367859 7.84802007675171
297 0 0 -0.01501340046525 7.94785022735596
298 0 0 -0.0152006996795535 8.04767990112305
299 0 0 -0.0153881004080176 8.14750957489014
300 8 24 -0.0155753996223211 8.24734973907471
301 0 0 -0.0157626997679472 8.34718036651611
302 0 0 -0.0159499999135733 8.44703006744385
303 0 0 -0.0161373000591993 8.54687023162842
304 0 0 -0.0163246002048254 8.64671993255615
305 0 0 -0.0165119003504515 8.74656009674072
306 0 0 -0.0166992004960775 8.84642028808594
307 0 0 -0.0168865006417036 8.94626998901367
308 0 0 -0.0170738007873297 9.04613018035889
309 0 0 -0.0172610003501177 9.14597988128662
310 0 0 -0.0174483004957438 9.24584007263184
311 0 0 -0.0176355000585318 9.34570980072021
312 0 0 -0.0178228002041578 9.44556999206543
313 0 0 -0.0180099997669458 9.54543972015381
314 0 0 -0.0181972999125719 9.6453104019165
315 0 0 -0.0183844994753599 9.74518013000488
316 0 0 -0.0185717009007931 9.84506034851074
317 0 0 -0.0187589004635811 9.94493007659912
318 0 0 -0.0189462006092072 10.0447998046875
319 0 0 -0.0191334001719952 10.144700050354
320 0 0 -0.0193205997347832 10.2446002960205
321 0 0 -0.0195077992975712 10.3444995880127
322 0 0 -0.0196950007230043 10.444299697876
323 0 0 -0.0198822002857924 10.5441999435425
324 0 0 -0.0200693998485804 10.644100189209
325 0 0 -0.0202565994113684 10.7440004348755
326 0 0 -0.0204438008368015 10.8438997268677
327 0 0 -0.0206310003995895 10.9437999725342
328 0 0 -0.0208181999623775 11.0437002182007
329 0 0 -0.0210053008049726 11.1436004638672
330 0 0 -0.0211925003677607 11.2434997558594
331 0 0 -0.0213796999305487 11.3434000015259
332 0 0 -0.0215668994933367 11.4433002471924
333 0 0 -0.0217541009187698 11.5431995391846
334 0 0 -0.0219411998987198 11.6430997848511
335 0 0 -0.0221283994615078 11.7430000305176
336 0 0 -0.022315600886941 11.8429002761841
337 0 0 -0.0225026998668909 11.9428997039795
338 0 0 -0.0226898994296789 12.042799949646
339 0 0 -0.0228771008551121 12.1427001953125
340 0 0 -0.023064199835062 12.242600440979
341 0 0 -0.02325139939785 12.3424997329712
342 0 0 -0.0234385002404451 12.4423999786377
343 0 0 -0.0236256998032331 12.5424003601074
344 0 0 -0.0238128993660212 12.6422996520996
345 0 0 -0.0240000002086163 12.7421998977661
346 0 0 -0.0241871997714043 12.8421001434326
347 0 0 -0.0243743006139994 12.942099571228
348 0 0 -0.0245615001767874 13.0419998168945
349 0 0 -0.0247485991567373 13.141900062561
350 9 24 -0.0249358005821705 13.2418003082275
351 0 0 -0.0251228995621204 13.3417997360229
352 0 0 -0.0253100991249084 13.4416999816895
353 0 0 -0.0254971999675035 13.541600227356
354 0 0 -0.0256843008100986 13.6415996551514
355 0 0 -0.0258715003728867 13.7414999008179
356 0 0 -0.0260585993528366 13.8415002822876
357 0 0 -0.0262458007782698 13.9413995742798
358 0 0 -0.0264328997582197 14.0412998199463
359 0 0 -0.0266200006008148 14.141300201416
360 0 0 -0.0268072001636028 14.2412004470825
361 0 0 -0.0269942991435528 14.3411998748779
362 0 0 -0.0271815005689859 14.4411001205444
363 0 0 -0.0273685995489359 14.5410003662109
364 0 0 -0.027555700391531 14.6409997940063
365 0 0 -0.027742899954319 14.7409000396729
366 0 0 -0.0279300007969141 14.8409004211426
367 0 0 -0.0281170997768641 14.9407997131348
368 0 0 -0.0283042993396521 15.0408000946045
369 0 0 -0.0284914001822472 15.140700340271
370 0 0 -0.0286784991621971 15.2406997680664
371 0 0 -0.0288656000047922 15.3406000137329
372 0 0 -0.0290527995675802 15.4406003952026
373 0 0 -0.0292399004101753 15.5404996871948
374 0 0 -0.0294269993901253 15.6405000686646
375 0 0 -0.0296142008155584 15.7404003143311
376 0 0 -0.0298012997955084 15.8403997421265
377 0 0 -0.0299884006381035 15.940299987793
378 0 0 -0.0301754996180534 16.0403003692627
379 0 0 -0.0303626991808414 16.1403007507324
380 0 0 -0.0305498000234365 16.2402000427246
381 0 0 -0.0307369008660316 16.3402004241943
382 0 0 -0.0309239998459816 16.4400997161865
383 0 0 -0.0311111006885767 16.5401000976563
384 0 0 -0.0312982983887196 16.6399993896484
385 0 0 -0.0314854010939598 16.7399997711182
386 0 0 -0.0316725000739098 16.8400001525879
387 0 0 -0.0318595990538597 16.9398994445801
388 0 0 -0.0320467017591 17.0398998260498
389 0 0 -0.032233901321888 17.1399002075195
390 0 0 -0.0324210003018379 17.2397994995117
391 0 0 -0.0326080992817879 17.3397998809814
392 0 0 -0.0327951982617378 17.4398002624512
393 0 0 -0.0329823009669781 17.5396995544434
394 0 0 -0.0331695005297661 17.6396999359131
395 0 0 -0.033356599509716 17.7397003173828
396 0 0 -0.033543698489666 17.839599609375
397 0 0 -0.0337308011949062 17.9395999908447
398 0 0 -0.0339179001748562 18.0396003723145
399 0 0 -0.0341049991548061 18.1394996643066
400 10 24 -0.0342921018600464 18.2395000457764
401 0 0 -0.0344793014228344 18.3395004272461
402 0 0 -0.0346664004027843 18.4393997192383
403 0 0 -0.0348534993827343 18.539400100708
404 0 0 -0.0350405983626842 18.6394004821777
405 0 0 -0.0352277010679245 18.7392997741699
406 0 0 -0.0354148000478745 18.8393001556396
407 0 0 -0.0356018990278244 18.9393005371094
408 0 0 -0.0357890017330647 19.0393009185791
409 0 0 -0.0359761007130146 19.1392002105713
410 0 0 -0.0361633002758026 19.239200592041
411 0 0 -0.0363503992557526 19.3391990661621
412 0 0 -0.0365374982357025 19.4391994476318
413 0 0 -0.0367246009409428 19.5391006469727
414 0 0 -0.0369116999208927 19.6390991210938
415 0 0 -0.0370987989008427 19.7390995025635
416 0 0 -0.0372859016060829 19.8390998840332
417 0 0 -0.0374730005860329 19.9389991760254
418 0 0 -0.0376600995659828 20.0389995574951
419 0 0 -0.0378471985459328 20.1389999389648
420 0 0 -0.038034301251173 20.2390003204346
421 0 0 -0.038221400231123 20.3388996124268
422 0 0 -0.038408599793911 20.4388999938965
423 0 0 -0.0385956987738609 20.5389003753662
424 0 0 -0.0387828014791012 20.6389007568359
425 0 0 -0.0389699004590511 20.738899230957
426 0 0 -0.0391569994390011 20.8388004302979
427 0 0 -0.039344098418951 20.9388008117676
428 0 0 -0.0395312011241913 21.0387992858887
429 0 0 -0.0397183001041412 21.1387996673584
430 0 0 -0.0399053990840912 21.2388000488281
431 0 0 -0.0400925017893314 21.3386993408203
432 0 0 -0.0402796007692814 21.43869972229
433 0 0 -0.0404666997492313 21.5387001037598
434 0 0 -0.0406537987291813 21.6387004852295
435 0 0 -0.0408409014344215 21.7387008666992
436 0 0 -0.0410280004143715 21.8386001586914
437 0 0 -0.0412150993943214 21.9386005401611
438 0 0 -0.0414021983742714 22.0386009216309
439 0 0 -0.0415893010795116 22.138599395752
440 0 0 -0.0417764000594616 22.2385997772217
441 0 0 -0.0419634990394115 22.3386001586914
442 0 0 -0.0421506017446518 22.4384994506836
443 0 0 -0.0423377007246017 22.5384998321533
444 0 0 -0.0425247997045517 22.638500213623
445 0 0 -0.0427118986845016 22.7385005950928
446 0 0 -0.0428990013897419 22.8384990692139
447 0 0 -0.0430861003696918 22.9384994506836
448 0 0 -0.0432731993496418 23.0384006500244
449 0 0 -0.0434602983295918 23.1383991241455
450 11 24 -0.043647401034832 23.2383995056152
451 0 0 -0.043834500014782 23.338399887085
452 0 0 -0.0440215989947319 23.4384002685547
453 0 0 -0.0442087016999722 23.5384006500244
454 0 0 -0.0443958006799221 23.6383991241455
455 0 0 -0.0445828996598721 23.7383003234863
456 0 0 -0.044769998639822 23.8383007049561
457 0 0 -0.0449571013450623 23.9382991790771
458 0 0 -0.0451442003250122 24.0382995605469
459 0 0 -0.0453312993049622 24.1382999420166
460 0 0 -0.0455183982849121 24.2383003234863
461 0 0 -0.0457055009901524 24.3383007049561
462 0 0 -0.0458925999701023 24.4382991790771
463 0 0 -0.0460795983672142 24.538200378418
464 0 0 -0.0462667010724545 24.6382007598877
465 0 0 -0.0464538000524044 24.7381992340088
466 0 0 -0.0466408990323544 24.8381996154785
467 0 0 -0.0468280017375946 24.9381999969482
468 0 0 -0.0470151007175446 25.038200378418
469 0 0 -0.0472021996974945 25.1382007598877
470 0 0 -0.0473892986774445 25.2381992340088
471 0 0 -0.0475764013826847 25.3381004333496
472 0 0 -0.0477635003626347 25.4381008148193
473 0 0 -0.0479505993425846 25.5380992889404
474 0 0 -0.0481376983225346 25.6380996704102
475 0 0 -0.0483248010277748 25.7381000518799
476 0 0 -0.0485119000077248 25.8381004333496
477 0 0 -0.0486989989876747 25.9381008148193
478 0 0 -0.0488860011100769 26.0380992889404
479 0 0 -0.0490731000900269 26.1380996704102
480 0 0 -0.0492601990699768 26.2381000518799
481 0 0 -0.0494473017752171 26.3379993438721
482 0 0 -0.049634400755167 26.4379997253418
483 0 0 -0.049821499735117 26.5380001068115
484 12 29 -0.0500085987150669 26.6380004882813
