-331 15 9 -0.0500660985708237 -0.396811991930008
-330 0 0 -0.0493765994906425 -0.391429007053375
-329 0 0 -0.0486886985599995 -0.386081010103226
-328 0 0 -0.0480020008981228 -0.380764991044998
-327 0 0 -0.0473159998655319 -0.375479012727737
-326 0 0 -0.0466304011642933 -0.370222002267838
-325 0 0 -0.0459447987377644 -0.364991992712021
-324 0 0 -0.0452588014304638 -0.35978901386261
-323 0 0 -0.0445719994604588 -0.35460901260376
-322 0 0 -0.0438838005065918 -0.349451988935471
-321 0 0 -0.0431941002607346 -0.344316005706787
-320 0 0 -0.0425021983683109 -0.339199006557465
-319 0 0 -0.0418079011142254 -0.334100008010864
-318 0 0 -0.0411107018589973 -0.329017013311386
-317 0 0 -0.0404101014137268 -0.323947995901108
-316 0 0 -0.0397058986127377 -0.318890988826752
-315 0 0 -0.0389975011348724 -0.313845992088318
-314 0 0 -0.0382845997810364 -0.308809012174606
-313 0 0 -0.0375667996704578 -0.303779989480972
-312 0 0 -0.0368436984717846 -0.298754990100861
-311 0 0 -0.0361148007214069 -0.29373499751091
-310 0 0 -0.0353799983859062 -0.288715988397598
-309 0 0 -0.0348865017294884 -0.285369008779526
-308 0 0 -0.0343900993466377 -0.282021999359131
-307 0 0 -0.0338907018303871 -0.278672993183136
-306 0 0 -0.0333881005644798 -0.275323003530502
-305 0 0 -0.0328822992742062 -0.271968990564346
-304 0 0 -0.0323732011020184 -0.268611997365952
-303 0 0 -0.0318607985973358 -0.265249997377396
-302 0 0 -0.0313449017703533 -0.26188400387764
-301 0 0 -0.030825600028038 -0.258511990308762
-300 14 4 -0.0303026996552944 -0.255133002996445
-299 0 0 -0.0297762006521225 -0.251747012138367
-298 0 0 -0.02924619987607 -0.248353004455566
-297 0 0 -0.0287124998867512 -0.244949996471405
-296 0 0 -0.0283547006547451 -0.242676004767418
-295 0 0 -0.0279954001307487 -0.24039700627327
-294 0 0 -0.0276344008743763 -0.23811399936676
-293 0 0 -0.0272717997431755 -0.235825002193451
-292 0 0 -0.0269076004624367 -0.23352999985218
-291 0 0 -0.0265418998897076 -0.23123000562191
-290 0 0 -0.0261745993047953 -0.228924006223679
-289 0 0 -0.0258057992905378 -0.226611003279686
-288 0 0 -0.0254354998469353 -0.224291995167732
-287 0 0 -0.0250636991113424 -0.221965000033379
-286 0 0 -0.0246904995292425 -0.219631001353264
-285 0 0 -0.0243158992379904 -0.217289999127388
-284 0 0 -0.0239399001002312 -0.214939996600151
-283 0 0 -0.0235626008361578 -0.212580993771553
-282 0 0 -0.023310299962759 -0.211004003882408
-281 0 0 -0.0230574999004602 -0.209423005580902
-280 0 0 -0.0228042006492615 -0.207837000489235
-279 0 0 -0.0225502997636795 -0.206248000264168
-278 0 0 -0.0222960002720356 -0.20465299487114
-277 0 0 -0.0220410991460085 -0.203054994344711
-276 0 0 -0.0217857994139194 -0.201451003551483
-275 0 0 -0.0215300992131233 -0.199843004345894
-274 0 0 -0.0212740004062653 -0.198229998350143
-273 0 0 -0.021017499268055 -0.196612000465393
-272 0 0 -0.0207605995237827 -0.194988995790482
-271 0 0 -0.0205033998936415 -0.19336000084877
-270 0 0 -0.0202457997947931 -0.191725999116898
-269 0 0 -0.0199880003929138 -0.190086007118225
-268 0 0 -0.0197299998253584 -0.18844099342823
-267 0 0 -0.0194716993719339 -0.186789005994797
-266 0 0 -0.0192131996154785 -0.185131996870041
-265 0 0 -0.018954599276185 -0.183467999100685
-264 0 0 -0.0186957996338606 -0.181798994541168
-263 0 0 -0.0184369999915361 -0.180122002959251
-262 0 0 -0.0181780997663736 -0.178439006209373
-261 0 0 -0.0179191995412111 -0.176750004291534
-260 0 0 -0.0176602993160486 -0.175053998827934
-259 0 0 -0.0174014996737242 -0.173350006341934
-258 0 0 -0.0171428006142378 -0.171639993786812
-257 0 0 -0.0168843008577824 -0.16992199420929
-256 0 0 -0.0166260004043579 -0.168197005987167
-255 0 0 -0.0163678992539644 -0.166464000940323
-254 0 0 -0.0161102004349232 -0.164724007248878
-253 0 0 -0.0158527996391058 -0.162975996732712
-252 0 0 -0.0155958002433181 -0.161220997571945
-251 0 0 -0.0153393000364304 -0.159456998109818
-250 13 4 -0.0150832999497652 -0.157685995101929
-249 0 0 -0.0148278996348381 -0.15590700507164
-248 0 0 -0.0145731996744871 -0.154118999838829
-247 0 0 -0.0143192000687122 -0.152324005961418
-246 0 0 -0.0140658998861909 -0.150520995259285
-245 0 0 -0.0138135999441147 -0.148709997534752
-244 0 0 -0.0135621996596456 -0.146890997886658
-243 0 0 -0.0133117996156216 -0.145063996315002
-242 0 0 -0.0130625003948808 -0.143230006098747
-241 0 0 -0.0128143997862935 -0.14138899743557
-240 0 0 -0.012567600235343 -0.139541000127792
-239 0 0 -0.0123222004622221 -0.137685999274254
-238 0 0 -0.0120781995356083 -0.135824993252754
-237 0 0 -0.0118359001353383 -0.133957996964455
-236 0 0 -0.011595300398767 -0.132085993885994
-235 0 0 -0.0113564999774098 -0.130208998918533
-234 0 0 -0.011119700036943 -0.128328993916512
-233 0 0 -0.0108848996460438 -0.12644599378109
-232 0 0 -0.0106523996219039 -0.124559998512268
-231 0 0 -0.0104222996160388 -0.122674003243446
-230 0 0 -0.0101945996284485 -0.120787002146244
-229 0 0 -0.00996963027864695 -0.118903003633022
-228 0 0 -0.00974743999540806 -0.117021001875401
-227 0 0 -0.00952820014208555 -0.115143001079559
-226 0 0 -0.00931208021938801 -0.113270998001099
-225 0 0 -0.00909921992570162 -0.111405998468399
-224 0 0 -0.00888977013528347 -0.109549999237061
-223 0 0 -0.00868386961519718 -0.107704997062683
-222 0 0 -0.00848165992647409 -0.105873003602028
-221 0 0 -0.00828326027840376 -0.104055002331734
-220 0 0 -0.00808878988027573 -0.102251999080181
-219 0 0 -0.00789834000170231 -0.100468002259731
-218 0 0 -0.0077120098285377 -0.0987029001116753
-217 0 0 -0.00752987014129758 -0.0969585999846458
-216 0 0 -0.0073519698344171 -0.0952365025877953
-215 0 0 -0.00717834010720253 -0.0935378968715668
-214 0 0 -0.00700900005176663 -0.0918639004230499
-213 0 0 -0.0068439501337707 -0.0902154967188835
-212 0 0 -0.00668318010866642 -0.0885934978723526
-211 0 0 -0.00652666017413139 -0.0869985967874527
-210 0 0 -0.00637432001531124 -0.0854312032461166
-209 0 0 -0.00622612005099654 -0.0838916003704071
-208 0 0 -0.00608198018744588 -0.0823801010847092
-207 0 0 -0.00594181008636951 -0.0808966979384422
-206 0 0 -0.005805519875139 -0.0794413015246391
-205 0 0 -0.00567300990223885 -0.0780137032270432
-204 0 0 -0.00554418005049229 -0.0766135975718498
-203 0 0 -0.0054189101792872 -0.0752405971288681
-202 0 0 -0.00529708992689848 -0.073894202709198
-201 0 0 -0.00517860986292362 -0.0725739002227783
-200 12 4 -0.0050633498467505 -0.0712791010737419
-199 0 0 -0.0049511999823153 -0.0700090974569321
-198 0 0 -0.00484202988445759 -0.0687633007764816
-197 0 0 -0.00473575014621019 -0.0675410032272339
-196 0 0 -0.00463222991675138 -0.0663414001464844
-195 0 0 -0.004531379789114 -0.0651639029383659
-194 0 0 -0.00443306984379888 -0.0640076994895935
-193 0 0 -0.0043372199870646 -0.0628720000386238
-192 0 0 -0.00424371985718608 -0.0617561005055904
-191 0 0 -0.00415246980264783 -0.0606593005359173
-190 0 0 -0.00406339019536972 -0.0595807991921902
-189 0 0 -0.00397637998685241 -0.0585198998451233
-188 0 0 -0.00389135000295937 -0.0574758984148502
-187 0 0 -0.00380822992883623 -0.0564481988549232
-186 0 0 -0.0037269399035722 -0.0554358996450901
-185 0 0 -0.00364739005453885 -0.0544385015964508
-184 0 0 -0.00356951006688178 -0.0534553006291389
-183 0 0 -0.00349324010312557 -0.0524856001138687
-182 0 0 -0.00341850006952882 -0.0515289008617401
-181 0 0 -0.00334523990750313 -0.0505843013525009
-180 0 0 -0.00327337998896837 -0.0496514998376369
-179 0 0 -0.00320286001078784 -0.0487296991050243
-178 0 0 -0.00313363992609084 -0.0478183999657631
-177 0 0 -0.00306564010679722 -0.0469169989228249
-176 0 0 -0.00299883005209267 -0.0460248999297619
-175 0 0 -0.0029331399127841 -0.0451414994895458
-174 0 0 -0.0028685200959444 -0.0442663989961147
-173 0 0 -0.00280493008904159 -0.0433988012373447
-172 0 0 -0.00274231005460024 -0.0425384007394314
-171 0 0 -0.00268062995746732 -0.0416844002902508
-170 0 0 -0.00261982996016741 -0.0408364981412888
-169 0 0 -0.0025598700158298 -0.0399939008057117
-168 0 0 -0.00250071007758379 -0.0391561985015869
-167 0 0 -0.00244230008684099 -0.0383227989077568
-166 0 0 -0.00238459999673069 -0.0374930985271931
-165 0 0 -0.00232756999321282 -0.0366665981709957
-164 0 0 -0.002271160017699 -0.0358426012098789
-163 0 0 -0.00221534003503621 -0.035020399838686
-162 0 0 -0.00216004997491837 -0.0341995991766453
-161 0 0 -0.00210526003502309 -0.0333793014287949
-160 0 0 -0.00205092993564904 -0.0325588993728161
-159 0 0 -0.00199700007215142 -0.0317375995218754
-158 0 0 -0.00194343004841357 -0.0309148002415895
-157 0 0 -0.00189017003867775 -0.0300894007086754
-156 0 0 -0.00183717999607325 -0.0292607005685568
-155 0 0 -0.00178437994327396 -0.0284276008605957
-154 0 0 -0.00173173996154219 -0.0275890007615089
-153 0 0 -0.00167917995713651 -0.0267439000308514
-152 0 0 -0.00162663997616619 -0.0258908998221159
-151 0 0 -0.00157404004130512 -0.0250285994261503
-150 11 4 -0.00152129994239658 -0.0241553001105785
-149 0 0 -0.00146833003964275 -0.0232692006975412
-148 0 0 -0.00141501997131854 -0.0223680008202791
-147 0 0 -0.0013612499460578 -0.0214492995291948
-146 0 0 -0.001306870020926 -0.0205102004110813
-145 0 0 -0.00127020000945777 -0.01987100020051
-144 0 0 -0.00123311998322606 -0.0192198995500803
-143 0 0 -0.00119556998834014 -0.0185554008930922
-142 0 0 -0.00115747004747391 -0.017875999212265
-141 0 0 -0.00111872004345059 -0.0171796008944511
-140 0 0 -0.00107920996379107 -0.0164638999849558
-139 0 0 -0.00105239998083562 -0.0159747004508972
-138 0 0 -0.0010251400526613 -0.0154748000204563
-137 0 0 -0.000997383962385356 -0.0149630000814795
-136 0 0 -0.000969076994806528 -0.0144381001591682
-135 0 0 -0.00094014301430434 -0.0138983996585011
-134 0 0 -0.000910495000425726 -0.0133423004299402
-133 0 0 -0.00089028401998803 -0.0129613000899553
-132 0 0 -0.000869675015565008 -0.0125713003799319
-131 0 0 -0.000848627008963376 -0.0121713997796178
-130 0 0 -0.000827091978862882 -0.0117605999112129
-129 0 0 -0.000805014977231622 -0.0113377999514341
-128 0 0 -0.000782329007051885 -0.0109014995396137
-127 0 0 -0.000766829994972795 -0.0106023997068405
-126 0 0 -0.000750999024603516 -0.0102960001677275
-125 0 0 -0.000734805013053119 -0.00998174957931042
-124 0 0 -0.000718211987987161 -0.00965883955359459
-123 0 0 -0.000701180018950254 -0.00932641979306936
-122 0 0 -0.000683661026414484 -0.0089834900572896
-121 0 0 -0.000671682006213814 -0.00874845031648874
-120 0 0 -0.000659441982861608 -0.0085078002884984
-119 0 0 -0.000646918022539467 -0.00826110038906336
-118 0 0 -0.000634084979537874 -0.00800780020654202
-117 0 0 -0.000620913982857019 -0.00774731021374464
-116 0 0 -0.000607372028753161 -0.0074789198115468
-115 0 0 -0.000593419012147933 -0.00720182992517948
-114 0 0 -0.000583866029046476 -0.00701180007308722
-113 0 0 -0.000574095000047237 -0.00681714992970228
-112 0 0 -0.000564087997190654 -0.00661751022562385
-111 0 0 -0.000553823017980903 -0.00641246000304818
-110 0 0 -0.000543278991244733 -0.00620152987539768
-109 0 0 -0.000532427977304906 -0.00598414987325668
-108 0 0 -0.00052123999921605 -0.00575968017801642
-107 0 0 -0.000513575971126556 -0.00560574000701308
-106 0 0 -0.00050573400221765 -0.00544804986566305
-105 0 0 -0.000497700006235391 -0.00528634991496801
-104 0 0 -0.000489457976073027 -0.00512030022218823
-103 0 0 -0.000480991002405062 -0.00494953012093902
-102 0 0 -0.000472276995424181 -0.00477362982928753
-101 0 0 -0.000463295000372455 -0.00459210993722081
-100 10 4 -0.000457143993116915 -0.00446770014241338
-99 0 0 -0.000450852006906644 -0.00434035016223788
-98 0 0 -0.000444409000920132 -0.0042098700068891
-97 0 0 -0.000437804992543533 -0.00407599983736873
-96 0 0 -0.000431024993304163 -0.00393849005922675
-95 0 0 -0.000424055993789807 -0.00379704008810222
-94 0 0 -0.000416880997363478 -0.0036513099912554
-93 0 0 -0.000409483007388189 -0.00350093003362417
-92 0 0 -0.000404416001401842 -0.00339786009863019
-91 0 0 -0.000399231998017058 -0.00329238991253078
-90 0 0 -0.000393925001844764 -0.00318433996289968
-89 0 0 -0.000388485990697518 -0.00307354005053639
-88 0 0 -0.000382903992431238 -0.00295979995280504
-87 0 0 -0.000377171003492549 -0.00284289009869099
-86 0 0 -0.00037127299583517 -0.00272256997413933
-85 0 0 -0.000365198007784784 -0.00259856996126473
-84 0 0 -0.000361042009899393 -0.00251371995545924
-83 0 0 -0.000356797012500465 -0.00242701009847224
-82 0 0 -0.000352456991095096 -0.00233833002857864
-81 0 0 -0.000348017987562343 -0.00224757008254528
-80 0 0 -0.000343471998348832 -0.00215460988692939
-79 0 0 -0.000338813988491893 -0.00205934001132846
-78 0 0 -0.000334037991706282 -0.001961600035429
-77 0 0 -0.000329136993968859 -0.00186127005144954
-76 0 0 -0.000324102991726249 -0.00175820000004023
-75 0 0 -0.000318931008223444 -0.00165223004296422
-74 0 0 -0.000313611002638936 -0.00154321000445634
-73 0 0 -0.000308137998217717 -0.00143100996501744
-72 0 0 -0.000302505010040477 -0.00131548999343067
-71 0 0 -0.000296706013614312 -0.00119652005378157
-70 0 0 -0.000290738011244684 -0.00107403995934874
-69 0 0 -0.000284600013401359 -0.000948010012507439
-68 0 0 -0.000278293009614572 -0.000818478991277516
-67 0 0 -0.000271825003437698 -0.000685583974700421
-66 0 0 -0.000265207985648885 -0.000549581018276513
-65 0 0 -0.000258460990153253 -0.00041086200508289
-64 0 0 -0.000244680006289855 -0.000127355000586249
-63 0 0 -7.60253969929181E-05 0.00335140991955996
-62 0 0 0.000361451995559037 0.0122864004224539
-61 0 0 0.000625499989837408 0.0174978002905846
-60 0 0 0.00085200002649799 0.0218276008963585
-59 0 0 0.00106371997389942 0.0257616993039846
-58 0 0 0.00126997998449951 0.02950119972229
-57 0 0 0.00147589005064219 0.0331580005586147
-56 0 0 0.00168485997710377 0.0368077009916306
-55 0 0 0.0018994800047949 0.0405090004205704
-54 0 0 0.00212189997546375 0.0443129986524582
-53 0 0 0.00235407007858157 0.04826869815588
-52 0 0 0.00259777996689081 0.0524262003600597
-51 0 0 0.00285468995571136 0.0568387992680073
-50 9 4 0.00312617002055049 0.0615647993981838
-49 0 0 0.00341314007528126 0.066667303442955
-48 0 0 0.00371556007303298 0.0722121000289917
-47 0 0 0.00403172988444567 0.078261099755764
-46 0 0 0.00435733003541827 0.084859699010849
-45 0 0 0.004684470128268 0.0920170024037361
-44 0 0 0.00500149978324771 0.0996865034103394
-43 0 0 0.00529451016336679 0.10776100307703
-42 0 0 0.00555031979456544 0.116093002259731
-41 0 0 0.00575952976942062 0.124534003436565
-40 0 0 0.0059178601950407 0.132962003350258
-39 0 0 0.00602563004940748 0.141297996044159
-38 0 0 0.00608632992953062 0.149498000741005
37 8 2 0.00610523018985987 0.157543003559113
36 0 0 0.00610523018985987 0.157593995332718
35 0 0 0.00608820002526045 0.165479004383087
34 0 0 0.00604170002043247 0.173210993409157
33 0 0 0.0059717302210629 0.180800005793571
32 0 0 0.00588385015726089 0.18825800716877
31 0 0 0.00578312994912267 0.195598006248474
30 0 0 0.00567405018955469 0.202831998467445
29 0 0 0.00556052988395095 0.209971994161606
28 0 0 0.00544597022235394 0.217030003666878
27 0 0 0.00533322989940643 0.2240149974823
26 0 0 0.00522472988814116 0.230937004089355
25 0 0 0.00512245995923877 0.237803995609283
24 0 0 0.00502802012488246 0.244626000523567
23 0 0 0.00494267977774143 0.251408994197845
22 0 0 0.0048674400895834 0.258161008358002
21 0 0 0.00480302004143596 0.264887988567352
20 0 0 0.00474992021918297 0.271596014499664
19 0 0 0.00470850011333823 0.278292000293732
18 0 0 0.00467891013249755 0.284979999065399
17 0 0 0.00466120010241866 0.291666001081467
-16 7 2 0.00465532997623086 0.298355013132095
-15 0 0 0.0046606701798737 0.304773986339569
-14 0 0 0.00467748986557126 0.31148299574852
-13 0 0 0.00470551988109946 0.318208009004593
-12 0 0 0.004744459874928 0.324954986572266
-11 0 0 0.00479396991431713 0.331726998090744
-10 0 0 0.00485367979854345 0.338528990745544
-9 0 0 0.004898970015347 0.343082010746002
-8 0 0 0.00493152998387814 0.34612700343132
-7 0 0 0.00495427008718252 0.348159998655319
-6 0 0 0.00496987998485565 0.349518001079559
-5 0 0 0.00498047983273864 0.350423991680145
-4 0 0 0.00498763984069228 0.351029008626938
-3 0 0 0.0049924599006772 0.351431995630264
-2 0 0 0.00499567994847894 0.351700991392136
1 0 0 0.00499999988824129 0.352059006690979
1 0 0 0.00499999988824129 0.352059006690979
-2 0 0 0.00500435009598732 0.352418005466461
-3 0 0 0.00500761996954679 0.352687001228333
-4 0 0 0.00501256017014384 0.35309100151062
-5 0 0 0.00502002984285355 0.353697001934052
-6 0 0 0.00503135984763503 0.354606002569199
-7 0 0 0.00504864007234573 0.355971992015839
-8 0 0 0.00507519999518991 0.35802298784256
-9 0 0 0.00511647993698716 0.361108005046844
-10 0 0 0.00518153002485633 0.365754008293152
-11 0 0 0.00528592988848686 0.372763991355896
-12 0 0 0.0053981700912118 0.379828006029129
-13 0 0 0.00551785016432405 0.386949986219406
-14 0 0 0.00564457010477781 0.394134998321533
-15 0 0 0.00577794993296266 0.401387006044388
-16 0 0 0.0059175998903811 0.40871000289917
-17 0 0 0.00606314977630973 0.416108995676041
-18 0 0 0.00621420983225107 0.423586994409561
-19 0 0 0.00637042010203004 0.431149989366531
-20 0 0 0.00653142016381025 0.438802003860474
-21 0 0 0.00669685006141663 0.446548014879227
-22 0 0 0.00686634983867407 0.454392999410629
-23 0 0 0.00703955022618175 0.462341994047165
-24 0 0 0.00721610989421606 0.470398992300034
-25 0 0 0.00739564979448915 0.478572010993958
-26 0 0 0.00757782999426126 0.486864000558853
-27 0 0 0.00776227004826069 0.495281994342804
-28 0 0 0.00794861000031233 0.50383198261261
-29 0 0 0.00813646987080574 0.512520015239716
-30 0 0 0.00832545012235641 0.521353006362915
-31 0 0 0.00851516984403133 0.530336022377014
-32 0 0 0.00870522018522024 0.539478003978729
-33 0 0 0.00889516994357109 0.548784017562866
-34 0 0 0.00908458977937698 0.558264017105103
-35 0 0 0.00927302986383438 0.567923009395599
-36 0 0 0.00946000963449478 0.57777202129364
-37 0 0 0.00964505039155483 0.587817013263702
-38 0 0 0.0098276399075985 0.598067998886108
-39 0 0 0.0100071998313069 0.608533978462219
-40 0 0 0.0101832998916507 0.619224011898041
-41 0 0 0.0103551996871829 0.630146980285645
-42 0 0 0.0105224000290036 0.641315996646881
-43 0 0 0.0106841996312141 0.652737975120544
-44 0 0 0.010839999653399 0.664426982402802
-45 0 0 0.0109890997409821 0.676392018795013
-46 0 0 0.0111306998878717 0.688646018505096
-47 0 0 0.01126420032233 0.701200008392334
-48 0 0 0.0113887004554272 0.714066028594971
-49 0 0 0.0115035995841026 0.727258026599884
-50 2 4 0.0116079999133945 0.740787029266357
-51 0 0 0.0117010995745659 0.754666984081268
-52 0 0 0.0117821004241705 0.768909990787506
-53 0 0 0.0118503998965025 0.783529996871948
-54 0 0 0.0119049996137619 0.798539996147156
-55 0 0 0.0119452998042107 0.813951015472412
-56 0 0 0.0119706997647882 0.829778015613556
-57 0 0 0.0119804004207253 0.846032023429871
58 3 2 0.0119805000722408 0.847845017910004
59 0 0 0.0119724003598094 0.864584982395172
60 0 0 0.01194760017097 0.881776988506317
61 0 0 0.011905999854207 0.899428009986877
62 0 0 0.0118474001064897 0.917549014091492
63 0 0 0.0117718996480107 0.936146974563599
64 0 0 0.0116795999929309 0.955227017402649
65 0 0 0.0115710003301501 0.974795997142792
66 0 0 0.011446800082922 0.994855999946594
67 0 0 0.0113078001886606 1.01540994644165
68 0 0 0.0111552001908422 1.03645002841949
69 0 0 0.0109903002157807 1.05798995494843
70 0 0 0.0108147002756596 1.08001005649567
71 0 0 0.0106303002685308 1.10251998901367
72 0 0 0.0104390000924468 1.12548995018005
73 0 0 0.0102431997656822 1.14893996715546
74 0 0 0.0100451000034809 1.17283999919891
75 0 0 0.00984727963805199 1.19719004631042
76 0 0 0.00965225044637918 1.22196996212006
77 0 0 0.00946262013167143 1.24716997146606
78 0 0 0.00928101968020201 1.27277994155884
79 0 0 0.00910999998450279 1.29878997802734
80 0 0 0.00895208027213812 1.32518005371094
81 0 0 0.00880966987460852 1.35194003582001
82 0 0 0.00868504960089922 1.3790500164032
83 0 0 0.00858035963028669 1.40652000904083
84 0 0 0.00849756971001625 1.43430995941162
85 0 0 0.00843848008662462 1.46243000030518
86 0 0 0.00840468984097242 1.49084997177124
-87 4 2 0.0083968099206686 1.51260995864868
-88 0 0 0.00841084960848093 1.54156005382538
-89 0 0 0.00845365040004253 1.57079994678497
-90 0 0 0.00852612033486366 1.60030996799469
-91 0 0 0.00862899981439114 1.63007998466492
-92 0 0 0.00876284018158913 1.66012001037598
-93 0 0 0.00892806984484196 1.69041001796722
-94 0 0 0.00912493001669645 1.72093999385834
-95 0 0 0.00935356039553881 1.75171995162964
-96 0 0 0.00961396005004644 1.78271996974945
-97 0 0 0.00990603026002645 1.81395995616913
-98 0 0 0.0102295996621251 1.84542000293732
-99 0 0 0.0105843003839254 1.87709999084473
-100 5 4 0.0109697999432683 1.90899002552032
-101 0 0 0.0113856997340918 1.94108998775482
-102 0 0 0.0118313999846578 1.97338998317719
-103 0 0 0.0123063996434212 2.00589990615845
-104 0 0 0.0128102004528046 2.03858995437622
-105 0 0 0.0133419996127486 2.07148003578186
-106 0 0 0.0139012997969985 2.10455989837646
-107 0 0 0.01448730006814 2.13780999183655
-108 0 0 0.0150993997231126 2.17124009132385
-109 0 0 0.0157367996871471 2.2048499584198
-110 0 0 0.0163986999541521 2.2386200428009
-111 0 0 0.0170846004039049 2.27255988121033
-112 0 0 0.0177935995161533 2.30665993690491
-113 0 0 0.0185250006616116 2.34091997146606
-114 0 0 0.0192779991775751 2.37532997131348
-115 0 0 0.0200520996004343 2.40987992286682
-116 0 0 0.0208462998270988 2.444580078125
-117 0 0 0.0216601993888617 2.47941994667053
-118 0 0 0.0224929004907608 2.51440000534058
-119 0 0 0.023343700915575 2.54949998855591
-120 0 0 0.0242120996117592 2.58473992347717
-121 0 0 0.0250972993671894 2.62009000778198
-122 0 0 0.0259987991303205 2.6555700302124
-123 0 0 0.0269159004092216 2.69115996360779
-124 0 0 0.0278478991240263 2.72686004638672
-125 0 0 0.0287944003939629 2.76267004013062
-126 0 0 0.029754800722003 2.79858994483948
-127 0 0 0.0307285003364086 2.83459997177124
-128 0 0 0.0317149013280869 2.87071990966797
-129 0 0 0.0327135995030403 2.90691995620728
-130 0 0 0.0337240993976593 2.94321990013123
-131 0 0 0.0347458012402058 2.97959995269775
-132 0 0 0.0357783995568752 3.01606011390686
-133 0 0 0.036821398884058 3.05260992050171
-134 0 0 0.037874199450016 3.08923006057739
-135 0 0 0.0389366000890732 3.12592005729675
-136 0 0 0.0400081984698772 3.16268992424011
-137 0 0 0.0410883985459805 3.19952011108398
-138 0 0 0.0421770997345448 3.23641991615295
-139 0 0 0.0432736985385418 3.27339005470276
-140 0 0 0.0443781018257141 3.3104100227356
-141 0 0 0.0454896986484528 3.34749007225037
-142 0 0 0.0466085001826286 3.38462996482849
-143 0 0 0.0477338992059231 3.42181992530823
-144 0 0 0.0488657988607883 3.45905995368958
-145 6 9 0.0500039011240005 3.49635004997253
