-224 13 9 -0.0504883006215096 -0.399558007717133
-223 0 0 -0.0498755015432835 -0.394755005836487
-222 0 0 -0.0492640994489193 -0.389979004859924
-221 0 0 -0.0486538000404835 -0.385230004787445
-220 0 0 -0.0480444990098476 -0.380506008863449
-219 0 0 -0.0474357008934021 -0.375806003808975
-218 0 0 -0.0468273013830185 -0.371127992868423
-217 0 0 -0.0462188981473446 -0.366472989320755
-216 0 0 -0.0456103011965752 -0.361838012933731
-215 0 0 -0.0450011007487774 -0.357223004102707
-214 0 0 -0.0443911999464035 -0.352625995874405
-213 0 0 -0.0437800996005535 -0.348046988248825
-212 0 0 -0.0431675985455513 -0.343483000993729
-211 0 0 -0.042553499341011 -0.338934987783432
-210 0 0 -0.0419373996555805 -0.334399998188019
-209 0 0 -0.0413190014660358 -0.329878002405167
-208 0 0 -0.0406979992985725 -0.325367987155914
-207 0 0 -0.0400743000209332 -0.320867002010345
-206 0 0 -0.0394473001360893 -0.316376000642776
-205 0 0 -0.0388169996440411 -0.311892002820969
-204 0 0 -0.0381829999387264 -0.307415008544922
-203 0 0 -0.0375449992716312 -0.302942991256714
-202 0 0 -0.0369026996195316 -0.298474013805389
-201 0 0 -0.0362560003995895 -0.294009000062943
-200 12 4 -0.0356043986976147 -0.289543986320496
-199 0 0 -0.0349478013813496 -0.285079002380371
-198 0 0 -0.0342859998345375 -0.280611008405685
-197 0 0 -0.0336186997592449 -0.276140987873077
-196 0 0 -0.0329456999897957 -0.271665006875992
-195 0 0 -0.0322667993605137 -0.267183005809784
-194 0 0 -0.0315818004310131 -0.262692004442215
-193 0 0 -0.0308906007558107 -0.258190006017685
-192 0 0 -0.0301930997520685 -0.253677010536194
-191 0 0 -0.0294890999794006 -0.249148994684219
-190 0 0 -0.028778700158 -0.244605004787445
-189 0 0 -0.0283014997839928 -0.241566002368927
-188 0 0 -0.0278213992714882 -0.238517999649048
-187 0 0 -0.0273384004831314 -0.235459998250008
-186 0 0 -0.0268524996936321 -0.232390999794006
-185 0 0 -0.0263637993484735 -0.229312002658844
-184 0 0 -0.0258722994476557 -0.226220995187759
-183 0 0 -0.0253779999911785 -0.223115995526314
-182 0 0 -0.024881100282073 -0.219999000430107
-181 0 0 -0.0243816003203392 -0.216866001486778
-180 0 0 -0.0238795001059771 -0.213717997074127
-179 0 0 -0.0233750008046627 -0.210554003715515
-178 0 0 -0.0228681992739439 -0.20737199485302
-177 0 0 -0.0223590992391109 -0.204171001911163
-176 0 0 -0.0218480005860329 -0.200950995087624
-175 0 0 -0.0213350001722574 -0.197708994150162
-174 0 0 -0.0208202004432678 -0.194444999098778
-173 0 0 -0.020303800702095 -0.19115799665451
-172 0 0 -0.01978600025177 -0.187845006585121
-171 0 0 -0.0192670002579689 -0.184505999088287
-170 0 0 -0.0187470000237226 -0.18113799393177
-169 0 0 -0.0182262994349003 -0.177741006016731
-168 0 0 -0.0177049990743399 -0.174311995506287
-167 0 0 -0.0171834994107485 -0.170849993824959
-166 0 0 -0.0166619997471571 -0.167352005839348
-165 0 0 -0.0161407999694347 -0.163818001747131
-164 0 0 -0.0156201999634504 -0.160244002938271
-163 0 0 -0.0151004996150732 -0.156628996133804
-162 0 0 -0.0145819997414947 -0.152970999479294
-161 0 0 -0.0140650998800993 -0.149267002940178
-160 0 0 -0.0135501995682716 -0.145517006516457
-159 0 0 -0.0130377002060413 -0.141717001795769
-158 0 0 -0.0125281000509858 -0.137868002057076
-157 0 0 -0.0120217995718122 -0.133966997265816
-156 0 0 -0.0115194004029036 -0.130015999078751
-155 0 0 -0.0110216997563839 -0.126014992594719
-154 0 0 -0.0105295004323125 -0.121968001127243
-153 0 0 -0.0100437002256513 -0.117877997457981
-152 0 0 -0.00956561043858528 -0.113755002617836
-151 0 0 -0.00909661035984755 -0.109609000384808
-150 11 4 -0.00863843038678169 -0.105457000434399
-149 0 0 -0.00819303002208471 -0.101319000124931
-148 0 0 -0.00776256015524268 -0.0972186028957367
-147 0 0 -0.00734918983653188 -0.0931847020983696
-146 0 0 -0.00695494981482625 -0.0892459973692894
-145 0 0 -0.00658150995150208 -0.0854300037026405
-144 0 0 -0.00622995989397168 -0.0817603021860123
-143 0 0 -0.00590074015781283 -0.0782541036605835
-142 0 0 -0.00559365004301071 -0.0749216005206108
-141 0 0 -0.00530791003257036 -0.0717663988471031
-140 0 0 -0.00504236994311213 -0.0687863007187843
-139 0 0 -0.00479560997337103 -0.0659748017787933
-138 0 0 -0.00456609996035695 -0.063322901725769
-137 0 0 -0.00435231998562813 -0.0608197003602982
-136 0 0 -0.00415277993306518 -0.0584538988769054
-135 0 0 -0.00396610982716084 -0.0562141016125679
-134 0 0 -0.00379104004241526 -0.0540894009172916
-133 0 0 -0.00362641992978752 -0.0520692989230156
-132 0 0 -0.00347122992388904 -0.050144299864769
-131 0 0 -0.00332455011084676 -0.0483056008815765
-130 0 0 -0.00318555999547243 -0.046544998884201
-129 0 0 -0.00305353989824653 -0.0448550991714001
-128 0 0 -0.00292783998884261 -0.0432293005287647
-127 0 0 -0.00280786002986133 -0.04166129976511
-126 0 0 -0.00269310991279781 -0.0401455983519554
-125 0 0 -0.00258308998309076 -0.0386767983436584
-124 0 0 -0.00247741001658142 -0.0372503995895386
-123 0 0 -0.00237565999850631 -0.0358617007732391
-122 0 0 -0.0022774999961257 -0.0345064997673035
-121 0 0 -0.00218260008841753 -0.0331810005009174
-120 0 0 -0.00209066993556917 -0.0318813994526863
-119 0 0 -0.00200142990797758 -0.030603900551796
-118 0 0 -0.00191461003851146 -0.0293450001627207
-117 0 0 -0.00182995002251118 -0.0281010996550322
-116 0 0 -0.00174721004441381 -0.0268686003983021
-115 0 0 -0.00166614004410803 -0.0256436001509428
-114 0 0 -0.00158648996148258 -0.024422200396657
-113 0 0 -0.0015080199809745 -0.023199999704957
-112 0 0 -0.0014304299838841 -0.0219723004847765
-111 0 0 -0.00135342997964472 -0.0207336004823446
-110 0 0 -0.00130226998589933 -0.0198985002934933
-109 0 0 -0.00125108996871859 -0.0190533995628357
-108 0 0 -0.00119979004375637 -0.0181956999003887
-107 0 0 -0.00114820001181215 -0.0173223000019789
-106 0 0 -0.00109614001121372 -0.0164295006543398
-105 0 0 -0.0010434000287205 -0.0155129004269838
-104 0 0 -0.00100772001314908 -0.0148858996108174
-103 0 0 -0.000971526023931801 -0.0142435999587178
-102 0 0 -0.000934688025154173 -0.0135837998241186
-101 0 0 -0.000897063000593334 -0.0129032004624605
-100 10 4 -0.000871455995365977 -0.012436100281775
-99 0 0 -0.000845355971250683 -0.0119569003582001
-98 0 0 -0.000818683998659253 -0.011463699862361
-97 0 0 -0.000791348982602358 -0.0109548000618815
-96 0 0 -0.000763234973419458 -0.0104275997728109
-95 0 0 -0.000743991986382753 -0.0100646000355482
-94 0 0 -0.000724287994671613 -0.00969112012535334
-93 0 0 -0.000704063975717872 -0.00930585991591215
-92 0 0 -0.000683245016261935 -0.00890729017555714
-91 0 0 -0.000661742989905179 -0.00849353987723589
-90 0 0 -0.000646975007839501 -0.00820813979953527
-89 0 0 -0.0006318130181171 -0.00791413988918066
-88 0 0 -0.00061621202621609 -0.00761055015027523
-87 0 0 -0.000600113999098539 -0.00729617988690734
-86 0 0 -0.000583451008424163 -0.00696962000802159
-85 0 0 -0.000571987009607255 -0.00674427021294832
-84 0 0 -0.000560205022338778 -0.00651209987699986
-83 0 0 -0.000548069016076624 -0.0062723602168262
-82 0 0 -0.000535537023097277 -0.00602419022470713
-81 0 0 -0.000522557995282114 -0.0057665198110044
-80 0 0 -0.000513627019245178 -0.00558885000646114
-79 0 0 -0.000504448020365089 -0.00540594011545181
-78 0 0 -0.000494997017085552 -0.00521727977320552
-77 0 0 -0.000485244003357366 -0.00502223009243608
-76 0 0 -0.000475151988212019 -0.00482008000835776
-75 0 0 -0.00046467999345623 -0.0046099298633635
-74 0 0 -0.000457462010672316 -0.00446486985310912
-73 0 0 -0.000450033985543996 -0.00431540980935097
-72 0 0 -0.000442374002886936 -0.0041610999032855
-71 0 0 -0.000434457993833348 -0.00400142977014184
-70 0 0 -0.000426256010541692 -0.00383578008040786
-69 0 0 -0.000417731993366033 -0.00366341997869313
-68 0 0 -0.00041184900328517 -0.00354434992186725
-67 0 0 -0.000405789003707469 -0.00342157995328307
-66 0 0 -0.000399534008465707 -0.00329474988393486
-65 0 0 -0.000393063004594296 -0.00316342990845442
-64 0 0 -0.000386350991902873 -0.00302710989490151
-63 0 0 -0.000379369012080133 -0.00288518005982041
-62 0 0 -0.00037208100548014 -0.0027369000017643
-61 0 0 -0.000364443985745311 -0.00258135003969073
-60 0 0 -0.00035640099667944 -0.00241740001365542
-59 0 0 -0.00034788201446645 -0.00224360008724034
-58 0 0 -0.000338796002324671 -0.00205803010612726
-57 0 0 -0.000329017988406122 -0.00185816001612693
-56 0 0 -0.000318378995871171 -0.00164044997654855
-55 0 0 -0.000306633999571204 -0.00139989005401731
-54 0 0 -0.000293427990982309 -0.00112909998279065
-53 0 0 -0.000278244988294318 -0.000817437015939504
-52 0 0 -0.000260469998465851 -0.000452167994808406
-51 0 0 -0.000240149995079264 -3.4143500670325E-05
-50 9 4 -0.000219590001506731 0.000389207008993253
-49 0 0 -0.000185743003385141 0.00108673004433513
-48 0 0 -5.51753983017989E-05 0.00377606996335089
-47 0 0 0.000178005997440778 0.00851195026189089
-46 0 0 0.000470759987365454 0.0142152002081275
-45 0 0 0.00071544898673892 0.0187394991517067
-44 0 0 0.000950229004956782 0.0228953994810581
-43 0 0 0.00118863000534475 0.0269684009253979
-42 0 0 0.0014388799900189 0.0311270002275705
-41 0 0 0.00170781998895109 0.0355085991322994
-40 0 0 0.00200248998589814 0.0402536988258362
-39 0 0 0.00233100005425513 0.0455292016267776
-38 0 0 0.00270309997722507 0.0515522994101048
-37 0 0 0.00313018006272614 0.0586156994104385
-36 0 0 0.00362285994924605 0.0671019032597542
-35 0 0 0.00418137013912201 0.0774120986461639
-34 0 0 0.00477393018081784 0.089658297598362
-33 0 0 0.00532555999234319 0.103251002728939
-32 0 0 0.00576166016981006 0.117190003395081
-31 0 0 0.00605416996404529 0.130801007151604
-30 0 0 0.00621232017874718 0.143860995769501
29 8 2 0.0062593100592494 0.156362995505333
28 0 0 0.00623263977468014 0.166280001401901
27 0 0 0.00614127004519105 0.177945002913475
26 0 0 0.0060049700550735 0.189252004027367
25 0 0 0.0058415699750185 0.200266003608704
24 0 0 0.00566567992791533 0.211037993431091
23 0 0 0.00548898009583354 0.221614003181458
22 0 0 0.00532052014023066 0.232032001018524
21 0 0 0.00516710011288524 0.242323994636536
20 0 0 0.00503364019095898 0.252519994974136
19 0 0 0.00492348987609148 0.262643992900848
18 0 0 0.00483876978978515 0.272718012332916
17 0 0 0.00478061987087131 0.282763987779617
16 0 0 0.0047494200989604 0.29280099272728
15 7 2 0.00474352017045021 0.299495011568069
-14 0 0 0.00474748015403748 0.305011004209518
-13 0 0 0.00476281018927693 0.311722993850708
-12 0 0 0.00478941015899181 0.318452000617981
-11 0 0 0.00482698995620012 0.325201988220215
-10 0 0 0.00487517006695271 0.331977993249893
-9 0 0 0.00491301016882062 0.336510986089706
-8 0 0 0.00494071980938315 0.339540988206863
-7 0 0 0.00496025988832116 0.341565012931824
-6 0 0 0.00497377011924982 0.342916011810303
-5 0 0 0.00498297996819019 0.343816995620728
-4 0 0 0.00498921005055308 0.344419002532959
-3 0 0 0.00499340984970331 0.344819992780685
-2 0 0 0.00499622011557221 0.345086991786957
1 0 0 0.00499999988824129 0.345443993806839
1 0 0 0.00499999988824129 0.345443993806839
-2 0 0 0.00500380015000701 0.345800995826721
-3 0 0 0.00500667002052069 0.346067994832993
-4 0 0 0.00501100020483136 0.34646999835968
-5 0 0 0.00501755997538567 0.347072005271912
-6 0 0 0.00502752978354692 0.347977012395859
-7 0 0 0.00504278019070625 0.349335014820099
-8 0 0 0.0050663398578763 0.351375013589859
-9 0 0 0.00510318018496037 0.354442000389099
-10 0 0 0.00516173010692 0.359057992696762
-11 0 0 0.0052567501552403 0.366021007299423
-12 0 0 0.00536003988236189 0.37303501367569
-13 0 0 0.00547118997201324 0.380102008581161
-14 0 0 0.00558979017660022 0.3872289955616
-15 0 0 0.00571546005085111 0.394418001174927
-16 0 0 0.00584780983626842 0.40167298913002
-17 0 0 0.00598643999546766 0.409000992774963
-18 0 0 0.00613097008317709 0.416402995586395
-19 0 0 0.00628104992210865 0.423886001110077
-20 0 0 0.00643627997487783 0.431452989578247
-21 0 0 0.00659631006419659 0.43911001086235
-22 0 0 0.00676077976822853 0.446860998868942
-23 0 0 0.00692933006212115 0.454710006713867
-24 0 0 0.00710158981382847 0.462664008140564
-25 0 0 0.00727719999849796 0.470726996660233
-26 0 0 0.00745582021772861 0.478904992341995
-27 0 0 0.00763707002624869 0.487203001976013
-28 0 0 0.00782059039920568 0.495626986026764
-29 0 0 0.00800599996000528 0.504184007644653
-30 0 0 0.00819293968379498 0.512878000736237
-31 0 0 0.00838099978864193 0.521717011928558
-32 0 0 0.0085698002949357 0.530708014965057
-33 0 0 0.00875892024487257 0.539856970310211
-34 0 0 0.00894793961197138 0.549170970916748
-35 0 0 0.00913642998784781 0.558658003807068
-36 0 0 0.00932392012327909 0.568325996398926
-37 0 0 0.00950996018946171 0.578182995319366
-38 0 0 0.00969405006617308 0.58823698759079
-39 0 0 0.00987567007541656 0.598497986793518
-40 0 0 0.010054299607873 0.608973026275635
-41 0 0 0.0102294003590941 0.619673013687134
-42 0 0 0.0104002999141812 0.630608022212982
-43 0 0 0.0105664003640413 0.641786992549896
-44 0 0 0.0107271997258067 0.653221011161804
-45 0 0 0.0108818998560309 0.664921998977661
-46 0 0 0.0110299000516534 0.676899015903473
-47 0 0 0.0111704999580979 0.689166009426117
-48 0 0 0.0113027999177575 0.701734006404877
-49 0 0 0.0114262001588941 0.714613974094391
-50 2 4 0.0115398997440934 0.727819979190826
-51 0 0 0.0116430995985866 0.741365015506744
-52 0 0 0.0117349997162819 0.755259990692139
-53 0 0 0.0118148000910878 0.769519984722137
-54 0 0 0.0118818003684282 0.784156978130341
-55 0 0 0.0119350999593735 0.799184024333954
-56 0 0 0.0119741000235081 0.814613997936249
-57 0 0 0.0119981002062559 0.830458998680115
-58 0 0 0.0120064998045564 0.846732020378113
-59 3 2 0.0120064998045564 0.847158014774323
60 0 0 0.0119984000921249 0.86388099193573
61 0 0 0.011973699554801 0.881053984165192
62 0 0 0.0119321001693606 0.89868700504303
63 0 0 0.0118736000731587 0.916790008544922
64 0 0 0.0117980996146798 0.935368001461029
65 0 0 0.0117058996111155 0.954429984092712
66 0 0 0.0115973995998502 0.973978996276855
67 0 0 0.0114732002839446 0.994018971920013
68 0 0 0.0113342003896832 1.01454997062683
69 0 0 0.0111814998090267 1.03558003902435
70 0 0 0.0110165001824498 1.05709004402161
71 0 0 0.0108407996594906 1.07910001277924
72 0 0 0.0106562003493309 1.10158002376556
73 0 0 0.0104646002873778 1.12453997135162
74 0 0 0.0102684004232287 1.14796996116638
75 0 0 0.0100699001923203 1.17184996604919
76 0 0 0.00987149029970169 1.19617998600006
77 0 0 0.00967582035809755 1.22095000743866
78 0 0 0.00948547013103962 1.24612998962402
79 0 0 0.00930302962660789 1.27172994613647
80 0 0 0.00913110002875328 1.29771995544434
81 0 0 0.00897218007594347 1.32409000396729
82 0 0 0.00882869027554989 1.35083997249603
83 0 0 0.00870290957391262 1.37794005870819
84 0 0 0.0085969902575016 1.40539002418518
85 0 0 0.008512900210917 1.43317997455597
86 0 0 0.00845246016979218 1.46127998828888
87 0 0 0.00841727014631033 1.48969995975494
-88 4 2 0.00840826984494925 1.51294994354248
-89 0 0 0.00842231977730989 1.5419100522995
-90 0 0 0.00846515968441963 1.57114005088806
-91 0 0 0.00853769015520811 1.60065996646881
-92 0 0 0.00864064041525126 1.63043999671936
-93 0 0 0.00877458043396473 1.66048002243042
-94 0 0 0.00893990974873304 1.69077003002167
-95 0 0 0.00913689006119967 1.7213100194931
-96 0 0 0.00936564989387989 1.7520899772644
-97 0 0 0.00962619017809629 1.78310000896454
-98 0 0 0.00991841033101082 1.81433999538422
-99 0 0 0.0102420998737216 1.8458000421524
-100 5 4 0.0105969998985529 1.87748003005981
-101 0 0 0.0109826000407338 1.90937995910645
-102 0 0 0.0113987000659108 1.94148004055023
-103 0 0 0.0118445996195078 1.97379004955292
-104 0 0 0.0123198004439473 2.00628995895386
-105 0 0 0.0128236999735236 2.03899002075195
-106 0 0 0.0133557002991438 2.07188010215759
-107 0 0 0.0139151001349092 2.1049599647522
-108 0 0 0.0145012997090816 2.13821005821228
-109 0 0 0.0151134999468923 2.17164993286133
-110 0 0 0.0157510004937649 2.20526003837585
-111 0 0 0.0164131000638008 2.23902988433838
-112 0 0 0.0170990992337465 2.2729799747467
-113 0 0 0.0178082007914782 2.30708003044128
-114 0 0 0.0185397993773222 2.34134006500244
-115 0 0 0.019293000921607 2.37575006484985
-116 0 0 0.0200670994818211 2.4103000164032
-117 0 0 0.0208615008741617 2.4449999332428
-118 0 0 0.0216754991561174 2.47985005378723
-119 0 0 0.0225083008408546 2.51482009887695
-120 0 0 0.0233591999858618 2.54993009567261
-121 0 0 0.024227699264884 2.58517003059387
-122 0 0 0.0251129996031523 2.62052011489868
-123 0 0 0.0260145999491215 2.65599989891052
-124 0 0 0.0269316993653774 2.69159007072449
-125 0 0 0.0278638992458582 2.72729992866516
-126 0 0 0.0288104992359877 2.76310992240906
-127 0 0 0.0297708995640278 2.7990300655365
-128 0 0 0.0307446997612715 2.83504009246826
-129 0 0 0.0317311994731426 2.87116003036499
-130 0 0 0.0327299013733864 2.9073600769043
-131 0 0 0.0337405018508434 2.94366002082825
-132 0 0 0.0347623005509377 2.98004007339478
-133 0 0 0.0357948988676071 3.01651000976563
-134 0 0 0.0368378981947899 3.05305004119873
-135 0 0 0.037890799343586 3.08967995643616
-136 0 0 0.0389533005654812 3.12636995315552
-137 0 0 0.0400247983634472 3.16314005851746
-138 0 0 0.0411050990223885 3.19998002052307
-139 0 0 0.0421938002109528 3.23688006401062
-140 0 0 0.0432904995977879 3.27383995056152
-141 0 0 0.0443948991596699 3.31085991859436
-142 0 0 0.0455066002905369 3.34794998168945
-143 0 0 0.0466253012418747 3.38508009910583
-144 0 0 0.0477508008480072 3.42227005958557
-145 0 0 0.0488827005028725 3.45951008796692
-146 6 9 0.0500208996236324 3.4967999458313
