-277 14 9 -0.0504373013973236 -0.403852999210358
-276 0 0 -0.0498418994247913 -0.399017989635468
-275 0 0 -0.0492476001381874 -0.394212990999222
-274 0 0 -0.0486541017889977 -0.389434009790421
-273 0 0 -0.0480611994862556 -0.384683012962341
-272 0 0 -0.0474685989320278 -0.379956007003784
-271 0 0 -0.0468759983778 -0.37525400519371
-270 0 0 -0.0462832003831863 -0.37057501077652
-269 0 0 -0.0456898994743824 -0.36591699719429
-268 0 0 -0.0450958982110023 -0.361281007528305
-267 0 0 -0.0445008017122746 -0.356664001941681
-266 0 0 -0.0439044013619423 -0.352064996957779
-265 0 0 -0.0433062985539436 -0.347483992576599
-264 0 0 -0.0427065007388592 -0.342918992042542
-263 0 0 -0.0421045012772083 -0.338367998600006
-262 0 0 -0.0414999984204769 -0.333831995725632
-261 0 0 -0.0408928990364075 -0.32930800318718
-260 0 0 -0.0402828007936478 -0.324795991182327
-259 0 0 -0.0396693982183933 -0.320293992757797
-258 0 0 -0.0390525013208389 -0.315800994634628
-257 0 0 -0.0384318009018898 -0.311316013336182
-256 0 0 -0.0378069989383221 -0.306836992502213
-255 0 0 -0.0371778011322021 -0.302363008260727
-254 0 0 -0.0365439988672733 -0.297892987728119
-253 0 0 -0.0359053984284401 -0.293426007032394
-252 0 0 -0.0352617017924786 -0.288958996534348
-251 0 0 -0.034612599760294 -0.284492999315262
-250 13 4 -0.0339578986167908 -0.280023992061615
-249 0 0 -0.0332975015044212 -0.275550991296768
-248 0 0 -0.0326309986412525 -0.271073997020721
-247 0 0 -0.0319584012031555 -0.266589999198914
-246 0 0 -0.0312793999910355 -0.262097001075745
-245 0 0 -0.0305940005928278 -0.257593989372253
-244 0 0 -0.0301334001123905 -0.254586011171341
-243 0 0 -0.0296698994934559 -0.251570999622345
-242 0 0 -0.029203400015831 -0.248549997806549
-241 0 0 -0.0287338998168707 -0.245520994067192
-240 0 0 -0.0282614007592201 -0.242485001683235
-239 0 0 -0.0277859997004271 -0.239439994096756
-238 0 0 -0.0273075997829437 -0.236386999487877
-237 0 0 -0.026826299726963 -0.233322992920876
-236 0 0 -0.0263420008122921 -0.230248004198074
-235 0 0 -0.0258549004793167 -0.227162003517151
-234 0 0 -0.025364900007844 -0.224064007401466
-233 0 0 -0.0250368006527424 -0.221991002559662
-232 0 0 -0.0247073993086815 -0.219913005828857
-231 0 0 -0.0243769008666277 -0.217827007174492
-230 0 0 -0.0240451004356146 -0.215736001729965
-229 0 0 -0.0237122997641563 -0.213636994361877
-228 0 0 -0.0233784001320601 -0.21153199672699
-227 0 0 -0.0230433996766806 -0.209418997168541
-226 0 0 -0.0227074008435011 -0.207297995686531
-225 0 0 -0.0223703999072313 -0.205169007182121
-224 0 0 -0.0220324993133545 -0.203032001852989
-223 0 0 -0.0216936003416777 -0.200885996222496
-222 0 0 -0.0213539991527796 -0.198731005191803
-221 0 0 -0.0210135001689196 -0.196566000580788
-220 0 0 -0.0206723008304834 -0.194391995668411
-219 0 0 -0.0203303005546331 -0.192208006978035
-218 0 0 -0.0199877992272377 -0.190013006329536
-217 0 0 -0.0196446999907494 -0.187806993722916
-216 0 0 -0.0193010997027159 -0.185589998960495
-215 0 0 -0.0189571008086205 -0.183362007141113
-214 0 0 -0.0186126995831728 -0.181121006608009
-213 0 0 -0.0182680003345013 -0.178867995738983
-212 0 0 -0.0179232005029917 -0.176602005958557
-211 0 0 -0.017578199505806 -0.174322992563248
-210 0 0 -0.0172332003712654 -0.172029003500938
-209 0 0 -0.0168882999569178 -0.169722005724907
-208 0 0 -0.0165436007082462 -0.167400002479553
-207 0 0 -0.0161991007626057 -0.165062993764877
-206 0 0 -0.015854999423027 -0.16270999610424
-205 0 0 -0.0155113004148006 -0.160340994596481
-204 0 0 -0.0151682998985052 -0.157956004142761
-203 0 0 -0.0148259000852704 -0.155554994940758
-202 0 0 -0.0144843999296427 -0.153136000037193
-201 0 0 -0.0141439000144601 -0.150700002908707
-200 12 4 -0.0138044999912381 -0.148246005177498
-199 0 0 -0.0134664000943303 -0.145775005221367
-198 0 0 -0.0131296999752522 -0.143287003040314
-197 0 0 -0.0127945998683572 -0.140780001878738
-196 0 0 -0.0124613000079989 -0.138255998492241
-195 0 0 -0.0121299996972084 -0.135716006159782
-194 0 0 -0.0118009997531772 -0.133158996701241
-193 0 0 -0.0114743998274207 -0.130585998296738
-192 0 0 -0.0111506003886461 -0.127998992800713
-191 0 0 -0.0108297998085618 -0.125400006771088
-190 0 0 -0.0105122998356819 -0.12279000133276
-189 0 0 -0.0101985996589065 -0.120171003043652
-188 0 0 -0.0098889097571373 -0.117546997964382
-187 0 0 -0.00958370044827461 -0.114919997751713
-186 0 0 -0.0092833898961544 -0.112295001745224
-185 0 0 -0.00898844003677368 -0.109676003456116
-184 0 0 -0.00869929976761341 -0.107069000601768
-183 0 0 -0.00841645989567041 -0.104477003216743
-182 0 0 -0.00814034976065159 -0.101907998323441
-181 0 0 -0.00787143968045712 -0.0993667989969254
-180 0 0 -0.0076100998558104 -0.0968592017889023
-179 0 0 -0.00735668977722526 -0.0943910032510757
-178 0 0 -0.00711148977279663 -0.0919675007462502
-177 0 0 -0.0068747098557651 -0.0895934030413628
-176 0 0 -0.00664645992219448 -0.0872727036476135
-175 0 0 -0.00642678001895547 -0.0850088968873024
-174 0 0 -0.00621563987806439 -0.0828043967485428
-173 0 0 -0.00601291004568338 -0.0806607976555824
-172 0 0 -0.00581842008978128 -0.0785790979862213
-171 0 0 -0.00563193997368217 -0.0765592977404594
-170 0 0 -0.00545318983495235 -0.0746012032032013
-169 0 0 -0.00528185022994876 -0.0727035999298096
-168 0 0 -0.00511761009693146 -0.070865198969841
-167 0 0 -0.00496012018993497 -0.0690841004252434
-166 0 0 -0.00480904011055827 -0.0673585012555122
-165 0 0 -0.0046640201471746 -0.0656862035393715
-164 0 0 -0.00452473014593124 -0.06406469643116
-163 0 0 -0.00439085019752383 -0.0624919012188911
-162 0 0 -0.00426205992698669 -0.0609654001891613
-161 0 0 -0.00413805991411209 -0.0594827011227608
-160 0 0 -0.00401856005191803 -0.0580415986478329
-159 0 0 -0.00390331004746258 -0.0566398985683918
-158 0 0 -0.00379204005002975 -0.0552753992378712
-157 0 0 -0.00368453003466129 -0.0539458990097046
-156 0 0 -0.00358052994124591 -0.0526494011282921
-155 0 0 -0.00347986002452672 -0.0513840988278389
-154 0 0 -0.0033823000267148 -0.0501479990780354
-153 0 0 -0.00328766996972263 -0.048939298838377
-152 0 0 -0.00319579988718033 -0.0477563999593258
-151 0 0 -0.00310654006898403 -0.0465975999832153
-150 11 4 -0.00301972008310258 -0.0454614013433456
-149 0 0 -0.00293519999831915 -0.0443461984395981
-148 0 0 -0.00285284989513457 -0.0432506017386913
-147 0 0 -0.00277254008688033 -0.0421732999384403
-146 0 0 -0.00269414996728301 -0.0411128997802734
-145 0 0 -0.00261756009422243 -0.0400680005550385
-144 0 0 -0.00254266988486052 -0.039037398993969
-143 0 0 -0.00246936990879476 -0.0380197986960411
-142 0 0 -0.00239756004884839 -0.0370141007006168
-141 0 0 -0.00232714996673167 -0.0360190011560917
-140 0 0 -0.00225804001092911 -0.0350334011018276
-139 0 0 -0.00219014007598162 -0.0340558998286724
-138 0 0 -0.00212337006814778 -0.033085398375988
-137 0 0 -0.00205763010308146 -0.0321207009255886
-136 0 0 -0.00199284008704126 -0.0311604999005795
-135 0 0 -0.00192892004270107 -0.0302034001797438
-134 0 0 -0.00186577998101711 -0.0292480997741222
-133 0 0 -0.0018033100059256 -0.0282931998372078
-132 0 0 -0.00174145004712045 -0.0273369997739792
-131 0 0 -0.00168007996398956 -0.0263780001550913
-130 0 0 -0.0016190999886021 -0.0254142992198467
-129 0 0 -0.00155841000378132 -0.0244437996298075
-128 0 0 -0.00149787997361273 -0.0234642997384071
-127 0 0 -0.00143737997859716 -0.0224731992930174
-126 0 0 -0.00137674994766712 -0.0214674007147551
-125 0 0 -0.00131582003086805 -0.0204435996711254
-124 0 0 -0.00125438999384642 -0.0193972997367382
-123 0 0 -0.00121301994659007 -0.0186848994344473
-122 0 0 -0.00117122998926789 -0.0179584007710218
-121 0 0 -0.00112890999298543 -0.0172157008200884
-120 0 0 -0.00108593003824353 -0.0164541993290186
-119 0 0 -0.00104214996099472 -0.0156706999987364
-118 0 0 -0.00101242994423956 -0.0151343001052737
-117 0 0 -0.000982207944616675 -0.014585199765861
-116 0 0 -0.000951406022068113 -0.0140215996652842
-115 0 0 -0.000919934012927115 -0.0134416995570064
-114 0 0 -0.000887682021129876 -0.0128431003540754
-113 0 0 -0.000865683017764241 -0.0124324001371861
-112 0 0 -0.000843230984173715 -0.0120110996067524
-111 0 0 -0.000820269982796162 -0.0115782003849745
-110 0 0 -0.000796734995674342 -0.0111322002485394
-109 0 0 -0.00077254802454263 -0.0106714004650712
-108 0 0 -0.000756014022044837 -0.0103551996871829
-107 0 0 -0.000739115988835692 -0.0100307995453477
-106 0 0 -0.000721813994459808 -0.00969746988266706
-105 0 0 -0.000704062986187637 -0.00935431011021137
-104 0 0 -0.000685811974108219 -0.00900019984692335
-103 0 0 -0.00066699500894174 -0.00863381009548903
-102 0 0 -0.000654101022519171 -0.00838195998221636
-101 0 0 -0.000640894984826446 -0.00812339968979359
-100 10 4 -0.000627346977125853 -0.00785749033093452
-99 0 0 -0.000613422016613185 -0.00758347986266017
-98 0 0 -0.000599076971411705 -0.00730049982666969
-97 0 0 -0.000584263005293906 -0.00700750993564725
-96 0 0 -0.000574096979107708 -0.00680602015927434
-95 0 0 -0.000563675013836473 -0.00659909984096885
-94 0 0 -0.00055297400103882 -0.00638624979183078
-93 0 0 -0.000541964021977037 -0.00616690004244447
-92 0 0 -0.000530614983290434 -0.00594036979600787
-91 0 0 -0.000518887012731284 -0.00570587022230029
-90 0 0 -0.000510836020112038 -0.00554464990273118
-89 0 0 -0.000502581999171525 -0.00537913991138339
-88 0 0 -0.000494104984682053 -0.00520897982642055
-87 0 0 -0.000485385011415929 -0.00503371981903911
-86 0 0 -0.000476399000035599 -0.00485287001356483
-85 0 0 -0.00046711799222976 -0.00466585997492075
-84 0 0 -0.000457509013358504 -0.00447200005874038
-83 0 0 -0.000450902007287368 -0.00433856016024947
-82 0 0 -0.000444117991719395 -0.00420142011716962
-81 0 0 -0.000437142007285729 -0.00406028004363179
-80 0 0 -0.000429956009611487 -0.00391475996002555
-79 0 0 -0.000422537996200845 -0.00376442004926503
-78 0 0 -0.000414865993661806 -0.00360877998173237
-77 0 0 -0.000409594998927787 -0.00350179011002183
-76 0 0 -0.000404188991524279 -0.00339196994900703
-75 0 0 -0.0003986369993072 -0.00327910995110869
-74 0 0 -0.00039292499423027 -0.00316294003278017
-73 0 0 -0.000387039995985106 -0.00304318009875715
-72 0 0 -0.000380965997464955 -0.00291948998346925
-71 0 0 -0.00037468399386853 -0.00279146991670132
-70 0 0 -0.00036817099316977 -0.00265869009308517
-69 0 0 -0.000361403013812378 -0.00252060010097921
-68 0 0 -0.000354349991539493 -0.00237659993581474
-67 0 0 -0.000346974993590266 -0.00222593010403216
-66 0 0 -0.000339235994033515 -0.00206772005185485
-65 0 0 -0.000331081013428047 -0.00190089002717286
-64 0 0 -0.000322448991937563 -0.00172417005524039
-63 0 0 -0.0003132639976684 -0.00153600994963199
-62 0 0 -0.000303439010167494 -0.00133459002245218
-61 0 0 -0.000292874989099801 -0.00111787999048829
-60 0 0 -0.00026913100737147 -0.000630228023510426
-59 0 0 -0.000163296004757285 0.00154970004223287
-58 0 0 -5.76033016841393E-05 0.00372914993204176
-57 0 0 0.000300826010061428 0.0110136000439525
-56 0 0 0.000529153971001506 0.0154854003340006
-55 0 0 0.000726922007743269 0.0192296002060175
-54 0 0 0.000912846997380257 0.0226444993168116
-53 0 0 0.00109479995444417 0.0258987005800009
-52 0 0 0.00127723999321461 0.0290876999497414
-51 0 0 0.00146321998909116 0.0322768986225128
-50 9 4 0.00165516999550164 0.0355178005993366
-49 0 0 0.00185522995889187 0.0388565994799137
-48 0 0 0.00206546997651458 0.0423381999135017
-47 0 0 0.00228795991279185 0.0460101999342442
-46 0 0 0.00252486998215318 0.0499249994754791
-45 0 0 0.00277845002710819 0.0541426986455917
-44 0 0 0.0030508900526911 0.0587326996028423
-43 0 0 0.00334413000382483 0.0637748017907143
-42 0 0 0.00365918991155922 0.0693560019135475
-41 0 0 0.0039951098151505 0.0755613967776299
-40 0 0 0.00434726988896728 0.0824519023299217
-39 0 0 0.00470559019595385 0.0900294035673141
-38 0 0 0.00505422009155154 0.0982035025954247
-37 0 0 0.00537446001544595 0.106794998049736
-36 0 0 0.00565017992630601 0.115589000284672
-35 0 0 0.00587178999558091 0.124399997293949
-34 0 0 0.00603668019175529 0.133105993270874
-33 0 0 0.00614725984632969 0.14164200425148
-32 0 0 0.00620878022164106 0.149982005357742
31 8 2 0.00622776011005044 0.158125996589661
30 0 0 0.00621769018471241 0.164271995425224
29 0 0 0.00617806985974312 0.172092005610466
28 0 0 0.00611431011930108 0.179750993847847
27 0 0 0.00603226013481617 0.187266007065773
26 0 0 0.00593715021386743 0.194652006030083
25 0 0 0.00583362020552158 0.201924994587898
24 0 0 0.00572571996599436 0.209097996354103
23 0 0 0.00561692984774709 0.216183006763458
22 0 0 0.00551019981503487 0.223192006349564
21 0 0 0.00540802022442222 0.23013399541378
20 0 0 0.00531243998557329 0.237019002437592
19 0 0 0.00522512011229992 0.243856996297836
18 0 0 0.00514739006757736 0.250654011964798
17 0 0 0.00508027011528611 0.257418006658554
16 0 0 0.00502455001696944 0.264155000448227
15 0 0 0.00498076993972063 0.270873010158539
14 0 0 0.00494930986315012 0.277577012777328
13 0 0 0.00493039004504681 0.284272998571396
12 7 2 0.0049240798689425 0.290966987609863
-11 0 0 0.00492577021941543 0.294436991214752
-10 0 0 0.0049385498277843 0.301135987043381
-9 0 0 0.0049539702013135 0.305606991052628
-8 0 0 0.00496728997677565 0.30859100818634
-7 0 0 0.00497750984504819 0.310580998659134
-6 0 0 0.00498491013422608 0.31190899014473
-5 0 0 0.00499011017382145 0.312795013189316
-4 0 0 0.00499369017779827 0.313385993242264
-3 0 0 0.00499612977728248 0.31377899646759
-2 0 0 0.0049977800808847 0.314042001962662
1 0 0 0.00499999988824129 0.314392000436783
1 0 0 0.00499999988824129 0.314392000436783
-2 0 0 0.00500226020812988 0.314741998910904
-3 0 0 0.00500397989526391 0.315005004405975
-4 0 0 0.00500658014789224 0.315398991107941
-5 0 0 0.00501056993380189 0.315990000963211
-6 0 0 0.00501671992242336 0.316877990961075
-7 0 0 0.00502632977440953 0.318208992481232
-8 0 0 0.00504160998389125 0.320208013057709
-9 0 0 0.00506645999848843 0.323210000991821
-10 0 0 0.00510801002383232 0.327722012996674
-11 0 0 0.00517978006973863 0.334513008594513
-12 0 0 0.0052625797688961 0.341336011886597
-13 0 0 0.00535607011988759 0.348194986581802
-14 0 0 0.00545988976955414 0.355093985795975
-15 0 0 0.00557370018213987 0.362037003040314
-16 0 0 0.00569713022559881 0.369028002023697
-17 0 0 0.00582985021173954 0.376071989536285
-18 0 0 0.005971509963274 0.383172988891602
-19 0 0 0.00612177001312375 0.390334993600845
-20 0 0 0.00628030998632312 0.397561013698578
-21 0 0 0.00644680019468069 0.404857009649277
-22 0 0 0.00662093982100487 0.412227004766464
-23 0 0 0.00680242013186216 0.419676005840302
-24 0 0 0.00699095986783504 0.427206993103027
-25 0 0 0.00718628009781241 0.434825986623764
-26 0 0 0.0073880897834897 0.442537009716034
-27 0 0 0.00759613001719117 0.450345993041992
-28 0 0 0.0078101297840476 0.458256989717484
-29 0 0 0.00802986044436693 0.466275006532669
-30 0 0 0.00825504027307034 0.474406987428665
-31 0 0 0.00848545040935278 0.482657998800278
-32 0 0 0.00872083008289337 0.491032987833023
-33 0 0 0.00896092969924212 0.499538987874985
-34 0 0 0.00920552015304565 0.508180975914001
-35 0 0 0.00945436023175716 0.516966998577118
-36 0 0 0.00970717985183001 0.525902986526489
-37 0 0 0.0099637396633625 0.53499698638916
-38 0 0 0.010223800316453 0.544254004955292
-39 0 0 0.0104870004579425 0.553683996200562
-40 0 0 0.0107532003894448 0.563293993473053
-41 0 0 0.0110219996422529 0.573091983795166
-42 0 0 0.0112931998446584 0.583087980747223
-43 0 0 0.0115663995966315 0.593289017677307
-44 0 0 0.0118412002921104 0.603706002235413
-45 0 0 0.0121173998340964 0.614347994327545
-46 0 0 0.0123944999650121 0.625226020812988
-47 0 0 0.0126721002161503 0.636349976062775
-48 0 0 0.012949800118804 0.647731006145477
-49 0 0 0.0132270995527506 0.659381985664368
-50 2 4 0.0135035002604127 0.671312987804413
-51 0 0 0.0137785002589226 0.683537006378174
-52 0 0 0.0140514997765422 0.696066975593567
-53 0 0 0.0143218003213406 0.708917021751404
-54 0 0 0.01458889991045 0.722100019454956
-55 0 0 0.014852000400424 0.735630989074707
-56 0 0 0.0151102999225259 0.749521970748901
-57 0 0 0.0153630999848247 0.763790011405945
-58 0 0 0.0156095996499062 0.77844899892807
-59 0 0 0.0158488005399704 0.793514013290405
-60 0 0 0.0160798002034426 0.808999001979828
-61 0 0 0.0163017995655537 0.824921011924744
-62 0 0 0.0165136996656656 0.841292023658752
-63 0 0 0.0167146995663643 0.858128011226654
-64 0 0 0.0169035997241735 0.875441014766693
-65 0 0 0.0170795004814863 0.893244028091431
-66 0 0 0.0172416009008884 0.911549985408783
-67 0 0 0.0173889007419348 0.930368006229401
-68 0 0 0.0175206996500492 0.949706971645355
-69 0 0 0.0176362991333008 0.969573974609375
-70 0 0 0.0177350994199514 0.989974975585938
-71 0 0 0.0178167000412941 1.01091003417969
-72 0 0 0.0178808998316526 1.03238999843597
-73 0 0 0.0179277993738651 1.0543999671936
-74 0 0 0.0179574992507696 1.07693994045258
-75 0 0 0.0179703999310732 1.10001003742218
-76 3 2 0.0179712008684874 1.10716998577118
77 0 0 0.0179635006934404 1.13091003894806
78 0 0 0.0179411992430687 1.15515995025635
79 0 0 0.0179056003689766 1.17990005016327
80 0 0 0.017858199775219 1.20510995388031
81 0 0 0.0178009998053312 1.23079001903534
82 0 0 0.0177356991916895 1.25689995288849
83 0 0 0.0176647007465363 1.28343999385834
84 0 0 0.0175902005285025 1.31038999557495
85 0 0 0.0175145007669926 1.33772003650665
86 0 0 0.0174400005489588 1.36541998386383
87 0 0 0.0173691995441914 1.39347994327545
88 0 0 0.0173045005649328 1.42186999320984
89 0 0 0.0172480996698141 1.45056998729706
90 0 0 0.0172025002539158 1.4795800447464
91 0 0 0.0171696990728378 1.50888001918793
92 0 0 0.0171517003327608 1.53845000267029
-93 4 2 0.0171489007771015 1.55553996562958
-94 0 0 0.0171579997986555 1.58551001548767
-95 0 0 0.0171865001320839 1.61573004722595
-96 0 0 0.0172358993440866 1.6461900472641
-97 0 0 0.0173074007034302 1.67685997486115
-98 0 0 0.0174022000283003 1.70775997638702
-99 0 0 0.0175212007015944 1.73886001110077
-100 5 4 0.0176653005182743 1.77015995979309
-101 0 0 0.0178351998329163 1.80165004730225
-102 0 0 0.0180312991142273 1.83333003520966
-103 0 0 0.0182541999965906 1.86520004272461
-104 0 0 0.018503999337554 1.89724004268646
-105 0 0 0.0187810007482767 1.92946004867554
-106 0 0 0.0190852005034685 1.96184003353119
-107 0 0 0.0194166004657745 1.99439001083374
-108 0 0 0.0197751000523567 2.02711009979248
-109 0 0 0.0201606005430222 2.0599799156189
-110 0 0 0.0205726008862257 2.09299993515015
-111 0 0 0.0210110004991293 2.12617993354797
-112 0 0 0.0214754994958639 2.15949988365173
-113 0 0 0.0219654999673367 2.19297003746033
-114 0 0 0.0224805995821953 2.2265899181366
-115 0 0 0.0230203997343779 2.26033997535706
-116 0 0 0.0235843993723392 2.29422998428345
-117 0 0 0.0241720005869865 2.32825994491577
-118 0 0 0.0247827004641294 2.36242008209229
-119 0 0 0.025415999814868 2.39669990539551
-120 0 0 0.0260712001472712 2.43111991882324
-121 0 0 0.0267478004097939 2.46566009521484
-122 0 0 0.027445200830698 2.50030994415283
-123 0 0 0.0281629003584385 2.53508996963501
-124 0 0 0.0289002005010843 2.56998991966248
-125 0 0 0.0296566002070904 2.60499000549316
-126 0 0 0.0304313991218805 2.64011001586914
-127 0 0 0.031224200502038 2.67532992362976
-128 0 0 0.0320344008505344 2.71065998077393
-129 0 0 0.0328612998127937 2.74609994888306
-130 0 0 0.0337045006453991 2.78163003921509
-131 0 0 0.0345633998513222 2.81726002693176
-132 0 0 0.035437598824501 2.85298991203308
-133 0 0 0.0363264009356499 2.88879990577698
-134 0 0 0.0372294001281261 2.9247100353241
-135 0 0 0.0381460003554821 2.96070003509521
-136 0 0 0.0390758998692036 2.99677991867065
-137 0 0 0.0400184988975525 3.03293991088867
-138 0 0 0.0409733988344669 3.06918001174927
-139 0 0 0.041940201073885 3.10549998283386
-140 0 0 0.042918398976326 3.14189004898071
-141 0 0 0.0439076013863087 3.17834997177124
-142 0 0 0.0449073016643524 3.21489000320435
-143 0 0 0.0459173992276192 3.25149011611938
-144 0 0 0.0469372011721134 3.28815007209778
-145 0 0 0.0479664988815784 3.32487988471985
-146 0 0 0.049005001783371 3.36167001724243
-147 6 9 0.0500521995127201 3.39851999282837
