-479 18 9 -0.0502104982733727 -0.390293002128601
-478 0 0 -0.0496383011341095 -0.386079996824265
-477 0 0 -0.0490676015615463 -0.381886005401611
-476 0 0 -0.048498198390007 -0.37771201133728
-475 0 0 -0.0479299016296864 -0.37355500459671
-474 0 0 -0.0473624989390373 -0.369415998458862
-473 0 0 -0.0467956997454166 -0.365292996168137
-472 0 0 -0.046229399740696 -0.361187011003494
-471 0 0 -0.0456633009016514 -0.357095003128052
-470 0 0 -0.0450971983373165 -0.35301798582077
-469 0 0 -0.0445308014750481 -0.348953992128372
-468 0 0 -0.0439640991389751 -0.344902008771896
-467 0 0 -0.0433967001736164 -0.340862989425659
-466 0 0 -0.0428283996880054 -0.336834996938705
-465 0 0 -0.0422591008245945 -0.332816988229752
-464 0 0 -0.0416885018348694 -0.328808009624481
-463 0 0 -0.0411163009703159 -0.32480800151825
-462 0 0 -0.0405424982309341 -0.32081601023674
-461 0 0 -0.0399665981531143 -0.316830992698669
-460 0 0 -0.0393887013196945 -0.312851995229721
-459 0 0 -0.0388083010911942 -0.308878004550934
-458 0 0 -0.0382254011929035 -0.304908007383347
-457 0 0 -0.0376398004591465 -0.300942003726959
-456 0 0 -0.0370511002838612 -0.296977996826172
-455 0 0 -0.0364593006670475 -0.293015986680984
-454 0 0 -0.0358640998601913 -0.28905400633812
-453 0 0 -0.0352653004229069 -0.285091996192932
-452 0 0 -0.0346628986299038 -0.281127989292145
-451 0 0 -0.0340564996004105 -0.277161002159119
-450 17 4 -0.0334460996091366 -0.273191004991531
-449 0 0 -0.0328315012156963 -0.269216001033783
-448 0 0 -0.0322126001119614 -0.265235006809235
-447 0 0 -0.0315891988575459 -0.261245995759964
-446 0 0 -0.0309612993150949 -0.257248997688293
-445 0 0 -0.0303288009017706 -0.253242999315262
-444 0 0 -0.0296915005892515 -0.249225005507469
-443 0 0 -0.0292639993131161 -0.246538996696472
-442 0 0 -0.0288344006985426 -0.243846997618675
-441 0 0 -0.0284026991575956 -0.241148993372917
-440 0 0 -0.0279687996953726 -0.238444000482559
-439 0 0 -0.0275327991694212 -0.23573100566864
-438 0 0 -0.0270946994423866 -0.233009994029999
-437 0 0 -0.0266545992344618 -0.230280995368958
-436 0 0 -0.0262123998254538 -0.227542996406555
-435 0 0 -0.0257680993527174 -0.224794998764992
-434 0 0 -0.025321900844574 -0.222036004066467
-433 0 0 -0.0248736999928951 -0.219267994165421
-432 0 0 -0.0244235992431641 -0.216487005352974
-431 0 0 -0.0241225995123386 -0.214626997709274
-430 0 0 -0.0238207001239061 -0.212760999798775
-429 0 0 -0.0235181003808975 -0.210889995098114
-428 0 0 -0.0232146997004747 -0.209012001752853
-427 0 0 -0.022910600528121 -0.207128003239632
-426 0 0 -0.022605799138546 -0.205237999558449
-425 0 0 -0.0223003998398781 -0.203342005610466
-424 0 0 -0.0219943001866341 -0.201437994837761
-423 0 0 -0.021687600761652 -0.199527993798256
-422 0 0 -0.0213802997022867 -0.197610005736351
-421 0 0 -0.0210724994540215 -0.195684000849724
-420 0 0 -0.0207642000168562 -0.193751007318497
-419 0 0 -0.0204555001109838 -0.191808998584747
-418 0 0 -0.0201462991535664 -0.189860001206398
-417 0 0 -0.019836800172925 -0.187901005148888
-416 0 0 -0.0195269994437695 -0.185934007167816
-415 0 0 -0.01921690069139 -0.183957993984222
-414 0 0 -0.0189065001904964 -0.181971997022629
-413 0 0 -0.0185959991067648 -0.179976001381874
-412 0 0 -0.0182853993028402 -0.177970007061958
-411 0 0 -0.0179747007787228 -0.17595399916172
-410 0 0 -0.0176640003919601 -0.173927992582321
-409 0 0 -0.0173533000051975 -0.171890005469322
-408 0 0 -0.017042800784111 -0.169841006398201
-407 0 0 -0.0167325008660555 -0.167780995368958
-406 0 0 -0.0164224002510309 -0.165708005428314
-405 0 0 -0.0161127001047134 -0.163624003529549
-404 0 0 -0.015803400427103 -0.161526992917061
-403 0 0 -0.0154945002868772 -0.159417003393173
-402 0 0 -0.0151862995699048 -0.157294005155563
-401 0 0 -0.0148785999044776 -0.155157998204231
-400 16 4 -0.0145717998966575 -0.153008997440338
-399 0 0 -0.0142657002434134 -0.150846004486084
-398 0 0 -0.013960599899292 -0.148669004440308
-397 0 0 -0.0136566003784537 -0.146477997303009
-396 0 0 -0.0133536998182535 -0.144272997975349
-395 0 0 -0.01305210031569 -0.142054006457329
-394 0 0 -0.0127518996596336 -0.139820992946625
-393 0 0 -0.0124532002955675 -0.137575000524521
-392 0 0 -0.0121561996638775 -0.135315001010895
-391 0 0 -0.0118610998615623 -0.133043006062508
-390 0 0 -0.0115679996088147 -0.130758002400398
-389 0 0 -0.011277100071311 -0.128462001681328
-388 0 0 -0.0109885996207595 -0.126156002283096
-387 0 0 -0.0107028000056744 -0.123839996755123
-386 0 0 -0.0104197999462485 -0.12151700258255
-385 0 0 -0.0101399999111891 -0.119189001619816
-384 0 0 -0.00986350979655981 -0.116856999695301
-383 0 0 -0.00959074031561613 -0.114523001015186
-382 0 0 -0.00932196993380785 -0.112191997468472
-381 0 0 -0.00905750971287489 -0.109865002334118
-380 0 0 -0.00879769027233124 -0.107547000050545
-379 0 0 -0.00854284036904573 -0.105241000652313
-378 0 0 -0.00829328037798405 -0.102950997650623
-377 0 0 -0.00804932974278927 -0.100680999457836
-376 0 0 -0.00781129021197557 -0.0984354019165039
-375 0 0 -0.00757942022755742 -0.0962178036570549
-374 0 0 -0.00735394982621074 -0.0940323024988174
-373 0 0 -0.00713506015017629 -0.091882698237896
-372 0 0 -0.00692290021106601 -0.0897720977663994
-371 0 0 -0.00671755010262132 -0.0877035036683083
-370 0 0 -0.00651904009282589 -0.0856793001294136
-369 0 0 -0.00632737018167973 -0.0837012976408005
-368 0 0 -0.00614245003089309 -0.0817710012197495
-367 0 0 -0.00596418976783752 -0.0798892006278038
-366 0 0 -0.00579243013635278 -0.0780562981963158
-365 0 0 -0.00562699977308512 -0.0762723013758659
-364 0 0 -0.00546771008521318 -0.0745368972420692
-363 0 0 -0.00531431986019015 -0.0728491991758347
-362 0 0 -0.00516659999266267 -0.0712082982063293
-361 0 0 -0.00502431998029351 -0.0696130990982056
-360 0 0 -0.00488723022863269 -0.0680620968341827
-359 0 0 -0.00475508021190763 -0.0665538012981415
-358 0 0 -0.00462763989344239 -0.0650867968797684
-357 0 0 -0.00450466014444828 -0.0636593028903008
-356 0 0 -0.00438593002036214 -0.0622696988284588
-355 0 0 -0.00427121017128229 -0.0609164014458656
-354 0 0 -0.00416031014174223 -0.0595977008342743
-353 0 0 -0.00405301013961434 -0.0583119988441467
-352 0 0 -0.00394912995398045 -0.0570577010512352
-351 0 0 -0.00384849007241428 -0.0558332987129688
-350 15 4 -0.00375090003944933 -0.0546372011303902
-349 0 0 -0.0036562099121511 -0.0534681007266045
-348 0 0 -0.0035642699804157 -0.0523244999349117
-347 0 0 -0.00347492005676031 -0.0512050986289978
-346 0 0 -0.0033880400005728 -0.0501086004078388
-345 0 0 -0.0033034801017493 -0.0490337014198303
-344 0 0 -0.0032211400102824 -0.047979298979044
-343 0 0 -0.0031408800277859 -0.0469442009925842
-342 0 0 -0.00306261004880071 -0.0459272004663944
-341 0 0 -0.00298621994443238 -0.0449273996055126
-340 0 0 -0.00291160005144775 -0.0439435988664627
-339 0 0 -0.00283868005499244 -0.0429750010371208
-338 0 0 -0.00276735005900264 -0.0420204997062683
-337 0 0 -0.00269753998145461 -0.0410791002213955
-336 0 0 -0.00262915994971991 -0.0401500016450882
-335 0 0 -0.00256213010288775 -0.0392322987318039
-334 0 0 -0.00249638990499079 -0.0383251011371613
-333 0 0 -0.00243185996077955 -0.0374276004731655
-332 0 0 -0.00236846995539963 -0.0365387983620167
-331 0 0 -0.00230615003965795 -0.0356579013168812
-330 0 0 -0.00224484992213547 -0.0347841009497643
-329 0 0 -0.00218448997475207 -0.033916600048542
-328 0 0 -0.00212501990608871 -0.0330545008182526
-327 0 0 -0.00206637009978294 -0.0321969017386436
-326 0 0 -0.0020084900315851 -0.031342901289463
-325 0 0 -0.00195129995699972 -0.0304915998131037
-324 0 0 -0.00189475994557142 -0.0296420007944107
-323 0 0 -0.00183879001997411 -0.0287932008504868
-322 0 0 -0.00178334000520408 -0.0279440991580486
-321 0 0 -0.00172833004035056 -0.0270936004817486
-320 0 0 -0.00167370005510747 -0.0262404996901751
-319 0 0 -0.00161936995573342 -0.0253833997994661
-318 0 0 -0.00156527000945061 -0.0245209001004696
-317 0 0 -0.00151130999438465 -0.0236514993011951
-316 0 0 -0.00145740003790706 -0.0227732993662357
-315 0 0 -0.00140343001112342 -0.0218842998147011
-314 0 0 -0.00134928000625223 -0.0209822002798319
-313 0 0 -0.00129482999909669 -0.0200642999261618
-312 0 0 -0.00123991002328694 -0.0191273000091314
-311 0 0 -0.0011843399843201 -0.0181674007326365
-310 0 0 -0.00114681001286954 -0.0175122991204262
-309 0 0 -0.00110880995634943 -0.0168433003127575
-308 0 0 -0.00107024004682899 -0.0161582995206118
-307 0 0 -0.00103098002728075 -0.0154547998681664
-306 0 0 -0.0009909049840644 -0.0147300995886326
-305 0 0 -0.00096364802448079 -0.0142334001138806
-304 0 0 -0.000935891002882272 -0.0137243997305632
-303 0 0 -0.000907563022337854 -0.0132015999406576
-302 0 0 -0.00087857898324728 -0.0126631995663047
-301 0 0 -0.000848839001264423 -0.0121071999892592
-300 14 4 -0.00082853197818622 -0.0117253996431828
-299 0 0 -0.000807790027465671 -0.0113337002694607
-298 0 0 -0.000786560995038599 -0.0109309004619718
-297 0 0 -0.000764787022490054 -0.0105159003287554
-296 0 0 -0.000742394011467695 -0.0100870998576283
-295 0 0 -0.000727079983334988 -0.00979274045675993
-294 0 0 -0.000711422006133944 -0.00949078984558582
-293 0 0 -0.000695386028382927 -0.00918055046349764
-292 0 0 -0.000678930024150759 -0.00886115990579128
-291 0 0 -0.000662007019855082 -0.00853161979466677
-290 0 0 -0.000644558982457966 -0.00819073989987373
-289 0 0 -0.000632603012491018 -0.00795648992061615
-288 0 0 -0.000620358972810209 -0.00771608017385006
-287 0 0 -0.000607801019214094 -0.00746892020106316
-286 0 0 -0.000594895973335952 -0.00721437018364668
-285 0 0 -0.000581606989726424 -0.00695163011550903
-284 0 0 -0.0005678900051862 -0.00667979987338185
-283 0 0 -0.000558482017368078 -0.00649299984797835
-282 0 0 -0.000548842013813555 -0.00630128988996148
-281 0 0 -0.000538949971087277 -0.00610424997285008
-280 0 0 -0.000528780976310372 -0.00590137019753456
-279 0 0 -0.000518308021128178 -0.00569208012893796
-278 0 0 -0.000507497985381633 -0.00547569990158081
-277 0 0 -0.000496311986353248 -0.00525142997503281
-276 0 0 -0.000488623976707458 -0.00509705999866128
-275 0 0 -0.000480732007417828 -0.00493843015283346
-274 0 0 -0.000472618005005643 -0.00477515021339059
-273 0 0 -0.000464259996078908 -0.00460678013041615
-272 0 0 -0.000455634988611564 -0.00443281000480056
-271 0 0 -0.000446713005658239 -0.00425264006480575
-270 0 0 -0.000437459006207064 -0.00406556017696857
-269 0 0 -0.00042783300159499 -0.00387071003206074
-268 0 0 -0.000417783012380823 -0.00366706005297601
-267 0 0 -0.000407248997362331 -0.00345331011340022
-266 0 0 -0.000396151997847483 -0.00322786998003721
-265 0 0 -0.000384393002605066 -0.00298867002129555
-264 0 0 -0.00037184200482443 -0.00273302011191845
-263 0 0 -0.000358323013642803 -0.00245729996822774
-262 0 0 -0.000343594001606107 -0.0021564899943769
-261 0 0 -0.000327309011481702 -0.00182345998473465
-260 0 0 -0.000308969989418983 -0.00144787004683167
-259 0 0 -0.000287878006929532 -0.00101523997727782
-258 0 0 -0.000263321999227628 -0.000510798010509461
-257 0 0 -0.0002358310011914 5.47714989806991E-05
-256 0 0 -0.000208757002837956 0.000612427014857531
-255 0 0 -0.000164387005497701 0.00152735994197428
-254 0 0 1.11961999209598E-05 0.005146199837327
-253 0 0 0.000196036999113858 0.00891694985330105
-252 0 0 0.000448005012003705 0.0139271002262831
-251 0 0 0.000653481984045357 0.0178737007081509
-250 13 4 0.000842154026031494 0.0213860999792814
-249 0 0 0.00102444004733115 0.0246869008988142
-248 0 0 0.00120569998398423 0.0278916992247105
-247 0 0 0.00138937996234745 0.0310741998255253
-246 0 0 0.00157809001393616 0.0342901013791561
-245 0 0 0.00177402002736926 0.0375868007540703
-244 0 0 0.00197922997176647 0.0410092994570732
-243 0 0 0.00219575990922749 0.0446037985384464
-242 0 0 0.00242570997215807 0.0484206005930901
-241 0 0 0.00267123989760876 0.0525165982544422
-240 0 0 0.00293453992344439 0.0569576993584633
-239 0 0 0.00321759004145861 0.06181950122118
-238 0 0 0.00352175999432802 0.0671869963407516
-237 0 0 0.00384686002507806 0.0731476992368698
-236 0 0 0.00418969988822937 0.0797749981284142
-235 0 0 0.00454223016276956 0.0870971009135246
-234 0 0 0.00489048007875681 0.0950606018304825
-233 0 0 0.00521615985780954 0.10351599752903
-232 0 0 0.00550159020349383 0.112253002822399
-231 0 0 0.00573454983532429 0.121068999171257
-230 0 0 0.00591005012392998 0.129819005727768
-229 0 0 0.00602893996983767 0.13841700553894
-228 0 0 0.00609565991908312 0.14682599902153
227 12 2 0.00611640000715852 0.155036002397537
226 0 0 0.00611075013875961 0.159436002373695
225 0 0 0.00607377011328936 0.167354002594948
224 0 0 0.00600790977478027 0.17509999871254
223 0 0 0.00591928977519274 0.182693004608154
222 0 0 0.00581349013373256 0.190146997570992
221 0 0 0.00569543987512589 0.197478994727135
220 0 0 0.00556949991732836 0.204702004790306
219 0 0 0.0054394300095737 0.211830005049706
218 0 0 0.00530845997855067 0.218875005841255
217 0 0 0.00517927994951606 0.225847005844116
216 0 0 0.00505413999781013 0.23275600373745
215 0 0 0.00493487995117903 0.239611998200417
214 0 0 0.00482296012341976 0.246421992778778
213 0 0 0.00471951998770237 0.253194004297256
212 0 0 0.0046254200860858 0.25993600487709
211 0 0 0.00454126996919513 0.266654014587402
210 0 0 0.00446747010573745 0.273353010416031
209 0 0 0.00440425984561443 0.280041009187698
208 0 0 0.00435172021389008 0.286720991134644
207 0 0 0.00430981023237109 0.293401002883911
206 0 0 0.00427837995812297 0.300083994865417
205 0 0 0.00425721006467938 0.306775003671646
204 0 0 0.00424600997939706 0.313479006290436
203 11 2 0.0042439098469913 0.317957997322083
-202 0 0 0.00424419017508626 0.319604009389877
-201 0 0 0.00424775015562773 0.324095010757446
-200 10 4 0.00425529992207885 0.328597992658615
-199 0 0 0.0042667300440371 0.333112001419067
-198 0 0 0.00428189011290669 0.337639987468719
-197 0 0 0.00430065020918846 0.342182010412216
-196 0 0 0.00432287016883492 0.346740007400513
-195 0 0 0.00434842007234693 0.35131499171257
-194 0 0 0.00437714019790292 0.355908006429672
-193 0 0 0.00440888991579413 0.360520005226135
-192 0 0 0.00444352999329567 0.365153014659882
-191 0 0 0.0044808997772634 0.369807988405228
-190 0 0 0.00452088005840778 0.374484986066818
-189 0 0 0.00456329993903637 0.379186987876892
-188 0 0 0.00460802018642426 0.38391301035881
-187 0 0 0.00465490017086267 0.388666987419128
-186 0 0 0.00470378994941711 0.393447995185852
-185 0 0 0.00475454982370138 0.398258000612259
-184 0 0 0.00480702007189393 0.403097987174988
-183 0 0 0.00486106006428599 0.407970011234283
-182 0 0 0.00491653988137841 0.412874013185501
-181 0 0 0.00497329980134964 0.417813003063202
-180 0 0 0.00503120012581348 0.422785997390747
-179 0 0 0.00509008998051286 0.427796006202698
-178 0 0 0.00514983991160989 0.432844996452332
-177 0 0 0.00521029997617006 0.437932014465332
-176 0 0 0.00527130998671055 0.443060010671616
-175 0 0 0.00533274980261922 0.448229998350143
-174 0 0 0.00539446016773582 0.453444004058838
-173 0 0 0.00545629998669028 0.458701997995377
-172 0 0 0.0055181197822094 0.464006990194321
-171 0 0 0.00557977007701993 0.469359993934631
-170 0 0 0.00564110977575183 0.474761992692947
-169 0 0 0.00570198986679316 0.480215013027191
-168 0 0 0.00576225994154811 0.485720992088318
-167 0 0 0.00582175981253386 0.491281002759933
-166 0 0 0.0058803497813642 0.496897011995316
-165 0 0 0.00593785988166928 0.502569973468781
-164 0 0 0.00599414994940162 0.508302986621857
-163 0 0 0.00604905001819134 0.514096021652222
-162 0 0 0.00610241014510393 0.519953012466431
-161 0 0 0.00615405989810824 0.525874018669128
-160 0 0 0.00620384002104402 0.531862020492554
-159 0 0 0.00625158986076713 0.537918984889984
-158 0 0 0.00629713991656899 0.544045984745026
-157 0 0 0.00634030997753143 0.550246000289917
-156 0 0 0.00638093985617161 0.556520998477936
-155 0 0 0.00641884980723262 0.562873005867004
-154 0 0 0.00645386008545756 0.5693039894104
-153 0 0 0.00648581003770232 0.575815975666046
-152 0 0 0.00651449989527464 0.582412004470825
-151 0 0 0.00653976015746593 0.589093029499054
-150 9 4 0.00656139990314841 0.595863997936249
-149 0 0 0.00657923985272646 0.602725028991699
-148 0 0 0.00659309979528189 0.609678983688354
-147 0 0 0.00660277018323541 0.616729021072388
-146 0 0 0.00660808989778161 0.623878002166748
-145 8 2 0.00660911994054914 0.628700017929077
144 0 0 0.00660896999761462 0.63053697347641
143 0 0 0.00660711992532015 0.635421991348267
142 0 0 0.00660311989486217 0.640354990959167
141 0 0 0.00659690983593464 0.645335018634796
140 0 0 0.0065884399227798 0.650363028049469
139 0 0 0.00657765008509159 0.655440986156464
138 0 0 0.00656449003145099 0.660570025444031
137 0 0 0.00654890993610024 0.665750026702881
136 0 0 0.00653085019439459 0.670980989933014
135 0 0 0.0065102600492537 0.676266014575958
134 0 0 0.00648709014058113 0.681604981422424
133 0 0 0.00646129995584488 0.686998009681702
132 0 0 0.00643282989040017 0.692448019981384
131 0 0 0.00640163011848927 0.69795298576355
130 0 0 0.0063676699064672 0.703517019748688
129 0 0 0.00633089011535048 0.709138989448547
128 0 0 0.00629126001149416 0.714820027351379
127 0 0 0.0062487400136888 0.720561981201172
126 0 0 0.00620329007506371 0.726364970207214
125 0 0 0.00615485990419984 0.732231020927429
124 0 0 0.00610344018787146 0.738159000873566
123 0 0 0.00604898994788527 0.744152009487152
122 0 0 0.00599147984758019 0.750211000442505
121 0 0 0.00593090010806918 0.756335020065308
120 0 0 0.00586721021682024 0.762525975704193
119 0 0 0.00580041017383337 0.768786013126373
118 0 0 0.00573049020022154 0.775115013122559
117 0 0 0.0056574298068881 0.781512975692749
116 0 0 0.00558122992515564 0.787983000278473
115 0 0 0.00550189008936286 0.794525027275085
114 0 0 0.0054194200783968 0.801138997077942
113 0 0 0.00533383013680577 0.807826995849609
112 0 0 0.00524513982236385 0.814589977264404
111 0 0 0.00515337008982897 0.821428000926971
110 0 0 0.00505854981020093 0.828342974185944
109 0 0 0.00496071018278599 0.83533501625061
108 0 0 0.00485988985747099 0.842405021190643
107 0 0 0.00475614983588457 0.849554002285004
106 0 0 0.00464953994378448 0.856782972812653
105 0 0 0.00454011000692844 0.864093005657196
104 0 0 0.00442794011905789 0.871483981609344
103 0 0 0.00431310990825295 0.878956973552704
102 0 0 0.0041956901550293 0.886511981487274
101 0 0 0.00407578004524112 0.894150972366333
100 7 4 0.00395348016172647 0.901874005794525
99 0 0 0.00382889993488789 0.909681975841522
98 0 0 0.00370213994756341 0.917575001716614
97 0 0 0.00357333989813924 0.925553023815155
96 0 0 0.00344260991550982 0.933618009090424
95 0 0 0.00331010995432734 0.941770017147064
94 0 0 0.00317596993409097 0.950008988380432
93 0 0 0.00304034003056586 0.958334982395172
92 0 0 0.0029033999890089 0.966749012470245
91 0 0 0.00276529998518527 0.975251972675323
90 0 0 0.00262621999718249 0.98384302854538
89 0 0 0.00248632999137044 0.992522001266479
88 0 0 0.00234583998098969 1.00128996372223
87 0 0 0.00220491993241012 1.01014995574951
86 0 0 0.00206378009170294 1.01909005641937
85 0 0 0.00192263000644743 1.02813005447388
84 0 0 0.0017816600156948 1.03725004196167
83 0 0 0.00164110003970563 1.0464700460434
82 0 0 0.0015011599753052 1.05577003955841
81 0 0 0.00136205996386707 1.06516003608704
80 0 0 0.00122402003034949 1.07464003562927
79 0 0 0.00108726997859776 1.08421003818512
78 0 0 0.000952041998971254 1.09386003017426
77 0 0 0.000818554020952433 1.10361003875732
76 0 0 0.000687038991600275 1.11344003677368
75 0 0 0.000557725026737899 1.12336003780365
74 0 0 0.000430840998888016 1.13336002826691
73 0 0 0.000306611997075379 1.14345002174377
72 0 0 0.000185266006155871 1.15363001823425
71 0 0 6.70238005113788E-05 1.16389000415802
70 0 0 -4.78930996905547E-05 1.1742399930954
69 0 0 -0.000159268005518243 1.18466997146606
68 0 0 -0.000266886985627934 1.19518995285034
67 0 0 -0.000370541005395353 1.2057900428772
66 0 0 -0.000470025988761336 1.21647000312805
65 0 0 -0.000565143011044711 1.22723996639252
64 0 0 -0.000655697018373758 1.23808002471924
63 0 0 -0.000741500000003725 1.24900996685028
62 0 0 -0.000822369998786598 1.2600200176239
61 0 0 -0.000898130994755775 1.27111005783081
60 0 0 -0.000968615000601858 1.2822699546814
59 0 0 -0.00103366002440453 1.29351997375488
58 0 0 -0.00109310995321721 1.30483996868134
57 0 0 -0.00114682002458721 1.31623995304108
56 0 0 -0.00119463994633406 1.32771003246307
55 0 0 -0.00123645004350692 1.33925998210907
54 0 0 -0.00127212004736066 1.35089004039764
53 0 0 -0.0013015300501138 1.3625899553299
52 0 0 -0.00132457003928721 1.37436997890472
51 0 0 -0.00134114001411945 1.3862099647522
50 6 4 -0.00135114998556674 1.39813005924225
-49 5 2 -0.00135449995286763 1.4101300239563
-48 0 0 -0.00135158002376556 1.42135000228882
-47 0 0 -0.00134187005460262 1.43348002433777
-46 0 0 -0.00132528995163739 1.44568002223969
-45 0 0 -0.00130180001724511 1.45793998241425
-44 0 0 -0.00127132004126906 1.47028005123138
-43 0 0 -0.00123383000027388 1.48267996311188
-42 0 0 -0.00118927005678415 1.49515998363495
-41 0 0 -0.00113762996625155 1.50768995285034
-40 0 0 -0.00107887003105134 1.52030003070831
-39 0 0 -0.00101298000663519 1.53296995162964
-38 0 0 -0.000939936027862132 1.5456999540329
-37 0 0 -0.000859741005115211 1.55850005149841
-36 0 0 -0.000772388011682779 1.5713700056076
-35 0 0 -0.000677881995216012 1.58429002761841
-34 0 0 -0.000576229998841882 1.59728002548218
-33 0 0 -0.000467447011033073 1.61032998561859
-32 0 0 -0.000351549009792507 1.62345004081726
-31 0 0 -0.000228560995310545 1.63662004470825
-30 0 0 -9.85068982117809E-05 1.64985001087189
-29 0 0 3.85808016289957E-05 1.66314995288849
-28 0 0 0.00018266799452249 1.6764999628067
-27 0 0 0.000333715986926109 1.68991005420685
-26 0 0 0.00049168401164934 1.70337998867035
-25 0 0 0.000656526011880487 1.71691000461578
-24 0 0 0.000828195014037192 1.73048996925354
-23 0 0 0.00100664002820849 1.74413001537323
-22 0 0 0.00119181000627577 1.75782001018524
-21 0 0 0.00138363998848945 1.77157998085022
-20 0 0 0.00158208003267646 1.78538000583649
-19 0 0 0.00178706005681306 1.7992399930954
-18 0 0 0.00199853000231087 1.81315004825592
-17 0 0 0.0022164098918438 1.8271199464798
-16 0 0 0.00244065001606941 1.84114003181458
-15 0 0 0.00267118006013334 1.85520994663239
-14 0 0 0.00290790991857648 1.8693300485611
-13 0 0 0.00315078999847174 1.88349997997284
-12 0 0 0.00339973997324705 1.89772999286652
-11 0 0 0.00365468999370933 1.91199994087219
-10 0 0 0.00391555996611714 1.92631995677948
-9 0 0 0.00418228004127741 1.94069004058838
-8 0 0 0.0044547701254487 1.95510995388031
-7 0 0 0.0046395999379456 1.96475005149841
-6 0 0 0.0047642202116549 1.9711799621582
-5 0 0 0.00484790978953242 1.97547996044159
-4 0 0 0.00490398006513715 1.97835004329681
-3 0 0 0.00494147976860404 1.980260014534
-2 0 0 0.00496653001755476 1.98152995109558
1 0 0 0.00499999988824129 1.98324000835419
1 0 0 0.00499999988824129 1.98324000835419
-2 0 0 0.00503354985266924 1.98494005203247
-3 0 0 0.00505875982344151 1.98620998859406
-4 0 0 0.00509665021672845 1.98812997341156
-5 0 0 0.00515368022024632 1.99100005626678
-6 0 0 0.00523961009457707 1.99531996250153
-7 0 0 0.0053694099187851 2.00180006027222
-8 0 0 0.00556612992659211 2.01153993606567
-9 0 0 0.0058657000772655 2.02618002891541
-10 0 0 0.00617058016359806 2.04086995124817
-11 0 0 0.00648069987073541 2.05559992790222
-12 0 0 0.00679596979171038 2.07036995887756
-13 0 0 0.00711632985621691 2.08519005775452
-14 0 0 0.00744167994707823 2.10004997253418
-15 0 0 0.00777195999398828 2.11494994163513
-16 0 0 0.00810706987977028 2.1298999786377
-17 0 0 0.00844695046544075 2.14488005638123
-18 0 0 0.00879152026027441 2.15989995002747
-19 0 0 0.00914070010185242 2.17496991157532
-20 0 0 0.00949440989643335 2.19006991386414
-21 0 0 0.0098525695502758 2.20520997047424
-22 0 0 0.0102150999009609 2.22038006782532
-23 0 0 0.0105820000171661 2.23559999465942
-24 0 0 0.0109529998153448 2.2508499622345
-25 0 0 0.0113283004611731 2.26612997055054
-26 0 0 0.0117076002061367 2.28146004676819
-27 0 0 0.0120908999815583 2.29680991172791
-28 0 0 0.0124781001359224 2.31220006942749
-29 0 0 0.0128691997379065 2.32763004302979
-30 0 0 0.0132641000673175 2.34308004379272
-31 0 0 0.0136628001928329 2.35857009887695
-32 0 0 0.0140650002285838 2.37409996986389
-33 0 0 0.0144709004089236 2.38965010643005
-34 0 0 0.0148802995681763 2.4052300453186
-35 0 0 0.0152930999174714 2.42085003852844
-36 0 0 0.0157092995941639 2.43649005889893
-37 0 0 0.0161288008093834 2.4521598815918
-38 0 0 0.0165515001863241 2.46786999702454
-39 0 0 0.0169775001704693 2.48359990119934
-40 0 0 0.0174065008759499 2.49935007095337
-41 0 0 0.0178386997431517 2.51514005661011
-42 0 0 0.018273800611496 2.53095006942749
-43 0 0 0.0187119003385305 2.54678988456726
-44 0 0 0.0191527996212244 2.56264996528625
-45 0 0 0.0195966009050608 2.57854008674622
-46 0 0 0.0200431998819113 2.59446001052856
-47 0 0 0.0204923991113901 2.61039996147156
-48 0 0 0.0209442991763353 2.6263599395752
-49 0 0 0.0213987994939089 2.64233994483948
-50 2 4 0.0218559000641108 2.65834999084473
-51 0 0 0.0223153997212648 2.67438006401062
-52 0 0 0.0227774009108543 2.6904399394989
-53 0 0 0.0232417993247509 2.70651006698608
-54 0 0 0.0237084999680519 2.72260999679565
-55 0 0 0.0241774991154671 2.73871994018555
-56 0 0 0.0246486999094486 2.75485992431641
-57 0 0 0.0251221992075443 2.77101993560791
-58 0 0 0.0255977995693684 2.78718996047974
-59 0 0 0.0260754991322756 2.80339002609253
-60 0 0 0.0265551991760731 2.81960010528564
-61 0 0 0.0270370002835989 2.83582997322083
-62 0 0 0.0275206994265318 2.85208010673523
-63 0 0 0.0280064009130001 2.8683500289917
-64 0 0 0.0284938998520374 2.88463997840881
-65 0 0 0.0289833005517721 2.90093994140625
-66 0 0 0.029474500566721 2.91725993156433
-67 0 0 0.029967499896884 2.93358993530273
-68 0 0 0.0304621998220682 2.94993996620178
-69 0 0 0.0309586003422737 2.96631002426147
-70 0 0 0.0314566008746624 2.98269009590149
-71 0 0 0.0319563001394272 2.99907994270325
-72 0 0 0.0324575006961823 3.01549005508423
-73 0 0 0.0329602994024754 3.03191995620728
-74 0 0 0.0334645994007587 3.04836010932922
-75 0 0 0.0339704006910324 3.06481003761292
-76 0 0 0.034477598965168 3.08126997947693
-77 0 0 0.0349862016737461 3.09774994850159
-78 0 0 0.0354962013661861 3.11423993110657
-79 0 0 0.0360076017677784 3.13073992729187
-80 0 0 0.0365202985703945 3.14725995063782
-81 0 0 0.0370342992246151 3.16378998756409
-82 0 0 0.0375496000051498 3.18033003807068
-83 0 0 0.0380661003291607 3.19688010215759
-84 0 0 0.0385838001966476 3.21343994140625
-85 0 0 0.0391026996076107 3.23001003265381
-86 0 0 0.0396227985620499 3.24658989906311
-87 0 0 0.0401440002024174 3.26318001747131
-88 0 0 0.0406663008034229 3.27978992462158
-89 0 0 0.0411897003650665 3.29640007019043
-90 0 0 0.0417140983045101 3.31301999092102
-91 0 0 0.0425027012825012 3.33798003196716
-92 0 0 0.0432934984564781 3.36295008659363
-93 0 0 0.0440866015851498 3.38793992996216
-94 0 0 0.0448817014694214 3.41295003890991
-95 0 0 0.0456788018345833 3.43797993659973
-96 0 0 0.0464779995381832 3.46303009986877
-97 0 0 0.0472790002822876 3.48810005187988
-98 0 0 0.0480819009244442 3.51318001747131
-99 0 0 0.0488865002989769 3.53828001022339
-100 3 4 0.0496928989887238 3.56340003013611
-101 4 9 0.050501000136137 3.58853006362915
