-326 19 9 -0.0501547008752823 -0.409249991178513
-325 0 0 -0.049226701259613 -0.402316987514496
-324 0 0 -0.0482980981469154 -0.395417004823685
-323 0 0 -0.047368198633194 -0.388543993234634
-322 0 0 -0.0464362986385822 -0.381696999073029
-321 0 0 -0.0455017015337944 -0.374871999025345
-320 0 0 -0.0445636995136738 -0.368066012859344
-319 0 0 -0.0436215996742249 -0.361277014017105
-318 0 0 -0.0426746010780334 -0.354499995708466
-317 0 0 -0.0417222008109093 -0.347732990980148
-316 0 0 -0.0407635010778904 -0.340972989797592
-315 0 0 -0.0397980995476246 -0.334214985370636
-314 0 0 -0.0391503982245922 -0.329708993434906
-313 0 0 -0.0384990982711315 -0.325201988220215
-312 0 0 -0.0378441996872425 -0.320692002773285
-311 0 0 -0.0371855013072491 -0.316177994012833
-310 0 0 -0.0365227982401848 -0.311659008264542
-309 0 0 -0.0358559004962444 -0.307134002447128
-308 0 0 -0.0351848006248474 -0.302601009607315
-307 0 0 -0.034509401768446 -0.29805800318718
-306 0 0 -0.0338293984532356 -0.293505996465683
-305 0 0 -0.033144898712635 -0.288940995931625
-304 0 0 -0.0324557013809681 -0.284361988306046
-303 0 0 -0.0317618995904922 -0.279767990112305
-302 0 0 -0.031063299626112 -0.275157004594803
-301 0 0 -0.0303601007908583 -0.270527988672256
-300 18 4 -0.0298886001110077 -0.267430007457733
-299 0 0 -0.029415100812912 -0.264322012662888
-298 0 0 -0.028939500451088 -0.26120400428772
-297 0 0 -0.0284620001912117 -0.258074998855591
-296 0 0 -0.0279824007302523 -0.254934996366501
-295 0 0 -0.0275008995085955 -0.25178200006485
-294 0 0 -0.0270173996686935 -0.248615995049477
-293 0 0 -0.0265321992337704 -0.245435997843742
-292 0 0 -0.0260451007634401 -0.242241993546486
-291 0 0 -0.0255562998354435 -0.239032000303268
-290 0 0 -0.0250659007579088 -0.235806003212929
-289 0 0 -0.0245737992227077 -0.232564002275467
-288 0 0 -0.0240803007036448 -0.229303002357483
-287 0 0 -0.0235855001956224 -0.226023003458977
-286 0 0 -0.0230893008410931 -0.222724005579948
-285 0 0 -0.0225920006632805 -0.219402998685837
-284 0 0 -0.0220937002450228 -0.216060996055603
-283 0 0 -0.0215943995863199 -0.212696000933647
-282 0 0 -0.0210944004356861 -0.209306001663208
-281 0 0 -0.0205937009304762 -0.205890998244286
-280 0 0 -0.020092599093914 -0.202450007200241
-279 0 0 -0.019591199234128 -0.198980003595352
-278 0 0 -0.019089600071311 -0.19548100233078
-277 0 0 -0.0185880996286869 -0.191952005028725
-276 0 0 -0.0180868003517389 -0.188390001654625
-275 0 0 -0.0175860002636909 -0.184795007109642
-274 0 0 -0.017085799947381 -0.181164994835854
-273 0 0 -0.0165864005684853 -0.177497997879982
-272 0 0 -0.0160881001502275 -0.173794001340866
-271 0 0 -0.0155912004411221 -0.170049995183945
-270 0 0 -0.0150958998128772 -0.166265994310379
-269 0 0 -0.0146024003624916 -0.162441000342369
-268 0 0 -0.0141112003475428 -0.158574000000954
-267 0 0 -0.0136225996538997 -0.154663994908333
-266 0 0 -0.013136999681592 -0.150712996721268
-265 0 0 -0.0126548996195197 -0.146720007061958
-264 0 0 -0.0121767995879054 -0.142688006162643
-263 0 0 -0.0117033999413252 -0.138620004057884
-262 0 0 -0.0112354997545481 -0.134522005915642
-261 0 0 -0.0107738999649882 -0.130400002002716
-260 0 0 -0.0103198997676373 -0.126262992620468
-259 0 0 -0.0098745496943593 -0.122123003005981
-258 0 0 -0.0094393203034997 -0.117995999753475
-257 0 0 -0.009015710093081 -0.113898999989033
-256 0 0 -0.00860526971518993 -0.109849996864796
-255 0 0 -0.00820953026413918 -0.105870999395847
-254 0 0 -0.00782984960824251 -0.101981997489929
-253 0 0 -0.007467329967767 -0.0982019975781441
-252 0 0 -0.00712272012606263 -0.0945473983883858
-251 0 0 -0.00679638981819153 -0.0910300984978676
-250 17 4 -0.0064882799051702 -0.0876583009958267
-249 0 0 -0.00619802018627524 -0.0844357013702393
-248 0 0 -0.00592492986470461 -0.0813622996211052
-247 0 0 -0.00566814001649618 -0.0784351006150246
-246 0 0 -0.00542664993554354 -0.0756487995386124
-245 0 0 -0.00519941002130508 -0.0729966014623642
-244 0 0 -0.00498535018414259 -0.0704708024859428
-243 0 0 -0.00478343991562724 -0.0680631026625633
-242 0 0 -0.00459267990663648 -0.0657654032111168
-241 0 0 -0.00441215001046658 -0.063569501042366
-240 0 0 -0.00424097990617156 -0.0614675991237164
-239 0 0 -0.00407839985564351 -0.059452299028635
-238 0 0 -0.00392368016764522 -0.057516798377037
-237 0 0 -0.00377617008052766 -0.0556544996798038
-236 0 0 -0.00363527005538344 -0.0538594983518124
-235 0 0 -0.00350044993683696 -0.0521261990070343
-234 0 0 -0.00337120005860925 -0.050449401140213
-233 0 0 -0.0032470899168402 -0.0488243997097015
-232 0 0 -0.00312770996242762 -0.0472466014325619
-231 0 0 -0.00301267998293042 -0.0457120016217232
-230 0 0 -0.00290167005732656 -0.044216699898243
-229 0 0 -0.00279435003176332 -0.0427569001913071
-228 0 0 -0.00269045005552471 -0.0413293987512589
-227 0 0 -0.00258968002162874 -0.0399307012557983
-226 0 0 -0.00249180989339948 -0.0385578013956547
-225 0 0 -0.00239658006466925 -0.0372075997292995
-224 0 0 -0.00230379006825387 -0.035877101123333
-223 0 0 -0.00221320008859038 -0.0345635004341602
-222 0 0 -0.00212462991476059 -0.033263698220253
-221 0 0 -0.00203784997574985 -0.0319747999310493
-220 0 0 -0.00195267994422466 -0.0306937992572784
-219 0 0 -0.00186891003977507 -0.0294173993170261
-218 0 0 -0.00178634002804756 -0.028142299503088
-217 0 0 -0.00170473998878151 -0.0268647000193596
-216 0 0 -0.00162389001343399 -0.0255804993212223
-215 0 0 -0.00154354004189372 -0.0242849998176098
-214 0 0 -0.00146338995546103 -0.0229727998375893
-213 0 0 -0.00140992004889995 -0.0220855996012688
-212 0 0 -0.00135627004783601 -0.0211858991533518
-211 0 0 -0.00130233995150775 -0.0202709995210171
-210 0 0 -0.00124795001465827 -0.0193377994000912
-209 0 0 -0.00119294004980475 -0.0183825995773077
-208 0 0 -0.00115580996498466 -0.017731299623847
-207 0 0 -0.00111823005136102 -0.0170665998011827
-206 0 0 -0.00108009995892644 -0.0163867007941008
-205 0 0 -0.00104132003616542 -0.0156890992075205
-204 0 0 -0.00100176001433283 -0.0149713000282645
-203 0 0 -0.000974873022641987 -0.0144798997789621
-202 0 0 -0.000947516993619502 -0.0139768002554774
-201 0 0 -0.000919622019864619 -0.0134605998173356
-200 16 4 -0.00089111301349476 -0.0129298996180296
-199 0 0 -0.00086189602734521 -0.0123824998736382
-198 0 0 -0.000841969973407686 -0.0120072001591325
-197 0 0 -0.000821641006041318 -0.0116226002573967
-196 0 0 -0.000800863024778664 -0.0112277995795012
-195 0 0 -0.000779582012910396 -0.0108217997476459
-194 0 0 -0.000757734989747405 -0.010402999818325
-193 0 0 -0.000735246983822435 -0.00997001957148314
-192 0 0 -0.00071985402610153 -0.00967251975089312
-191 0 0 -0.000704102974850684 -0.00936716981232166
-190 0 0 -0.000687956984620541 -0.00905319955199957
-189 0 0 -0.000671371992211789 -0.00872968044131994
-188 0 0 -0.000654297997243702 -0.00839556008577347
-187 0 0 -0.000636670971289277 -0.00804954022169113
-186 0 0 -0.000624577980488539 -0.00781150022521615
-185 0 0 -0.000612179981544614 -0.00756694981828332
-184 0 0 -0.000599448976572603 -0.00731525989249349
-183 0 0 -0.000586348993238062 -0.00705571006983519
-182 0 0 -0.00057283800560981 -0.00678743002936244
-181 0 0 -0.00055886700283736 -0.00650941021740437
-180 0 0 -0.000549270014744252 -0.00631806021556258
-179 0 0 -0.000539420987479389 -0.00612139981240034
-178 0 0 -0.000529297976754606 -0.005918949842453
-177 0 0 -0.000518872984685004 -0.00571013009175658
-176 0 0 -0.000508113007526845 -0.00549427978694439
-175 0 0 -0.000496981025207788 -0.00527061009779572
-174 0 0 -0.000489329977426678 -0.0051166801713407
-173 0 0 -0.000481477007269859 -0.00495852995663881
-172 0 0 -0.000473405001685023 -0.0047957799397409
-171 0 0 -0.000465091987280175 -0.00462799007073045
-170 0 0 -0.000456514011602849 -0.00445467978715897
-169 0 0 -0.000447641999926418 -0.00427523022517562
-168 0 0 -0.000441548996604979 -0.00415185978636146
-167 0 0 -0.00043529798858799 -0.00402521993964911
-166 0 0 -0.000428877014201134 -0.003895039903
-165 0 0 -0.00042227198719047 -0.00376101001165807
-164 0 0 -0.000415465008700266 -0.0036227700766176
-163 0 0 -0.000408435007557273 -0.00347992009483278
-162 0 0 -0.000401160010369495 -0.00333196995779872
-161 0 0 -0.000396160990931094 -0.00323022995144129
-160 0 0 -0.000391031004255638 -0.00312578002922237
-159 0 0 -0.000385760999051854 -0.00301841995678842
-158 0 0 -0.000380337995011359 -0.00290788989514112
-157 0 0 -0.00037474901182577 -0.00279390998184681
-156 0 0 -0.00036897900281474 -0.00267617008648813
-155 0 0 -0.000363008992280811 -0.00255430000834167
-154 0 0 -0.000358908990165219 -0.0024705498944968
-153 0 0 -0.000354704010533169 -0.00238464004360139
-152 0 0 -0.000350387999787927 -0.0022964000236243
-151 0 0 -0.00034594998578541 -0.00220567011274397
-150 15 4 -0.000341383012710139 -0.00211225007660687
-149 0 0 -0.000336675002472475 -0.00201591989025474
-148 0 0 -0.000331815012032166 -0.00191642995923758
-147 0 0 -0.000326790002873167 -0.00181351997889578
-146 0 0 -0.000321583996992558 -0.00170688005164266
-145 0 0 -0.000316182005917653 -0.00159618002362549
-144 0 0 -0.0003105660143774 -0.0014810300199315
-143 0 0 -0.000304715998936445 -0.0013610499445349
-142 0 0 -0.000298611004836857 -0.00123578996863216
-141 0 0 -0.000292231008643284 -0.00110482994932681
-140 0 0 -0.000285555986920372 -0.000967758998740464
-139 0 0 -0.000278569990769029 -0.000824249989818782
-138 0 0 -0.000271266006166115 -0.000674167997203767
-137 0 0 -0.000263655005255714 -0.000517691019922495
-136 0 0 -0.000255766994087026 -0.000355475989636034
-135 0 0 -0.000239411005168222 -1.89323000086006E-05
-134 0 0 -0.000134023997816257 0.00215284992009401
-133 0 0 4.52050990134012E-05 0.00583704002201557
-132 0 0 0.000155835004989058 0.00808847974985838
-131 0 0 0.000245361006818712 0.00989045016467571
-130 0 0 0.000323851010762155 0.0114527000114322
-129 0 0 0.000395467999624088 0.0128622995689511
-128 0 0 0.000462405994767323 0.0141655001789331
-127 0 0 0.00052598601905629 0.0153900999575853
-126 0 0 0.000587076996453106 0.0165545996278524
-125 0 0 0.000646287982817739 0.0176717992872
-124 0 0 0.000704065023455769 0.0187513008713722
-123 0 0 0.00076074997195974 0.0198004003614187
-122 0 0 0.000816610001493245 0.0208246000111103
-121 0 0 0.000871861993800849 0.0218288004398346
-120 0 0 0.000926684006117284 0.0228166002780199
-119 0 0 0.000981229008175433 0.0237913001328707
-118 0 0 0.0010356199927628 0.0247556008398533
-117 0 0 0.00108999002259225 0.0257118996232748
-116 0 0 0.00114440999459475 0.0266622994095087
-115 0 0 0.00119900004938245 0.0276088006794453
-114 0 0 0.00125382002443075 0.0285529997199774
-113 0 0 0.00130896002519876 0.0294966008514166
-112 0 0 0.00136449001729488 0.0304409991949797
-111 0 0 0.00142046995460987 0.0313875004649162
-110 0 0 0.00147698004730046 0.032337598502636
-109 0 0 0.00153407000470906 0.0332924984395504
-108 0 0 0.00159181002527475 0.0342535004019737
-107 0 0 0.00165025005117059 0.0352215990424156
-106 0 0 0.00170946004800498 0.0361981987953186
-105 0 0 0.00174940004944801 0.0368545018136501
-104 0 0 0.00178971001878381 0.0375154986977577
-103 0 0 0.00183043000288308 0.0381814017891884
-102 0 0 0.0018715700134635 0.0388526991009712
-101 0 0 0.0019131499575451 0.039529699832201
-100 14 4 0.00195518997497857 0.0402126982808113
-99 0 0 0.00199769996106625 0.0409022010862827
-98 0 0 0.00204071006737649 0.0415983982384205
-97 0 0 0.00208424008451402 0.0423019006848335
-96 0 0 0.00212830002419651 0.0430129989981651
-95 0 0 0.0021729099098593 0.0437319986522198
-94 0 0 0.00221810000948608 0.0444594994187355
-93 0 0 0.00226389011368155 0.0451957993209362
-92 0 0 0.00231029000133276 0.0459413006901741
-91 0 0 0.00235733995214105 0.046696599572897
-90 0 0 0.00240503996610641 0.047462098300457
-89 0 0 0.0024372199550271 0.047978300601244
-88 0 0 0.00246972008608282 0.0484994016587734
-87 0 0 0.00250253011472523 0.0490254983305931
-86 0 0 0.00253567006438971 0.0495567992329597
-85 0 0 0.00256913993507624 0.0500935018062592
-84 0 0 0.00260294997133315 0.0506356991827488
-83 0 0 0.00263710995204747 0.0511834993958473
-82 0 0 0.00267162988893688 0.0517372004687786
-81 0 0 0.00270651001483202 0.0522968992590904
-80 0 0 0.00274176010861993 0.0528628006577492
-79 0 0 0.00277738994918764 0.0534350983798504
-78 0 0 0.00281341001391411 0.0540139004588127
-77 0 0 0.0028498200699687 0.0545995011925697
-76 0 0 0.00288663990795612 0.0551920011639595
-75 0 0 0.00292386999353766 0.0557916983962059
-74 0 0 0.00296152988448739 0.0563987009227276
-73 0 0 0.00299961003474891 0.0570132993161678
-72 0 0 0.00303814001381397 0.0576356984674931
-71 0 0 0.00307711004279554 0.0582660995423794
-70 0 0 0.00311653991229832 0.0589048005640507
-69 0 0 0.00315643008798361 0.0595518983900547
-68 0 0 0.00318328989669681 0.0599881000816822
-67 0 0 0.00321035995148122 0.0604282990098
-66 0 0 0.00323765003122389 0.0608724988996983
-65 0 0 0.00326515990309417 0.0613208003342152
-64 0 0 0.00329290004447103 0.0617733001708984
-63 0 0 0.00332084996625781 0.0622299984097481
-62 0 0 0.0033490399364382 0.0626910030841827
-61 0 0 0.00337744993157685 0.0631564036011696
-60 0 0 0.0034060999751091 0.0636264011263847
-59 0 0 0.00343498005531728 0.0641008988022804
-58 0 0 0.00346409995108843 0.064580000936985
-57 0 0 0.00349345989525318 0.065063901245594
-56 0 0 0.00352305988781154 0.0655525997281075
-55 0 0 0.00355290994048119 0.0660460963845253
-54 0 0 0.00358301005326211 0.066544696688652
-53 0 0 0.00361335999332368 0.0670484006404877
-52 0 0 0.00364394998177886 0.0675572007894516
-51 0 0 0.00367481005378067 0.0680712983012199
-50 13 4 0.00370591995306313 0.0685907006263733
-49 0 0 0.00373728992417455 0.0691154971718788
-48 0 0 0.00376891996711493 0.0696458965539932
-47 0 0 0.00380081008188426 0.0701818987727165
-46 0 0 0.0038329700473696 0.0707234963774681
-45 0 0 0.0038653900846839 0.0712710022926331
-44 0 0 0.00389807997271419 0.0718244016170502
-43 0 0 0.00393103994429111 0.0723837018013
-42 0 0 0.00396426022052765 0.0729490965604782
-41 0 0 0.00399775989353657 0.0735206976532936
-40 0 0 0.00403153011575341 0.0740984976291656
-39 0 0 0.00406556017696857 0.0746826007962227
-38 0 0 0.00408841017633677 0.0750755965709686
-37 0 0 0.00411137007176876 0.0754714012145996
-36 0 0 0.00413445010781288 0.0758702009916306
-35 0 0 0.00415766006335616 0.0762718990445137
-34 0 0 0.00418097991496325 0.0766765028238297
-33 0 0 0.00420441990718246 0.0770841017365456
-32 0 0 0.00422798981890082 0.077494703233242
-31 0 0 0.00425167009234428 0.0779082998633385
-30 0 0 0.00427547004073858 0.0783250033855438
-29 0 0 0.00429937988519669 0.0787447020411491
-28 0 0 0.00432342011481524 0.0791675001382828
-27 0 0 0.0043475697748363 0.0795935019850731
-26 0 0 0.00437184004113078 0.0800224989652634
-25 0 0 0.00439622020348907 0.0804546996951103
-24 0 0 0.00442072004079819 0.0808899998664856
-23 0 0 0.00444532977417111 0.0813286006450653
-22 0 0 0.00447004986926913 0.0817703008651733
-21 0 0 0.00449487986043096 0.0822151973843575
-20 0 0 0.00451982021331787 0.0826634019613266
-19 0 0 0.0045448699966073 0.0831148028373718
-18 0 0 0.00457003014162183 0.0835694000124931
-17 0 0 0.00459528993815184 0.0840272977948189
-16 0 0 0.00462064985185862 0.0844883993268013
-15 0 0 0.00464610988274217 0.0849528983235359
-14 0 0 0.00467167003080249 0.0854206010699272
-13 0 0 0.00469732983037829 0.0858915969729424
-12 0 0 0.00472307996824384 0.0863657966256142
-11 0 0 0.00474893022328615 0.0868434011936188
-10 0 0 0.0047748601064086 0.0873242989182472
-9 0 0 0.00480089010670781 0.0878084003925323
-8 0 0 0.00482698995620012 0.0882958993315697
-7 0 0 0.00485318014398217 0.0887866020202637
-6 0 0 0.00487944018095732 0.0892805978655815
-5 0 0 0.00490579009056091 0.089777797460556
-4 0 0 0.00493220007047057 0.090278297662735
-3 0 0 0.00495867989957333 0.0907820016145706
-2 0 0 0.00497636990621686 0.0911196991801262
1 0 0 0.00499999988824129 0.0915720015764236
1 0 0 0.00499999988824129 0.0915720015764236
-2 0 0 0.00502368016168475 0.0920270010828972
-3 0 0 0.00504146981984377 0.0923698022961617
-4 0 0 0.00506818993017077 0.0928867012262344
-5 0 0 0.00509497011080384 0.0934066995978355
-6 0 0 0.00512178987264633 0.0939299017190933
-7 0 0 0.00514865014702082 0.0944560989737511
-8 0 0 0.00517555000260472 0.0949854031205177
-9 0 0 0.0052024801261723 0.0955177024006844
-10 0 0 0.00522944005206227 0.0960531011223793
-11 0 0 0.0052564200013876 0.0965913981199265
-12 0 0 0.00528341997414827 0.0971326008439064
-13 0 0 0.00531043019145727 0.0976767018437386
-14 0 0 0.0053374501876533 0.0982235968112946
-15 0 0 0.00536447996273637 0.0987733975052834
-16 0 0 0.0053914999589324 0.0993257984519005
-17 0 0 0.00541851995512843 0.0998810008168221
-18 0 0 0.00544551992788911 0.100438997149467
-19 0 0 0.00547249987721443 0.100998997688293
-20 0 0 0.00549947004765272 0.1015620008111
-21 0 0 0.0055264001712203 0.102127999067307
-22 0 0 0.00555330002680421 0.102696001529694
-23 0 0 0.00558015983551741 0.103266000747681
-24 0 0 0.00560696981847286 0.103839002549648
-25 0 0 0.0056337402202189 0.104414001107216
-26 0 0 0.00566045008599758 0.104990996420383
-27 0 0 0.00568709010258317 0.105570003390312
-28 0 0 0.0057136700488627 0.10615099966526
-29 0 0 0.00574018014594913 0.106734998524189
-30 0 0 0.00576661014929414 0.107320003211498
-31 0 0 0.00579294981434941 0.107906997203827
-32 0 0 0.00581920985132456 0.108496002852917
-33 0 0 0.00584536977112293 0.109086997807026
-34 0 0 0.00587143981829286 0.109678998589516
-35 0 0 0.00589739019051194 0.110273003578186
-36 0 0 0.00592323997989297 0.110868997871876
-37 0 0 0.00594897009432316 0.111465997993946
-38 0 0 0.00597458984702826 0.112063996493816
-39 0 0 0.00600008014589548 0.112663999199867
-40 0 0 0.00602542981505394 0.113265000283718
-41 0 0 0.00605065980926156 0.113866999745369
-42 0 0 0.00607573986053467 0.1144710034132
-43 0 0 0.00610068021342158 0.115074999630451
-44 0 0 0.0061254701577127 0.115681000053883
-45 0 0 0.0061501101590693 0.116287000477314
-46 0 0 0.00617460021749139 0.116893999278545
-47 0 0 0.00619891984388232 0.117503002285957
-48 0 0 0.006223080214113 0.118110999464989
-49 0 0 0.00624707015231252 0.118721000850201
-50 2 4 0.00627089012414217 0.119331002235413
-51 0 0 0.00629452988505363 0.119942001998425
-52 0 0 0.0063179899007082 0.120553001761436
-53 0 0 0.0063412799499929 0.121164999902248
-54 0 0 0.00636437023058534 0.12177699804306
-55 0 0 0.0063872798345983 0.122389003634453
-56 0 0 0.00640999991446733 0.123002000153065
-57 0 0 0.00643252022564411 0.123614996671677
-58 0 0 0.00645483983680606 0.124228000640869
-59 0 0 0.00647696992382407 0.124842002987862
-60 0 0 0.00649889977648854 0.125455006957054
-61 0 0 0.00652062008157372 0.126067996025085
-62 0 0 0.00654214015230536 0.126681998372078
-63 0 0 0.00656343996524811 0.12729500234127
-64 0 0 0.0065845400094986 0.127908006310463
-65 0 0 0.00660543004050851 0.128521993756294
-66 0 0 0.00662611005827785 0.129134997725487
-67 0 0 0.00664656981825829 0.129747003316879
-68 0 0 0.00666680978611112 0.130360007286072
-69 0 0 0.00668684020638466 0.130971997976303
-70 0 0 0.00670664990320802 0.131584003567696
-71 0 0 0.00672625005245209 0.132194995880127
-72 0 0 0.00674562016502023 0.132806003093719
-73 0 0 0.00676477001979947 0.133416995406151
-74 0 0 0.00678370008245111 0.134027004241943
-75 0 0 0.00680240988731384 0.134636998176575
-76 0 0 0.00682089012116194 0.135245993733406
-77 0 0 0.00683915009722114 0.135855004191399
-78 0 0 0.00685718981549144 0.13646300137043
-79 0 0 0.00687501020729542 0.137070998549461
-80 0 0 0.00689260009676218 0.137677997350693
-81 0 0 0.00690997019410133 0.138283997774124
-82 0 0 0.00693560019135475 0.139192998409271
-83 0 0 0.0069607300683856 0.140099003911018
-84 0 0 0.00698535004630685 0.141004994511604
-85 0 0 0.00700948014855385 0.141908004879951
-86 0 0 0.00703309988602996 0.142810001969337
-87 0 0 0.00705621996894479 0.143710002303123
-88 0 0 0.00707885017618537 0.14460800588131
-89 0 0 0.0071009797975421 0.145504996180534
-90 0 0 0.00712262000888586 0.14639900624752
-91 0 0 0.00714376987889409 0.147292003035545
-92 0 0 0.00716444011777639 0.14818300306797
-93 0 0 0.00718462001532316 0.149070993065834
-94 0 0 0.00720431003719568 0.149957999587059
-95 0 0 0.00722353998571634 0.150842994451523
-96 0 0 0.00724228005856276 0.151725992560387
-97 0 0 0.00726056005805731 0.152605995535851
-98 0 0 0.00727837020531297 0.153485000133514
-99 0 0 0.00729571981355548 0.154361993074417
-100 3 4 0.00731260981410742 0.155236005783081
-101 0 0 0.00732904998585582 0.156109005212784
-102 0 0 0.00734503986313939 0.156978994607925
-103 0 0 0.00736057991161942 0.157847002148628
-104 0 0 0.00737569015473127 0.15871399641037
-105 0 0 0.00739035988226533 0.159577995538712
-106 0 0 0.00740459002554417 0.160439997911453
-107 0 0 0.00741840014234185 0.161300003528595
-108 0 0 0.00743179023265839 0.162156999111176
-109 0 0 0.0074447700753808 0.163012996315956
-110 0 0 0.00745732989162207 0.163866996765137
-111 0 0 0.00747541012242436 0.165142998099327
-112 0 0 0.0074925902299583 0.166415005922318
-113 0 0 0.00750888977199793 0.167683005332947
-114 0 0 0.00752431992441416 0.168945997953415
-115 0 0 0.00753891002386808 0.170203998684883
-116 0 0 0.00755266984924674 0.171458005905151
-117 0 0 0.00756561011075974 0.172707006335258
-118 0 0 0.00757776014506817 0.173951998353004
-119 0 0 0.00758913019672036 0.17519299685955
-120 0 0 0.00759973004460335 0.176429003477097
-121 0 0 0.0076095899567008 0.177661001682281
-122 0 0 0.00761872995644808 0.178889006376266
-123 0 0 0.00762715004384518 0.18011200428009
-124 0 0 0.00763486977666616 0.181332007050514
-125 0 0 0.007641919888556 0.182547003030777
-126 0 0 0.00764831015840173 0.18375900387764
-127 0 0 0.00765404989942908 0.184966996312141
-128 0 0 0.00765916984528303 0.186169996857643
-129 0 0 0.00766366999596357 0.187370002269745
-130 0 0 0.00766756990924478 0.188565999269485
-131 0 0 0.00767234014347196 0.190353006124496
-132 0 0 0.00767586007714272 0.192131996154785
-133 0 0 0.00767817022278905 0.193902999162674
-134 0 0 0.00767933018505573 0.195666000247002
135 4 2 0.0076795001514256 0.196639999747276
136 0 0 0.00767897022888064 0.198391005396843
137 0 0 0.00767626985907555 0.20100399851799
138 0 0 0.00767141999676824 0.203601002693176
139 0 0 0.00766457989811897 0.20618200302124
140 0 0 0.00765589019283652 0.208747997879982
141 0 0 0.00764549989253283 0.211300000548363
142 0 0 0.00763355987146497 0.213837996125221
143 0 0 0.00762020004913211 0.216362997889519
144 0 0 0.00760554010048509 0.218873992562294
145 0 0 0.00758972018957138 0.221374005079269
146 0 0 0.0075728502124548 0.223860993981361
147 0 0 0.00755504984408617 0.226337000727654
148 0 0 0.00753642991185188 0.228800997138023
149 0 0 0.00751709984615445 0.231254994869232
150 5 4 0.00749716022983193 0.23369899392128
151 0 0 0.00747670978307724 0.236132994294167
152 0 0 0.00745583977550268 0.238556995987892
153 0 0 0.00743464007973671 0.240972995758057
154 0 0 0.00741320010274649 0.24337899684906
155 0 0 0.0073915901593864 0.245776996016502
156 0 0 0.00736988987773657 0.248166993260384
157 0 0 0.00734817981719971 0.250550001859665
158 0 0 0.0073157399892807 0.254108995199203
159 0 0 0.00728364987298846 0.257652997970581
160 0 0 0.0072520999237895 0.261182993650436
161 0 0 0.00722128013148904 0.264697998762131
162 0 0 0.00719135999679565 0.268200993537903
163 0 0 0.00716248992830515 0.271692007780075
164 0 0 0.007134810090065 0.275171995162964
165 0 0 0.00710846018046141 0.278641998767853
166 0 0 0.00708353985100985 0.282101988792419
167 0 0 0.00706015015020967 0.285553008317947
168 0 0 0.00703838979825377 0.288996011018753
169 0 0 0.00700896978378296 0.294147998094559
170 0 0 0.0069836201146245 0.299284994602203
171 0 0 0.00696250982582569 0.304410010576248
172 0 0 0.00694580003619194 0.309525996446609
173 0 0 0.00693358015269041 0.314633011817932
174 0 0 0.00692594004794955 0.319734990596771
175 0 0 0.00692291976884007 0.324831992387772
-176 6 2 0.00692286994308233 0.325605988502502
-177 0 0 0.0069251898676157 0.330700010061264
-178 0 0 0.00693735014647245 0.338342994451523
-179 0 0 0.0069598201662302 0.345988988876343
-180 0 0 0.00699242018163204 0.353646010160446
-181 0 0 0.00703490991145372 0.361319005489349
-182 0 0 0.00708696991205215 0.369011014699936
-183 0 0 0.00714827980846167 0.376729011535645
-184 0 0 0.00721844006329775 0.384476006031036
-185 0 0 0.00729705998674035 0.392259001731873
-186 0 0 0.00738372001796961 0.400079995393753
-187 0 0 0.00747800013050437 0.4079450070858
-188 0 0 0.00757945002987981 0.415859013795853
-189 0 0 0.00768763013184071 0.423824995756149
-190 0 0 0.00780209992080927 0.431849002838135
-191 0 0 0.00792239978909492 0.439934998750687
-192 0 0 0.00804807990789413 0.448087006807327
-193 0 0 0.00817871000617743 0.456310003995895
-194 0 0 0.00831383001059294 0.464608997106552
-195 0 0 0.0084530096501112 0.472986996173859
-196 0 0 0.00859580002725124 0.481451004743576
-197 0 0 0.00874176993966103 0.490004986524582
-198 0 0 0.00889047980308533 0.498654007911682
-199 0 0 0.00904147978872061 0.507403016090393
-200 7 4 0.00919434987008572 0.516256988048553
-201 0 0 0.00934864021837711 0.525220990180969
-202 0 0 0.00950391963124275 0.534300029277802
-203 0 0 0.00965972989797592 0.543501019477844
-204 0 0 0.00981563981622458 0.55282998085022
-205 0 0 0.00997119955718517 0.562291026115417
-206 0 0 0.0101258996874094 0.571891009807587
-207 0 0 0.0102794002741575 0.581636011600494
-208 0 0 0.0104310996830463 0.591533005237579
-209 0 0 0.0105806002393365 0.601588010787964
-210 0 0 0.0107273999601603 0.611809015274048
-211 0 0 0.0108709000051022 0.622201025485992
-212 0 0 0.0110107995569706 0.632772982120514
-213 0 0 0.0111464001238346 0.643532991409302
-214 0 0 0.0112773003056645 0.654487013816833
-215 0 0 0.0114027997478843 0.665643990039825
-216 0 0 0.0115224998444319 0.677012979984283
-217 0 0 0.0116357998922467 0.688601016998291
-218 0 0 0.0117421997711062 0.700417995452881
-219 0 0 0.0118410000577569 0.712472975254059
-220 0 0 0.0119318002834916 0.72477400302887
-221 0 0 0.0120139000937343 0.737331986427307
-222 0 0 0.0120866997167468 0.750155985355377
-223 0 0 0.0121496999636292 0.763256013393402
-224 0 0 0.0122023997828364 0.776642024517059
-225 0 0 0.0122442003339529 0.790324985980988
-226 0 0 0.0122745996341109 0.804314970970154
-227 0 0 0.0122929997742176 0.818623006343842
-228 8 2 0.0122990999370813 0.83303302526474
229 0 0 0.0122926998883486 0.848002016544342
230 0 0 0.0122731998562813 0.863319993019104
231 0 0 0.0122402999550104 0.878997981548309
232 0 0 0.0121937999501824 0.895044982433319
233 0 0 0.0121336001902819 0.911472022533417
234 0 0 0.0120596000924706 0.928287029266357
235 0 0 0.0119720995426178 0.945501983165741
236 0 0 0.0118711004033685 0.963123023509979
237 0 0 0.0117571000009775 0.981158018112183
238 0 0 0.0116304997354746 0.999616026878357
239 0 0 0.0114920996129513 1.0184999704361
240 0 0 0.0113425999879837 1.03781998157501
241 0 0 0.0111830001696944 1.05757999420166
242 0 0 0.0110144000500441 1.07778000831604
243 0 0 0.0108382999897003 1.09843003749847
244 0 0 0.0106560001149774 1.11951994895935
245 0 0 0.0104692000895739 1.14105999469757
246 0 0 0.0102795995771885 1.16304004192352
247 0 0 0.0100891999900341 1.18545997142792
248 0 0 0.00990001019090414 1.20832002162933
249 0 0 0.00971401017159224 1.23161995410919
250 9 4 0.00953338015824556 1.25534999370575
251 0 0 0.00936027988791466 1.27950000762939
252 0 0 0.00919689983129501 1.3040599822998
253 0 0 0.00904539041221142 1.32904005050659
254 0 0 0.0089078601449728 1.3544100522995
255 0 0 0.00878637004643679 1.38018000125885
256 0 0 0.00868287030607462 1.40631997585297
257 0 0 0.00859921984374523 1.43285000324249
258 0 0 0.00853713043034077 1.45973002910614
259 0 0 0.00849821045994759 1.48696994781494
260 0 0 0.0084838904440403 1.51455998420715
261 10 2 0.00848384015262127 1.51624000072479
-262 0 0 0.00849702954292297 1.54418003559113
-263 0 0 0.00853732973337173 1.57245004177094
-264 0 0 0.00860569998621941 1.6010400056839
-265 0 0 0.00870297010987997 1.62994003295898
-266 0 0 0.0088298199698329 1.65912997722626
-267 0 0 0.00898674968630075 1.68862998485565
-268 0 0 0.00917415972799063 1.71840000152588
-269 0 0 0.00939229968935251 1.74846005439758
-270 0 0 0.00964129995554686 1.77877998352051
-271 0 0 0.00992119032889605 1.80937004089355
-272 0 0 0.0102319000288844 1.8402099609375
-273 0 0 0.0105731999501586 1.87130999565125
-274 0 0 0.0109449001029134 1.90263998508453
-275 0 0 0.0113465003669262 1.93421995639801
-276 0 0 0.0117777995765209 1.96603000164032
-277 0 0 0.0122383004054427 1.99805998802185
-278 0 0 0.0127274002879858 2.0303099155426
-279 0 0 0.0132446000352502 2.06276988983154
-280 0 0 0.0137892002239823 2.09544992446899
-281 0 0 0.0143606998026371 2.12831997871399
-282 0 0 0.0149584002792835 2.16140007972717
-283 0 0 0.0155816003680229 2.194659948349
-284 0 0 0.0162295997142792 2.22811007499695
-285 0 0 0.0169018004089594 2.26174998283386
-286 0 0 0.0175973996520042 2.29555988311768
-287 0 0 0.0183157008141279 2.32954001426697
-288 0 0 0.019055999815464 2.36368989944458
-289 0 0 0.0198176000267267 2.39800000190735
-290 0 0 0.0205997992306948 2.43247008323669
-291 0 0 0.0214019995182753 2.46708989143372
-292 0 0 0.022223299369216 2.50184988975525
-293 0 0 0.0230631995946169 2.53676009178162
-294 0 0 0.0239209998399019 2.57181000709534
-295 0 0 0.0247958991676569 2.60698008537292
-296 0 0 0.025687500834465 2.64229011535645
-297 0 0 0.0265951007604599 2.67772006988525
-298 0 0 0.0275180004537106 2.71326994895935
-299 0 0 0.0284556001424789 2.74893999099731
-300 11 4 0.029407499358058 2.78471994400024
-301 0 0 0.0303729996085167 2.8206000328064
-302 0 0 0.03135159984231 2.85659003257751
-303 0 0 0.0323426984250546 2.89267992973328
-304 0 0 0.0333460010588169 2.92886996269226
-305 0 0 0.0343607999384403 2.96514010429382
-306 0 0 0.0353867001831532 3.00150990486145
-307 0 0 0.0364231988787651 3.03796005249023
-308 0 0 0.0374700017273426 3.07449007034302
-309 0 0 0.038526501506567 3.1110999584198
-310 0 0 0.0395924001932144 3.14778995513916
-311 0 0 0.0406672991812229 3.18455004692078
-312 0 0 0.0417507998645306 3.22136998176575
-313 0 0 0.0428424999117851 3.2582700252533
-314 0 0 0.0439421012997627 3.29521989822388
-315 0 0 0.0450492016971111 3.33224010467529
-316 0 0 0.0461635999381542 3.36931991577148
-317 0 0 0.0472849011421204 3.40645003318787
-318 0 0 0.0484127998352051 3.4436399936676
-319 0 0 0.0495470985770226 3.48088002204895
-320 12 9 0.0506874993443489 3.51816010475159
