-352 17 9 -0.0501229986548424 -0.385277986526489
-351 0 0 -0.0494377017021179 -0.379622995853424
-350 16 4 -0.0487570986151695 -0.374027013778687
-349 0 0 -0.0480808988213539 -0.368488013744354
-348 0 0 -0.0474083982408047 -0.363002002239227
-347 0 0 -0.0467391014099121 -0.357567995786667
-346 0 0 -0.0460725016891956 -0.352183014154434
-345 0 0 -0.0454080998897552 -0.346845000982285
-344 0 0 -0.0447454005479813 -0.34155198931694
-343 0 0 -0.0440836995840073 -0.336302012205124
-342 0 0 -0.0434226989746094 -0.331092000007629
-341 0 0 -0.0427616015076637 -0.325919985771179
-340 0 0 -0.0421001017093658 -0.320784002542496
-339 0 0 -0.0414375998079777 -0.315683007240295
-338 0 0 -0.0407734997570515 -0.310613006353378
-337 0 0 -0.0401072017848492 -0.305572986602783
-336 0 0 -0.0394384004175663 -0.300561010837555
-335 0 0 -0.0387662015855312 -0.295574009418488
-334 0 0 -0.0380904003977776 -0.290610998868942
-333 0 0 -0.0374101996421814 -0.285670012235641
-332 0 0 -0.0367251001298428 -0.280748009681702
-331 0 0 -0.0360345989465714 -0.275842010974884
-330 0 0 -0.0353381000459194 -0.270951986312866
-329 0 0 -0.0346351005136967 -0.266074001789093
-328 0 0 -0.0339250005781651 -0.261207014322281
-327 0 0 -0.0334473997354507 -0.257966011762619
-326 0 0 -0.0329663008451462 -0.254729002714157
-325 0 0 -0.0324814990162849 -0.251493006944656
-324 0 0 -0.0319929011166096 -0.248258993029594
-323 0 0 -0.0315002985298634 -0.245026007294655
-322 0 0 -0.031003700569272 -0.241791993379593
-321 0 0 -0.030502799898386 -0.238557994365692
-320 0 0 -0.0299974996596575 -0.235321000218391
-319 0 0 -0.0294877998530865 -0.23208199441433
-318 0 0 -0.0289735998958349 -0.228839993476868
-317 0 0 -0.0284547004848719 -0.225593000650406
-316 0 0 -0.0279310997575521 -0.222341001033783
-315 0 0 -0.027402700856328 -0.219082996249199
-314 0 0 -0.0270476993173361 -0.216906994581223
-313 0 0 -0.0266906004399061 -0.214727997779846
-312 0 0 -0.0263312999159098 -0.212543994188309
-311 0 0 -0.0259697996079922 -0.210356995463371
-310 0 0 -0.0256060995161533 -0.208165004849434
-309 0 0 -0.0252403002232313 -0.205968007445335
-308 0 0 -0.024872399866581 -0.203766003251076
-307 0 0 -0.0245021991431713 -0.201559007167816
-306 0 0 -0.0241299998015165 -0.199346005916595
-305 0 0 -0.0237556006759405 -0.197126001119614
-304 0 0 -0.0233791992068291 -0.194900006055832
-303 0 0 -0.0230007003992796 -0.192667007446289
-302 0 0 -0.0226202998310328 -0.190427005290985
-301 0 0 -0.0223655998706818 -0.188929006457329
-300 15 4 -0.0221100002527237 -0.187426999211311
-299 0 0 -0.0218535996973515 -0.185921996831894
-298 0 0 -0.0215962994843721 -0.184413000941277
-297 0 0 -0.0213383007794619 -0.182899996638298
-296 0 0 -0.0210794992744923 -0.18138200044632
-295 0 0 -0.0208199992775917 -0.17986099421978
-294 0 0 -0.0205597002059221 -0.17833499610424
-293 0 0 -0.0202987994998693 -0.176804006099701
-292 0 0 -0.0200370997190475 -0.175268992781639
-291 0 0 -0.0197749007493258 -0.173729002475739
-290 0 0 -0.0195119995623827 -0.172184005379677
-289 0 0 -0.0192485004663467 -0.170633003115654
-288 0 0 -0.0189845003187656 -0.16907699406147
-287 0 0 -0.0187199991196394 -0.167515993118286
-286 0 0 -0.0184550005942583 -0.165949001908302
-285 0 0 -0.018189599737525 -0.164377003908157
-284 0 0 -0.0179238002747297 -0.162798002362251
-283 0 0 -0.0176577009260654 -0.161212995648384
-282 0 0 -0.0173911992460489 -0.159621998667717
-281 0 0 -0.0171245001256466 -0.158023998141289
-280 0 0 -0.0168577004224062 -0.156418994069099
-279 0 0 -0.0165906008332968 -0.15480799973011
-278 0 0 -0.0163234993815422 -0.15319000184536
-277 0 0 -0.0160563997924328 -0.151564002037048
-276 0 0 -0.0157893002033234 -0.149930998682976
-275 0 0 -0.0155223002657294 -0.148289993405342
-274 0 0 -0.015255399979651 -0.146641999483109
-273 0 0 -0.0149887995794415 -0.144986003637314
-272 0 0 -0.0147224003449082 -0.143322005867958
-271 0 0 -0.0144565002992749 -0.141650006175041
-270 0 0 -0.0141909997910261 -0.139969006180763
-269 0 0 -0.0139260003343225 -0.138281002640724
-268 0 0 -0.0136615997180343 -0.136583000421524
-267 0 0 -0.0133979003876448 -0.134876996278763
-266 0 0 -0.0131350001320243 -0.133163005113602
-265 0 0 -0.0128728998824954 -0.131439998745918
-264 0 0 -0.0126119004562497 -0.129708006978035
-263 0 0 -0.0123519003391266 -0.127967998385429
-262 0 0 -0.0120930997654796 -0.126219004392624
-261 0 0 -0.0118356999009848 -0.124462001025677
-260 0 0 -0.0115796001628041 -0.122697003185749
-259 0 0 -0.0113252000883222 -0.12092400342226
-258 0 0 -0.0110724000260234 -0.11914400011301
-257 0 0 -0.0108214002102613 -0.11735700070858
-256 0 0 -0.010572399944067 -0.115562997758389
-255 0 0 -0.0103256003931165 -0.113764002919197
-254 0 0 -0.0100809996947646 -0.111959002912045
-253 0 0 -0.00983885023742914 -0.110150001943111
-252 0 0 -0.0095993597060442 -0.108337998390198
-251 0 0 -0.00936266966164112 -0.106523998081684
-250 14 4 -0.00912898033857346 -0.10470899939537
-249 0 0 -0.00889846961945295 -0.102894999086857
-248 0 0 -0.00867134984582663 -0.101083002984524
-247 0 0 -0.00844781007617712 -0.0992747023701668
-246 0 0 -0.00822803005576134 -0.0974724963307381
-245 0 0 -0.00801222026348114 -0.0956780016422272
-244 0 0 -0.00780055997893214 -0.0938932970166206
-243 0 0 -0.00759322009980679 -0.0921204015612602
-242 0 0 -0.00739035988226533 -0.0903614982962608
-241 0 0 -0.00719213020056486 -0.088618703186512
-240 0 0 -0.00699866004288197 -0.0868939012289047
-239 0 0 -0.0068100499920547 -0.0851892977952957
-238 0 0 -0.00662638014182448 -0.0835065990686417
-237 0 0 -0.00644771009683609 -0.0818476006388664
-236 0 0 -0.00627407012507319 -0.0802137032151222
-235 0 0 -0.0061054602265358 -0.0786063969135284
-234 0 0 -0.00594187015667558 -0.0770267993211746
-233 0 0 -0.00578325008973479 -0.075475700199604
-232 0 0 -0.00562953017652035 -0.0739538967609406
-231 0 0 -0.0054806200787425 -0.072461798787117
-230 0 0 -0.00533642992377281 -0.070999801158905
-229 0 0 -0.00519682979211211 -0.0695677995681763
-228 0 0 -0.00506169022992253 -0.068165697157383
-227 0 0 -0.00493087992072105 -0.0667933970689774
-226 0 0 -0.00480424985289574 -0.0654504969716072
-225 0 0 -0.00468163983896375 -0.0641364008188248
-224 0 0 -0.00456291018053889 -0.0628504008054733
-223 0 0 -0.00444788997992873 -0.061592098325491
-222 0 0 -0.00433644000440836 -0.060360498726368
-221 0 0 -0.00422840984538198 -0.0591549016535282
-220 0 0 -0.00412363978102803 -0.0579744018614292
-219 0 0 -0.00402197986841202 -0.0568181984126568
-218 0 0 -0.00392330996692181 -0.0556854009628296
-217 0 0 -0.00382746988907456 -0.0545751005411148
-216 0 0 -0.00373434997163713 -0.0534863993525505
-215 0 0 -0.00364380003884435 -0.0524185001850128
-214 0 0 -0.00355571997351944 -0.0513703003525734
-213 0 0 -0.00346998008899391 -0.0503410995006561
-212 0 0 -0.00338647002354264 -0.0493299998342991
-211 0 0 -0.00330508989281952 -0.04833609983325
-210 0 0 -0.00322573003359139 -0.0473585985600948
-209 0 0 -0.0031483001075685 -0.0463967993855476
-208 0 0 -0.00307269999757409 -0.0454497002065182
-207 0 0 -0.00299885007552803 -0.0445167012512684
-206 0 0 -0.00292664999142289 -0.0435969009995461
-205 0 0 -0.00285602989606559 -0.0426895990967751
-204 0 0 -0.00278691994026303 -0.0417940989136696
-203 0 0 -0.00271923001855612 -0.0409097000956535
-202 0 0 -0.00265290006063879 -0.0400356017053127
-201 0 0 -0.0025878599844873 -0.0391710996627808
-200 13 4 -0.00252402992919087 -0.0383156016469002
-199 0 0 -0.00246137008070946 -0.0374683998525143
-198 0 0 -0.00239980011247098 -0.0366287007927895
-197 0 0 -0.00233926996588707 -0.0357959009706974
-196 0 0 -0.00227971002459526 -0.034969300031662
-195 0 0 -0.00222108000889421 -0.0341482013463974
-194 0 0 -0.00216331006959081 -0.0333319008350372
-193 0 0 -0.00210634991526604 -0.0325196981430054
-192 0 0 -0.0020501499529928 -0.0317109003663063
-191 0 0 -0.00199465011246502 -0.0309046991169453
-190 0 0 -0.00193979998584837 -0.0301003009080887
-189 0 0 -0.00188553996849805 -0.0292968992143869
-188 0 0 -0.00183180999010801 -0.0284935999661684
-187 0 0 -0.00177857000380754 -0.0276896990835667
-186 0 0 -0.00172574003227055 -0.0268840007483959
-185 0 0 -0.00167328002862632 -0.0260755997151136
-184 0 0 -0.00162111001554877 -0.025263300165534
-183 0 0 -0.00156916002742946 -0.0244459006935358
-182 0 0 -0.00151735998224467 -0.0236220005899668
-181 0 0 -0.0014656400308013 -0.0227901004254818
-180 0 0 -0.00141389004420489 -0.0219484996050596
-179 0 0 -0.00136202003341168 -0.0210951995104551
-178 0 0 -0.00130990997422487 -0.020227899774909
-177 0 0 -0.00125743995886296 -0.019344000145793
-176 0 0 -0.0012044400209561 -0.0184403005987406
-175 0 0 -0.00116871995851398 -0.0178249999880791
-174 0 0 -0.00113262003287673 -0.0171978008002043
-173 0 0 -0.0010960700456053 -0.0165571998804808
-172 0 0 -0.00105896999593824 -0.0159012991935015
-171 0 0 -0.0010212300112471 -0.0152279995381832
-170 0 0 -0.000982707017101347 -0.0145346000790596
-169 0 0 -0.000956519972532988 -0.0140596004202962
-168 0 0 -0.000929866975639015 -0.0135730002075434
-167 0 0 -0.000902683008462191 -0.0130736995488405
-166 0 0 -0.00087489397265017 -0.0125599000602961
-165 0 0 -0.000846408016514033 -0.0120297996327281
-164 0 0 -0.000826977018732578 -0.0116662001237273
-163 0 0 -0.000807149976026267 -0.0112936003133655
-162 0 0 -0.000786882999818772 -0.0109109003096819
-161 0 0 -0.00076612300472334 -0.0105172004550695
-160 0 0 -0.000744808989111334 -0.0101110003888607
-159 0 0 -0.000722866971045732 -0.00969098974019289
-158 0 0 -0.00070784700801596 -0.00940230954438448
-157 0 0 -0.000692476984113455 -0.00910595990717411
-156 0 0 -0.000676720985211432 -0.00880119018256664
-155 0 0 -0.000660535995848477 -0.00848709978163242
-154 0 0 -0.0006438730051741 -0.00816266983747482
-153 0 0 -0.000626671011559665 -0.00782663002610207
-152 0 0 -0.000614869990386069 -0.00759543990716338
-151 0 0 -0.000602771993726492 -0.00735790003091097
-150 12 4 -0.000590349023696035 -0.00711341015994549
-149 0 0 -0.000577565981075168 -0.00686126016080379
-148 0 0 -0.000564382993616164 -0.00660062022507191
-147 0 0 -0.000550754019059241 -0.00633051013574004
-146 0 0 -0.000541391025763005 -0.00614459021016955
-145 0 0 -0.000531785015482455 -0.00595352007076144
-144 0 0 -0.00052191101713106 -0.00575682008638978
-143 0 0 -0.000511744990944862 -0.00555393984541297
-142 0 0 -0.000501253001857549 -0.00534423999488354
-141 0 0 -0.00049040000885725 -0.00512694008648396
-140 0 0 -0.000482942996313795 -0.00497741997241974
-139 0 0 -0.000475289998576045 -0.00482380017638206
-138 0 0 -0.000467423989903182 -0.00466573983430862
-137 0 0 -0.000459325994597748 -0.00450279982760549
-136 0 0 -0.000450972001999617 -0.00433450983837247
-135 0 0 -0.000442334014223889 -0.00416031014174223
-134 0 0 -0.000436402013292536 -0.00404056999832392
-133 0 0 -0.000430318992584944 -0.00391766987740993
-132 0 0 -0.000424072990426794 -0.00379135995171964
-131 0 0 -0.000417647999711335 -0.00366135011427104
-130 0 0 -0.000411029002862051 -0.00352728995494545
-129 0 0 -0.000404198013711721 -0.00338879995979369
-128 0 0 -0.000397130992496386 -0.00324543006718159
-127 0 0 -0.000392276997445151 -0.00314687006175518
-126 0 0 -0.000387298001442105 -0.00304573005996644
-125 0 0 -0.000382185011403635 -0.00294180004857481
-124 0 0 -0.000376926007447764 -0.00283484999090433
-123 0 0 -0.000371509988326579 -0.00272462004795671
-122 0 0 -0.000365921994671226 -0.00261081010103226
-121 0 0 -0.00036014401121065 -0.00249310000799596
-120 0 0 -0.000356178992660716 -0.00241226004436612
-119 0 0 -0.000352114991983399 -0.00232937000691891
-118 0 0 -0.000347946013789624 -0.00224429997615516
-117 0 0 -0.00034366300678812 -0.00215687998570502
-116 0 0 -0.000339258986059576 -0.00206694006919861
-115 0 0 -0.000334723998093978 -0.00197429000400007
-114 0 0 -0.000330045993905514 -0.00187868997454643
-113 0 0 -0.000325216009514406 -0.00177990994416177
-112 0 0 -0.00032190399360843 -0.0017121599521488
-111 0 0 -0.00031851400854066 -0.0016427900409326
-110 0 0 -0.000315040990244597 -0.00157169997692108
-109 0 0 -0.00031148100970313 -0.0014988100156188
-108 0 0 -0.000307829002849758 -0.00142401002813131
-107 0 0 -0.000304079003399238 -0.00134719000197947
-106 0 0 -0.000300226005492732 -0.00126824004109949
-105 0 0 -0.000296265992801636 -0.00118704000487924
-104 0 0 -0.000293563003651798 -0.00113162002526224
-103 0 0 -0.000290808005956933 -0.00107511994428933
-102 0 0 -0.000288000010186806 -0.00101750995963812
-101 0 0 -0.000285137997707352 -0.00095878099091351
-100 11 4 -0.000282219989458099 -0.000898897997103631
-99 0 0 -0.000279246014542878 -0.00083784997696057
-98 0 0 -0.000276215985650197 -0.000775628024712205
-97 0 0 -0.000273129000561312 -0.000712235982064158
-96 0 0 -0.000269987009232864 -0.000647685024887323
-95 0 0 -0.000266790011664852 -0.000582004024181515
-94 0 0 -0.000263541005551815 -0.000515235005877912
-93 0 0 -0.000260242988588288 -0.000447439990239218
-92 0 0 -0.00025689898757264 -0.00037870099185966
-91 0 0 -0.00025351598742418 -0.000309119001030922
-90 0 0 -0.00024664998636581 -0.00016789800429251
-89 0 0 -9.06741988728754E-05 0.00305031007155776
-88 0 0 0.000286650989437476 0.0107653997838497
-87 0 0 0.000515234016347677 0.0152877001091838
-86 0 0 0.00071132299490273 0.0190495997667313
-85 0 0 0.000894524971954525 0.022469999268651
-84 0 0 0.00107283995021135 0.02572269923985
-83 0 0 0.00125066004693508 0.0289047006517649
-82 0 0 0.0014308700338006 0.0320814996957779
-81 0 0 0.00161560997366905 0.0353039987385273
-80 0 0 0.00180665997322649 0.0386167988181114
-79 0 0 0.00200552004389465 0.0420624017715454
-78 0 0 0.00221353000961244 0.0456841997802258
-77 0 0 0.00243181991390884 0.0495284982025623
-76 0 0 0.0026611399371177 0.0536454990506172
-75 0 0 0.00290167005732656 0.0580888986587524
-74 0 0 0.00315249990671873 0.0629139989614487
-73 0 0 0.0034110399428755 0.0681710988283157
-72 0 0 0.00367208989337087 0.0738940984010696
-71 0 0 0.00392731977626681 0.0800836980342865
-70 0 0 0.00416539004072547 0.0866919979453087
-69 0 0 0.00437375018373132 0.093622200191021
-68 0 0 0.00454150000587106 0.100748002529144
-67 0 0 0.00466173002496362 0.107946999371052
-66 0 0 0.00473228003829718 0.115121997892857
-65 10 2 0.00475492980331182 0.122212000191212
64 0 0 0.00475277984514832 0.124426998198032
63 0 0 0.00471926014870405 0.131356000900269
62 0 0 0.00464979978278279 0.138150006532669
61 0 0 0.00455064000561833 0.144812002778053
60 0 0 0.00442784978076816 0.151346996426582
59 0 0 0.00428716000169516 0.157765001058578
58 0 0 0.00413375999778509 0.164077997207642
57 0 0 0.00397229008376598 0.170295998454094
56 0 0 0.00380684994161129 0.176428005099297
55 0 0 0.00364092993550003 0.182486996054649
54 0 0 0.00347755989059806 0.188479006290436
53 0 0 0.00331923994235694 0.194414004683495
52 0 0 0.00316804996691644 0.200299993157387
51 0 0 0.00302568008191884 0.206144005060196
50 9 4 0.00289345998317003 0.2119529992342
49 0 0 0.00277243996970356 0.21773199737072
48 0 0 0.00266338000074029 0.223489001393318
47 0 0 0.00256684003397822 0.229228004813194
46 0 0 0.00248317001387477 0.234953999519348
45 0 0 0.00241255993023515 0.240673005580902
44 0 0 0.00235509988851845 0.246389001607895
43 0 0 0.00231072003953159 0.252106010913849
42 0 0 0.00227930000983179 0.257829010486603
41 0 0 0.00226064003072679 0.263563007116318
40 8 2 0.00225449004210532 0.269309997558594
-39 0 0 0.00225963001139462 0.274621993303299
-38 0 0 0.00227663991972804 0.280407011508942
-37 0 0 0.00230520009063184 0.286217004060745
-36 0 0 0.00234494009055197 0.292055010795593
-35 0 0 0.00239548995159566 0.297926008701324
-34 0 0 0.0024564799387008 0.303831994533539
-33 0 0 0.00252752006053925 0.309778988361359
-32 0 0 0.00258026993833482 0.313766986131668
-31 0 0 0.00263722008094192 0.317775011062622
-30 0 0 0.00269825011491776 0.321805000305176
-29 0 0 0.00276325992308557 0.325857013463974
-28 0 0 0.00283213006332517 0.329932004213333
-27 0 0 0.00290476996451616 0.334033012390137
-26 0 0 0.0029810699634254 0.338158994913101
-25 0 0 0.00306093995459378 0.342312008142471
-24 0 0 0.0031442700419575 0.346493005752563
-23 0 0 0.00323096988722682 0.350703001022339
-22 0 0 0.00332095008343458 0.354943007230759
-21 0 0 0.00341411004774272 0.3592149913311
-20 0 0 0.0035103599075228 0.363519996404648
-19 0 0 0.00360963004641235 0.36785900592804
-18 0 0 0.00371181010268629 0.372233986854553
-17 0 0 0.00381681998260319 0.376643985509872
-16 0 0 0.00392459006980062 0.381092995405197
-15 0 0 0.0040350197814405 0.385580986738205
-14 0 0 0.00414803996682167 0.390109002590179
-13 0 0 0.00426357006654143 0.394679993391037
-12 0 0 0.00438152998685837 0.399293005466461
-11 0 0 0.00450184009969234 0.40395200252533
-10 0 0 0.00462443009018898 0.408657014369965
-9 0 0 0.00474921008571982 0.413410007953644
-8 0 0 0.00483358977362514 0.4166060090065
-7 0 0 0.00489035015925765 0.418749004602432
-6 0 0 0.00492841005325317 0.420183002948761
-5 0 0 0.00495389010757208 0.421142011880875
-4 0 0 0.00497091002762318 0.421783000230789
-3 0 0 0.00498228007927537 0.42221000790596
-2 0 0 0.0049898698925972 0.422495007514954
1 0 0 0.00499999988824129 0.422874987125397
1 0 0 0.00499999988824129 0.422874987125397
-2 0 0 0.0050101401284337 0.423256009817123
-3 0 0 0.00501776020973921 0.423541992902756
-4 0 0 0.00502918986603618 0.423970997333527
-5 0 0 0.00504636997357011 0.424614995718002
-6 0 0 0.00507220020517707 0.425583988428116
-7 0 0 0.00511108012869954 0.427040010690689
-8 0 0 0.00516971992328763 0.429233014583588
-9 0 0 0.00525837996974587 0.432543992996216
-10 0 0 0.00539286993443966 0.437555998563766
-11 0 0 0.00552910985425115 0.442627012729645
-12 0 0 0.00566700985655189 0.447757005691528
-13 0 0 0.00580650987103581 0.452948987483978
-14 0 0 0.00594750978052616 0.458205014467239
-15 0 0 0.0060899299569428 0.463526010513306
-16 0 0 0.00623370008543134 0.468915998935699
-17 0 0 0.00637872004881501 0.474375009536743
-18 0 0 0.00652489997446537 0.479905992746353
-19 0 0 0.006672159768641 0.485511988401413
-20 0 0 0.0068203997798264 0.491194993257523
-21 0 0 0.00696951989084482 0.496957004070282
-22 0 0 0.00711941998451948 0.50280100107193
-23 0 0 0.00726999994367361 0.508728981018066
-24 0 0 0.00742114009335637 0.514744997024536
-25 0 0 0.0075727398507297 0.520850002765656
-26 0 0 0.0077246599830687 0.527047991752625
-27 0 0 0.0078768003731966 0.533342003822327
-28 0 0 0.00802899990230799 0.539735019207001
-29 0 0 0.00818115007132292 0.546230018138885
-30 0 0 0.00833308976143599 0.55282998085022
-31 0 0 0.00848466996103525 0.559538006782532
-32 0 0 0.00863572955131531 0.566357970237732
-33 0 0 0.00878611020743847 0.57329398393631
-34 0 0 0.00893563032150269 0.580349981784821
-35 0 0 0.00908411014825106 0.587527990341187
-36 0 0 0.00923134014010429 0.594833016395569
-37 0 0 0.00937713962048292 0.602268993854523
-38 0 0 0.00952128041535616 0.609839975833893
-39 0 0 0.00966352969408035 0.617550015449524
-40 0 0 0.00980367045849562 0.625404000282288
-41 0 0 0.00994145032018423 0.633405029773712
-42 0 0 0.0100766001269221 0.64155900478363
-43 0 0 0.0102089000865817 0.649869978427887
-44 0 0 0.0103380000218749 0.658343017101288
-45 0 0 0.0104636000469327 0.666983008384705
-46 0 0 0.0105854999274015 0.675792992115021
-47 0 0 0.0107031995430589 0.68478000164032
-48 0 0 0.0108166001737118 0.693947970867157
-49 0 0 0.0109251998364925 0.703302025794983
-50 2 4 0.0110288001596928 0.712846994400024
-51 0 0 0.0111269000917673 0.722588002681732
-52 0 0 0.0112191997468472 0.732529997825623
-53 0 0 0.0113054001703858 0.742676973342896
-54 0 0 0.0113850999623537 0.753035008907318
-55 0 0 0.0114578995853662 0.763608992099762
-56 0 0 0.011523500084877 0.774401009082794
-57 0 0 0.0115815000608563 0.785417973995209
-58 0 0 0.0116315996274352 0.796662986278534
-59 0 0 0.0116734998300672 0.808139979839325
-60 0 0 0.0117068002000451 0.819851994514465
-61 0 0 0.0117312995716929 0.831802010536194
-62 0 0 0.0117467995733023 0.84399402141571
-63 0 0 0.011752899736166 0.856429994106293
64 3 2 0.0117530999705195 0.858376026153564
65 0 0 0.01174829993397 0.87109500169754
66 0 0 0.0117338998243213 0.884061992168427
67 0 0 0.0117097999900579 0.897276997566223
68 0 0 0.0116761000826955 0.910740971565247
69 0 0 0.0116325998678803 0.924453020095825
70 0 0 0.0115796001628041 0.938413023948669
71 0 0 0.0115173002704978 0.952619016170502
72 0 0 0.0114457001909614 0.9670689702034
73 0 0 0.0113653000444174 0.98176097869873
74 0 0 0.0112765002995729 0.996692001819611
75 0 0 0.0111795999109745 1.01186001300812
76 0 0 0.0110753001645207 1.02725994586945
77 0 0 0.0109641002491117 1.04288005828857
78 0 0 0.0108465999364853 1.05873000621796
79 0 0 0.0107236001640558 1.07480001449585
80 0 0 0.0105958003550768 1.09107995033264
81 0 0 0.0104639995843172 1.10756003856659
82 0 0 0.0103291999548674 1.12425005435944
83 0 0 0.0101920999586582 1.14112997055054
84 0 0 0.0100536001846194 1.15820002555847
85 0 0 0.009914830327034 1.17545998096466
86 0 0 0.00977655965834856 1.19289004802704
87 0 0 0.0096397502347827 1.21050000190735
88 0 0 0.00950533989816904 1.22827994823456
89 0 0 0.00937425997108221 1.24620997905731
90 0 0 0.00924739986658096 1.26429998874664
91 0 0 0.00912564992904663 1.28254997730255
92 0 0 0.00900985021144152 1.30094003677368
93 0 0 0.00890082959085703 1.31947004795074
94 0 0 0.00879936013370752 1.33814001083374
95 0 0 0.00870619993656874 1.35695004463196
96 0 0 0.00862202979624271 1.37588000297546
97 0 0 0.00854752957820892 1.39494001865387
98 0 0 0.00848329998552799 1.41411995887756
99 0 0 0.00842992030084133 1.43342995643616
100 4 4 0.00838789995759726 1.45283997058868
101 0 0 0.00835772976279259 1.47238004207611
102 0 0 0.00833982974290848 1.49202001094818
-103 5 2 0.00833455007523298 1.50989997386932
-104 0 0 0.00834110006690025 1.52974998950958
-105 0 0 0.00836094003170729 1.5497100353241
-106 0 0 0.00839434005320072 1.56975996494293
-107 0 0 0.00844153016805649 1.58992004394531
-108 0 0 0.00850270967930555 1.61018002033234
-109 0 0 0.00857803039252758 1.63052999973297
-110 0 0 0.00866761989891529 1.65097999572754
-111 0 0 0.00877156015485525 1.67153000831604
-112 0 0 0.0088899303227663 1.69217002391815
-113 0 0 0.00902274996042252 1.71290004253387
-114 0 0 0.00917003955692053 1.73371994495392
-115 0 0 0.00933177955448627 1.75462996959686
-116 0 0 0.00950792990624905 1.77564001083374
-117 0 0 0.00969844032078981 1.79672002792358
-118 0 0 0.00990322977304459 1.81789994239807
-119 0 0 0.0101221995428205 1.83915996551514
-120 0 0 0.0103551996871829 1.86050999164581
-121 0 0 0.0106022004038095 1.88194000720978
-122 0 0 0.0108629995957017 1.90345001220703
-123 0 0 0.0111375004053116 1.9250500202179
-124 0 0 0.0114254001528025 1.94672000408173
-125 0 0 0.0117266997694969 1.96847999095917
-126 0 0 0.0120411003008485 1.9903199672699
-127 0 0 0.0123685002326965 2.01222991943359
-128 0 0 0.0127087002620101 2.03422999382019
-129 0 0 0.0130613995715976 2.05629992485046
-130 0 0 0.0134263997897506 2.07843995094299
-131 0 0 0.013803600333631 2.1006600856781
-132 0 0 0.0141928000375628 2.12296009063721
-133 0 0 0.0145936999469995 2.14532995223999
-134 0 0 0.0150060001760721 2.16775989532471
-135 0 0 0.015429699793458 2.19027996063232
-136 0 0 0.0158644001930952 2.21286010742188
-137 0 0 0.0163099002093077 2.2355101108551
-138 0 0 0.0167660992592573 2.25821995735168
-139 0 0 0.0172326993197203 2.28100991249084
-140 0 0 0.0177094005048275 2.30385994911194
-141 0 0 0.0181961003690958 2.32678008079529
-142 0 0 0.0186925008893013 2.34976005554199
-143 0 0 0.0191984008997679 2.37280011177063
-144 0 0 0.0197136998176575 2.39590001106262
-145 0 0 0.0202380008995533 2.41907000541687
-146 0 0 0.020771199837327 2.44229006767273
-147 0 0 0.0213130991905928 2.46557998657227
-148 0 0 0.0218633990734816 2.48891997337341
-149 0 0 0.0224220007658005 2.51232004165649
-150 6 4 0.0229886006563902 2.53576993942261
-151 0 0 0.0235631000250578 2.55927991867065
-152 0 0 0.0241452995687723 2.58283996582031
-153 0 0 0.0247348994016647 2.6064600944519
-154 0 0 0.0253318008035421 2.63012003898621
-155 0 0 0.0259358007460833 2.65384006500244
-156 0 0 0.0265466999262571 2.67759990692139
-157 0 0 0.0271643009036779 2.70141005516052
-158 0 0 0.0277884993702173 2.72527003288269
-159 0 0 0.0284190997481346 2.74918007850647
-160 0 0 0.0290559008717537 2.77312994003296
-161 0 0 0.0296986997127533 2.79712009429932
-162 0 0 0.0303473994135857 2.82116007804871
-163 0 0 0.0310018006712198 2.84524011611938
-164 0 0 0.0316619016230106 2.86935997009277
-165 0 0 0.032327301800251 2.89352011680603
-166 0 0 0.0329979993402958 2.917720079422
-167 0 0 0.0336739011108875 2.94196009635925
-168 0 0 0.0343547016382217 2.9662299156189
-169 0 0 0.0350404009222984 2.99054002761841
-170 0 0 0.0357308015227318 3.01488995552063
-171 0 0 0.0364256985485554 3.03926992416382
-172 0 0 0.0371252000331879 3.06367993354797
-173 0 0 0.0378290005028248 3.08812999725342
-174 0 0 0.03853689879179 3.11261010169983
-175 0 0 0.0392489992082119 3.13712000846863
-176 0 0 0.0399651005864143 3.16165995597839
-177 0 0 0.0406850017607212 3.18622994422913
-178 0 0 0.0414085984230042 3.21082997322083
-179 0 0 0.0421359986066818 3.23545002937317
-180 0 0 0.042866799980402 3.26010990142822
-181 0 0 0.0436010994017124 3.2847900390625
-182 0 0 0.0443388000130653 3.30948996543884
-183 0 0 0.0450797006487846 3.33421993255615
-184 0 0 0.0458237007260323 3.35897994041443
-185 0 0 0.0465708002448082 3.38374996185303
-186 0 0 0.0473208986222744 3.40856003761292
-187 0 0 0.0480738990008831 3.43337988853455
-188 0 0 0.0488297007977962 3.45823001861572
-189 0 0 0.0495883002877235 3.48308992385864
-190 7 9 0.0503495000302792 3.50798010826111
