-280 14 9 -0.0505159012973309 -0.403670996427536
-279 0 0 -0.0499150007963181 -0.398844003677368
-278 0 0 -0.0493154004216194 -0.394046008586884
-277 0 0 -0.0487167984247208 -0.389275014400482
-276 0 0 -0.0481189005076885 -0.384530007839203
-275 0 0 -0.0475215017795563 -0.379810005426407
-274 0 0 -0.0469243004918098 -0.375113993883133
-273 0 0 -0.0463270992040634 -0.370440989732742
-272 0 0 -0.0457294993102551 -0.365788996219635
-271 0 0 -0.0451311990618706 -0.361158013343811
-270 0 0 -0.0445321016013622 -0.356546014547348
-269 0 0 -0.0439318008720875 -0.351952999830246
-268 0 0 -0.0433300994336605 -0.347375988960266
-267 0 0 -0.0427265986800194 -0.34281599521637
-266 0 0 -0.0421212017536163 -0.338270008563995
-265 0 0 -0.0415133982896805 -0.333737999200821
-264 0 0 -0.0409030988812447 -0.32921901345253
-263 0 0 -0.0402899011969566 -0.324710994958878
-262 0 0 -0.0396734997630119 -0.320212990045547
-261 0 0 -0.0390538014471531 -0.31572300195694
-260 0 0 -0.0384302996098995 -0.311242014169693
-259 0 0 -0.0378029011189938 -0.306766003370285
-258 0 0 -0.0371713005006313 -0.302296012639999
-257 0 0 -0.0365350991487503 -0.297829002141953
-256 0 0 -0.0358942002058029 -0.293365001678467
-255 0 0 -0.0352482981979847 -0.288902014493942
-254 0 0 -0.0345970988273621 -0.284438014030457
-253 0 0 -0.0339404009282589 -0.279971987009048
-252 0 0 -0.0332779996097088 -0.275501996278763
-251 0 0 -0.0326097011566162 -0.271026998758316
-250 13 4 -0.0319354012608528 -0.266546010971069
-249 0 0 -0.0312547981739044 -0.262055993080139
-248 0 0 -0.0305678006261587 -0.25755500793457
-247 0 0 -0.0301061999052763 -0.254548013210297
-246 0 0 -0.0296417009085417 -0.251534998416901
-245 0 0 -0.0291742999106646 -0.248515993356705
-244 0 0 -0.0287039000540972 -0.245489001274109
-243 0 0 -0.0282306000590324 -0.242454007267952
-242 0 0 -0.0277542993426323 -0.239410996437073
-241 0 0 -0.0272751003503799 -0.236358001828194
-240 0 0 -0.0267929993569851 -0.233296006917953
-239 0 0 -0.026308000087738 -0.230223000049591
-238 0 0 -0.0258201994001865 -0.227137997746468
-237 0 0 -0.0253295991569757 -0.224041000008583
-236 0 0 -0.0250010006129742 -0.221968993544579
-235 0 0 -0.0246712006628513 -0.219890996813774
-234 0 0 -0.0243402998894453 -0.217806994915009
-233 0 0 -0.0240081995725632 -0.215717002749443
-232 0 0 -0.0236748997122049 -0.213618993759155
-231 0 0 -0.0233407001942396 -0.211513996124268
-230 0 0 -0.023005299270153 -0.209401994943619
-229 0 0 -0.0226690005511045 -0.20728200674057
-228 0 0 -0.0223315991461277 -0.205154001712799
-227 0 0 -0.021993400529027 -0.203016996383667
-226 0 0 -0.021654199808836 -0.200872004032135
-225 0 0 -0.021314200013876 -0.198717996478081
-224 0 0 -0.0209734998643398 -0.196554005146027
-223 0 0 -0.0206320006400347 -0.19438099861145
-222 0 0 -0.0202897991985083 -0.192196995019913
-221 0 0 -0.0199469998478889 -0.190002992749214
-220 0 0 -0.0196036007255316 -0.187799006700516
-219 0 0 -0.019259799271822 -0.185581997036934
-218 0 0 -0.0189155004918575 -0.183355003595352
-217 0 0 -0.0185708999633789 -0.181115001440048
-216 0 0 -0.0182261001318693 -0.178863003849983
-215 0 0 -0.0178810004144907 -0.176596999168396
-214 0 0 -0.0175359006971121 -0.174318999052048
-213 0 0 -0.0171907003968954 -0.172025993466377
-212 0 0 -0.0168456006795168 -0.169718995690346
-211 0 0 -0.0165007002651691 -0.167398005723953
-210 0 0 -0.0161559991538525 -0.165061995387077
-209 0 0 -0.015811700373888 -0.16270999610424
-208 0 0 -0.015468000434339 -0.160341992974281
-207 0 0 -0.0151247996836901 -0.157958000898361
-206 0 0 -0.0147823002189398 -0.155557006597519
-205 0 0 -0.0144407004117966 -0.153138995170593
-204 0 0 -0.0141000002622604 -0.150703996419907
-203 0 0 -0.0137604996562004 -0.148250997066498
-202 0 0 -0.0134223001077771 -0.145780995488167
-201 0 0 -0.0130855003371835 -0.143292993307114
-200 12 4 -0.0127502996474504 -0.1407870054245
-199 0 0 -0.0124169001355767 -0.138264000415802
-198 0 0 -0.0120855998247862 -0.135723993182182
-197 0 0 -0.0117563996464014 -0.133167997002602
-196 0 0 -0.011429799720645 -0.130595996975899
-195 0 0 -0.0111058996990323 -0.128010004758835
-194 0 0 -0.0107850003987551 -0.125411003828049
-193 0 0 -0.0104675004258752 -0.122800998389721
-192 0 0 -0.0101536996662617 -0.120182998478413
-191 0 0 -0.00984391011297703 -0.117559000849724
-190 0 0 -0.00953863002359867 -0.114932999014854
-189 0 0 -0.00923824962228537 -0.112309001386166
-188 0 0 -0.00894322991371155 -0.109691001474857
-187 0 0 -0.00865401979535818 -0.10708399862051
-186 0 0 -0.00837109982967377 -0.104492999613285
-185 0 0 -0.00809493009001017 -0.101924002170563
-184 0 0 -0.00782592967152596 -0.0993824973702431
-183 0 0 -0.00756451999768615 -0.0968749970197678
-182 0 0 -0.0073110400699079 -0.0944067984819412
-181 0 0 -0.00706575997173786 -0.0919833034276962
-180 0 0 -0.00682889018207788 -0.0896091014146805
-179 0 0 -0.00660056015476584 -0.0872882977128029
-178 0 0 -0.00638080015778542 -0.0850242972373962
-177 0 0 -0.00616957992315292 -0.0828194990754128
-176 0 0 -0.00596677977591753 -0.0806756019592285
-175 0 0 -0.00577221997082233 -0.0785935968160629
-174 0 0 -0.00558567000553012 -0.0765734985470772
-173 0 0 -0.00540683977305889 -0.0746150016784668
-172 0 0 -0.00523544009774923 -0.0727171003818512
-171 0 0 -0.00507113989442587 -0.0708782970905304
-170 0 0 -0.00491358991712332 -0.0690969973802567
-169 0 0 -0.00476244976744056 -0.0673710033297539
-168 0 0 -0.00461737997829914 -0.0656983032822609
-167 0 0 -0.00447804015129805 -0.0640766024589539
-166 0 0 -0.00434410991147161 -0.0625033974647522
-165 0 0 -0.00421526981517673 -0.0609765984117985
-164 0 0 -0.0040912302210927 -0.0594936013221741
-163 0 0 -0.00397170009091496 -0.0580523014068604
-162 0 0 -0.00385641003958881 -0.0566502995789051
-161 0 0 -0.00374511000700295 -0.0552854984998703
-160 0 0 -0.00363755994476378 -0.0539557002484798
-159 0 0 -0.00353354006074369 -0.0526591017842293
-158 0 0 -0.00343283009715378 -0.0513935014605522
-157 0 0 -0.00333524006418884 -0.0501572005450726
-156 0 0 -0.00324058998376131 -0.0489482991397381
-155 0 0 -0.0031487001106143 -0.0477651990950108
-154 0 0 -0.00305942003615201 -0.0466062985360622
-153 0 0 -0.00297257001511753 -0.0454698987305164
-152 0 0 -0.00288803991861641 -0.0443545989692211
-151 0 0 -0.00280567002482712 -0.0432589016854763
-150 11 4 -0.00272533996030688 -0.0421813987195492
-149 0 0 -0.00264693005010486 -0.0411208011209965
-148 0 0 -0.00257032993249595 -0.0400758013129234
-147 0 0 -0.00249542994424701 -0.0390451997518539
-146 0 0 -0.0024221099447459 -0.038027498871088
-145 0 0 -0.00235029007308185 -0.0370217002928257
-144 0 0 -0.00227986997924745 -0.0360266007483006
-143 0 0 -0.00221075001172721 -0.0350407995283604
-142 0 0 -0.00214284006506205 -0.0340632982552052
-141 0 0 -0.00207606004551053 -0.0330928005278111
-140 0 0 -0.00201031006872654 -0.0321279987692833
-139 0 0 -0.00194552005268633 -0.0311677996069193
-138 0 0 -0.00188158999662846 -0.0302106998860836
-137 0 0 -0.00181844003964216 -0.0292553994804621
-136 0 0 -0.00175596994813532 -0.0283004995435476
-135 0 0 -0.0016940999776125 -0.027344299480319
-134 0 0 -0.00163271999917924 -0.0263852998614311
-133 0 0 -0.00157175003550947 -0.0254216007888317
-132 0 0 -0.00151105003897101 -0.0244511999189854
-131 0 0 -0.00145052000880241 -0.0234718006104231
-130 0 0 -0.00139002001378685 -0.0224808007478714
-129 0 0 -0.00132938998285681 -0.0214751996099949
-128 0 0 -0.0012684699613601 -0.0204514991492033
-127 0 0 -0.0012070300290361 -0.0194054003804922
-126 0 0 -0.00116566999349743 -0.0186931993812323
-125 0 0 -0.00112389004789293 -0.0179667994379997
-124 0 0 -0.00108157005161047 -0.0172243006527424
-123 0 0 -0.00103859999217093 -0.0164630003273487
-122 0 0 -0.000994834001176059 -0.0156798008829355
-121 0 0 -0.000965121027547866 -0.0151436002925038
-120 0 0 -0.000934906012844294 -0.0145947001874447
-119 0 0 -0.000904114975128323 -0.0140313999727368
-118 0 0 -0.000872655014973134 -0.0134517997503281
-117 0 0 -0.00084041798254475 -0.0128536000847816
-116 0 0 -0.000818428990896791 -0.0124431001022458
-115 0 0 -0.00079598999582231 -0.0120221003890038
-114 0 0 -0.000773043022491038 -0.0115895001217723
-113 0 0 -0.000749523984268308 -0.0111437998712063
-112 0 0 -0.000725354009773582 -0.0106835002079606
-111 0 0 -0.000708833977114409 -0.0103674996644258
-110 0 0 -0.000691949971951544 -0.0100434999912977
-109 0 0 -0.000674664974212646 -0.00971054006367922
-108 0 0 -0.000656932999845594 -0.00936779007315636
-107 0 0 -0.000638701021671295 -0.00901412032544613
-106 0 0 -0.000619907979853451 -0.0086482297629118
-105 0 0 -0.000607030990067869 -0.00839675031602383
-104 0 0 -0.000593843986280262 -0.00813859980553389
-103 0 0 -0.00058031699154526 -0.00787313003093004
-102 0 0 -0.000566415023058653 -0.00759962014853954
-101 0 0 -0.000552095996681601 -0.00731719005852938
-100 10 4 -0.000537310028448701 -0.00702481018379331
-99 0 0 -0.000527166004758328 -0.00682376977056265
-98 0 0 -0.000516766973305494 -0.00661735003814101
-97 0 0 -0.000506090989802033 -0.00640504015609622
-96 0 0 -0.00049510900862515 -0.00618627993389964
-95 0 0 -0.000483790994621813 -0.00596040021628141
-94 0 0 -0.000472098006866872 -0.00572662986814976
-93 0 0 -0.000464072014437988 -0.00556593993678689
-92 0 0 -0.00045584500185214 -0.00540101015940309
-91 0 0 -0.000447399012045935 -0.00523148011416197
-90 0 0 -0.000438712013419718 -0.00505691021680832
-89 0 0 -0.000429762003477663 -0.00487683014944196
-88 0 0 -0.000420521013438702 -0.00469066016376019
-87 0 0 -0.000410956999985501 -0.0044977399520576
-86 0 0 -0.000404382997658104 -0.00436497991904616
-85 0 0 -0.000397635012632236 -0.00422859005630016
-84 0 0 -0.000390697998227552 -0.00408825976774096
-83 0 0 -0.000383553997380659 -0.00394363002851605
-82 0 0 -0.00037618400529027 -0.00379428011365235
-81 0 0 -0.000368564011296257 -0.00363971991464496
-80 0 0 -0.000363330997060984 -0.00353351002559066
-79 0 0 -0.00035796599695459 -0.00342454994097352
-78 0 0 -0.000352456991095096 -0.00331260007806122
-77 0 0 -0.000346793996868655 -0.00319743994623423
-76 0 0 -0.000340961996698752 -0.00307876989245415
-75 0 0 -0.000334945012582466 -0.00295625999569893
-74 0 0 -0.000328725989675149 -0.00282956007868052
-73 0 0 -0.000322283012792468 -0.0026982300914824
-72 0 0 -0.000315593992127106 -0.00256176991388202
-71 0 0 -0.000308627990307286 -0.00241956999525428
-70 0 0 -0.000301351014059037 -0.00227095000445843
-69 0 0 -0.000293724006041884 -0.00211505009792745
-68 0 0 -0.000285696994978935 -0.00195088004693389
-67 0 0 -0.000277212006039917 -0.00177722005173564
-66 0 0 -0.000268197996774688 -0.00159259000793099
-65 0 0 -0.00025857100263238 -0.00139528000727296
-64 0 0 -0.000248235010076314 -0.00118328002281487
-63 0 0 -0.000237090993323363 -0.000954527000430971
-62 0 0 -0.000225060997763649 -0.00070741301169619
-61 0 0 -0.000198420995729975 -0.000159624993102625
-60 0 0 -0.000144812001963146 0.000944624014664441
-59 0 0 -2.37375006690854E-05 0.00344150001183152
-58 0 0 0.000343255989719182 0.0109059996902943
-57 0 0 0.000572631019167602 0.0154016995802522
-56 0 0 0.000770778977312148 0.0191556997597218
-55 0 0 0.000956850999500602 0.0225753001868725
-54 0 0 0.00113882997538894 0.0258316993713379
-53 0 0 0.001321219955571 0.0290213990956545
-52 0 0 0.0015070999506861 0.032209999859333
-51 0 0 0.00169890001416206 0.0354494005441666
-50 9 4 0.0018987599760294 0.0387855991721153
-49 0 0 0.0021087599452585 0.0422637984156609
-48 0 0 0.00233096000738442 0.045931201428175
-47 0 0 0.00256753992289305 0.0498403012752533
-46 0 0 0.00282071996480227 0.0540510006248951
-45 0 0 0.00309271994046867 0.0586323998868465
-44 0 0 0.00338547001592815 0.0636639967560768
-43 0 0 0.00370002002455294 0.0692329034209251
-42 0 0 0.00403545005246997 0.0754240974783897
-41 0 0 0.00438723992556334 0.0822995975613594
-40 0 0 0.00474542006850243 0.0898625031113625
-39 0 0 0.00509421993046999 0.0980245023965836
-38 0 0 0.00541495019569993 0.106608003377914
-37 0 0 0.00569137977436185 0.115397997200489
-36 0 0 0.00591376982629299 0.124208003282547
-35 0 0 0.0060793599113822 0.132915005087852
-34 0 0 0.00619048997759819 0.141452997922897
-33 0 0 0.00625234981998801 0.14979599416256
32 8 2 0.00627144984900951 0.157940000295639
31 0 0 0.00627121003344655 0.158859997987747
30 0 0 0.00625072000548244 0.166795998811722
29 0 0 0.0062017198652029 0.174559995532036
28 0 0 0.00613042991608381 0.182168006896973
27 0 0 0.00604248000308871 0.189638003706932
26 0 0 0.0059429001994431 0.196982994675636
25 0 0 0.00583613989874721 0.204219996929169
24 0 0 0.00572605011984706 0.211359992623329
23 0 0 0.00561591982841492 0.218417003750801
22 0 0 0.0055085401982069 0.225400000810623
21 0 0 0.00540626002475619 0.232319995760918
20 0 0 0.00531096989288926 0.239186003804207
19 0 0 0.00522421998903155 0.246005997061729
18 0 0 0.00514722988009453 0.252788007259369
17 0 0 0.00508092995733023 0.259539008140564
16 0 0 0.00502600986510515 0.266265988349915
15 0 0 0.00498295994475484 0.272974997758865
14 0 0 0.00495208008214831 0.279671996831894
13 0 0 0.00493353977799416 0.286361992359161
12 7 2 0.00492735998705029 0.29305100440979
-11 0 0 0.00492883007973433 0.296312004327774
-10 0 0 0.0049409200437367 0.303007990121841
-9 0 0 0.00495570013299584 0.307478010654449
-8 0 0 0.00496850023046136 0.310461014509201
-7 0 0 0.00497832987457514 0.312451004981995
-6 0 0 0.00498546008020639 0.31377899646759
-5 0 0 0.00499047012999654 0.314664989709854
-4 0 0 0.0049939202144742 0.315254986286163
-3 0 0 0.00499626994132996 0.315649002790451
-2 0 0 0.00499786017462611 0.315912008285522
1 0 0 0.00499999988824129 0.316262006759644
1 0 0 0.00499999988824129 0.316262006759644
-2 0 0 0.00500218011438847 0.316612005233765
-3 0 0 0.0050038299523294 0.316875010728836
-4 0 0 0.00500633986666799 0.317268997430801
-5 0 0 0.00501018995419145 0.317860007286072
-6 0 0 0.00501612015068531 0.318747013807297
-7 0 0 0.00502537982538342 0.320078998804092
-8 0 0 0.00504011986777186 0.322077989578247
-9 0 0 0.005064080003649 0.325080007314682
-10 0 0 0.00510415015742183 0.329593002796173
-11 0 0 0.00517333019524813 0.336385995149612
-12 0 0 0.00525309983640909 0.343212008476257
-13 0 0 0.00534308003261685 0.350075006484985
-14 0 0 0.00544292014092207 0.356977999210358
-15 0 0 0.0055522401817143 0.363927006721497
-16 0 0 0.00567066995427012 0.37092399597168
-17 0 0 0.0057978299446404 0.377974003553391
-18 0 0 0.00593338022008538 0.385082006454468
-19 0 0 0.00607695011422038 0.392251014709473
-20 0 0 0.00622818991541862 0.399486005306244
-21 0 0 0.00638676015660167 0.406791001558304
-22 0 0 0.00655233021825552 0.414169996976852
-23 0 0 0.0067245801910758 0.421627014875412
-24 0 0 0.00690317992120981 0.429167985916138
-25 0 0 0.00708782020956278 0.436796993017197
-26 0 0 0.00727821001783013 0.444519013166428
-27 0 0 0.00747404992580414 0.452338010072708
-28 0 0 0.00767502980306745 0.460258990526199
-29 0 0 0.00788087025284767 0.468288004398346
-30 0 0 0.00809128023684025 0.476431012153625
-31 0 0 0.00830599013715982 0.484692007303238
-32 0 0 0.00852468982338905 0.493077009916306
-33 0 0 0.00874712038785219 0.501591980457306
-34 0 0 0.00897296983748674 0.510244011878967
-35 0 0 0.0092019597068429 0.5190389752388
-36 0 0 0.00943379011005163 0.527983009815216
-37 0 0 0.00966816022992134 0.537083029747009
-38 0 0 0.00990474969148636 0.546346008777618
-39 0 0 0.0101432995870709 0.555779993534088
-40 0 0 0.0103832995519042 0.565392017364502
-41 0 0 0.0106245996430516 0.575191020965576
-42 0 0 0.0108668003231287 0.58518397808075
-43 0 0 0.0111095001921058 0.595381021499634
-44 0 0 0.0113522000610828 0.605790972709656
-45 0 0 0.0115946000441909 0.616420984268188
-46 0 0 0.0118362996727228 0.627283990383148
-47 0 0 0.0120767997577786 0.638387978076935
-48 0 0 0.0123154995962977 0.649743974208832
-49 0 0 0.0125521002337337 0.661361992359161
-50 2 4 0.0127859003841877 0.673254013061523
-51 0 0 0.0130163999274373 0.685432016849518
-52 0 0 0.013243000023067 0.697906970977783
-53 0 0 0.0134650999680161 0.71069198846817
-54 0 0 0.0136820003390312 0.723797976970673
-55 0 0 0.0138931004330516 0.737237989902496
-56 0 0 0.0140976002439857 0.751025974750519
-57 0 0 0.0142949000000954 0.765173971652985
-58 0 0 0.0144843002781272 0.779694974422455
-59 0 0 0.0146648995578289 0.79460197687149
-60 0 0 0.0148360999301076 0.809908986091614
-61 0 0 0.0149972001090646 0.825627028942108
-62 0 0 0.0151474000886083 0.841768026351929
-63 0 0 0.0152860004454851 0.858345985412598
-64 0 0 0.0154123995453119 0.875370025634766
-65 0 0 0.0155261997133493 0.892850995063782
-66 0 0 0.0156267005950212 0.910796999931335
-67 0 0 0.0157136004418135 0.929217994213104
-68 0 0 0.015786599367857 0.94811999797821
-69 0 0 0.015845600515604 0.967508971691132
-70 0 0 0.0158906001597643 0.987388014793396
-71 0 0 0.0159217994660139 1.0077600479126
-72 0 0 0.0159396007657051 1.02862000465393
-73 3 2 0.0159446001052856 1.04779994487762
74 0 0 0.0159386992454529 1.06959998607635
75 0 0 0.0159216001629829 1.09187996387482
76 0 0 0.0158943999558687 1.11462998390198
77 0 0 0.0158585999161005 1.13785994052887
78 0 0 0.0158156007528305 1.16155004501343
79 0 0 0.0157671999186277 1.18569004535675
80 0 0 0.0157152004539967 1.21027004718781
81 0 0 0.0156615003943443 1.23527002334595
82 0 0 0.0156081998720765 1.2606999874115
83 0 0 0.015557499602437 1.28652000427246
84 0 0 0.0155113004148006 1.31272995471954
85 0 0 0.015471899881959 1.33931994438171
86 0 0 0.0154411997646093 1.36626994609833
87 0 0 0.0154215004295111 1.39356994628906
88 4 2 0.0154146002605557 1.4210000038147
-89 0 0 0.0154221998527646 1.44895994663239
-90 0 0 0.0154462996870279 1.47723996639252
-91 0 0 0.0154884001240134 1.50583004951477
-92 0 0 0.0155499996617436 1.53471004962921
-93 0 0 0.0156325995922089 1.56387996673584
-94 0 0 0.0157373007386923 1.59332001209259
-95 0 0 0.0158651992678642 1.62303996086121
-96 0 0 0.0160170998424292 1.6530100107193
-97 0 0 0.0161940008401871 1.6832400560379
-98 0 0 0.0163965001702309 1.7137199640274
-99 0 0 0.0166251007467508 1.74443995952606
-100 5 4 0.0168801005929708 1.77539002895355
-101 0 0 0.0171620007604361 1.80657994747162
-102 0 0 0.0174707993865013 1.83799004554749
-103 0 0 0.0178066994994879 1.86960995197296
-104 0 0 0.0181696992367506 1.90146005153656
-105 0 0 0.0185596998780966 1.93350994586945
-106 0 0 0.0189765002578497 1.96575999259949
-107 0 0 0.0194198992103338 1.99821996688843
-108 0 0 0.0198896005749702 2.03086996078491
-109 0 0 0.0203853007405996 2.06371998786926
-110 0 0 0.0209065992385149 2.09675002098083
-111 0 0 0.0214530006051064 2.12996006011963
-112 0 0 0.0220241006463766 2.16335010528564
-113 0 0 0.0226194001734257 2.1969199180603
-114 0 0 0.0232382994145155 2.23064994812012
-115 0 0 0.0238803997635841 2.26454997062683
-116 0 0 0.0245450995862484 2.29861998558044
-117 0 0 0.0252317003905773 2.33283996582031
-118 0 0 0.0259396992623806 2.36720991134644
-119 0 0 0.0266685001552105 2.40173006057739
-120 0 0 0.0274176001548767 2.43639993667603
-121 0 0 0.0281862001866102 2.47121000289917
-122 0 0 0.0289738997817039 2.50615000724792
-123 0 0 0.0297800004482269 2.54122996330261
-124 0 0 0.030603900551796 2.57643008232117
-125 0 0 0.031445100903511 2.61175990104675
-126 0 0 0.0323029011487961 2.64720988273621
-127 0 0 0.0331768989562988 2.68278002738953
-128 0 0 0.0340664014220238 2.71846008300781
-129 0 0 0.0349708981812 2.75424003601074
-130 0 0 0.0358899012207985 2.79012989997864
-131 0 0 0.0368229001760483 2.82612991333008
-132 0 0 0.0377691984176636 2.86222004890442
-133 0 0 0.0387285985052586 2.89840006828308
-134 0 0 0.0397002995014191 2.93467998504639
-135 0 0 0.040684100240469 2.97104001045227
-136 0 0 0.0416794009506702 3.00748991966248
-137 0 0 0.0426857993006706 3.04400992393494
-138 0 0 0.0437027998268604 3.0806200504303
-139 0 0 0.0447301007807255 3.11730003356934
-140 0 0 0.0457671992480755 3.15405011177063
-141 0 0 0.0468138009309769 3.1908700466156
-142 0 0 0.0478694997727871 3.2277500629425
-143 0 0 0.0489339008927345 3.26469993591309
-144 6 9 0.0500066988170147 3.3017098903656
