-276 16 9 -0.0501606985926628 -0.414743989706039
-275 0 0 -0.0495795011520386 -0.4098159968853
-274 0 0 -0.0489999987185001 -0.404920011758804
-273 0 0 -0.0484219007194042 -0.40005499124527
-272 0 0 -0.0478450991213322 -0.395220011472702
-271 0 0 -0.0472690984606743 -0.390413999557495
-270 0 0 -0.0466938987374306 -0.385634988546371
-269 0 0 -0.046119000762701 -0.380881994962692
-268 0 0 -0.0455443002283573 -0.376154989004135
-267 0 0 -0.0449693016707897 -0.371450990438461
-266 0 0 -0.0443940013647079 -0.366769999265671
-265 0 0 -0.0438180007040501 -0.362111002206802
-264 0 0 -0.0432409010827541 -0.357472002506256
-263 0 0 -0.0426625981926918 -0.352851986885071
-262 0 0 -0.0420828014612198 -0.34825000166893
-261 0 0 -0.0415011011064053 -0.34366500377655
-260 0 0 -0.0409172996878624 -0.339096009731293
-259 0 0 -0.0403310991823673 -0.334540992975235
-258 0 0 -0.0397422984242439 -0.329998999834061
-257 0 0 -0.0391504988074303 -0.325468987226486
-256 0 0 -0.0385553985834122 -0.320950001478195
-255 0 0 -0.0379568003118038 -0.316439986228943
-254 0 0 -0.0373544991016388 -0.311939001083374
-253 0 0 -0.0367479994893074 -0.307444006204605
-252 0 0 -0.0361372008919716 -0.302955001592636
-251 0 0 -0.0355218984186649 -0.298471003770828
-250 15 4 -0.034901600331068 -0.29398900270462
-249 0 0 -0.0342762991786003 -0.289507985115051
-248 0 0 -0.0336454994976521 -0.285028010606766
-247 0 0 -0.0330092012882233 -0.280544996261597
-246 0 0 -0.0323670990765095 -0.276059985160828
-245 0 0 -0.0317190997302532 -0.27156999707222
-244 0 0 -0.0310648009181023 -0.267073005437851
-243 0 0 -0.0304042007774115 -0.26256799697876
-242 0 0 -0.0297371000051498 -0.258053004741669
-241 0 0 -0.02928869985044 -0.255037009716034
-240 0 0 -0.0288373995572329 -0.252014994621277
-239 0 0 -0.0283831004053354 -0.248986005783081
-238 0 0 -0.0279258992522955 -0.245949998497963
-237 0 0 -0.0274656005203724 -0.242906004190445
-236 0 0 -0.0270023997873068 -0.239853993058205
-235 0 0 -0.0265362001955509 -0.236791998147964
-234 0 0 -0.0260671004652977 -0.233721002936363
-233 0 0 -0.0255950000137091 -0.23063899576664
-232 0 0 -0.0251201000064611 -0.227546006441116
-231 0 0 -0.0246422998607159 -0.224441006779671
-230 0 0 -0.0243222992867231 -0.222362995147705
-229 0 0 -0.0240010004490614 -0.220280006527901
-228 0 0 -0.0236786007881165 -0.218189999461174
-227 0 0 -0.0233549997210503 -0.216093003749847
-226 0 0 -0.023030299693346 -0.21399000287056
-225 0 0 -0.0227045994251966 -0.211879998445511
-224 0 0 -0.0223776996135712 -0.209762006998062
-223 0 0 -0.0220497995615005 -0.207635998725891
-222 0 0 -0.0217209998518229 -0.20550200343132
-221 0 0 -0.0213911999017 -0.203360006213188
-220 0 0 -0.0210605002939701 -0.201208993792534
-219 0 0 -0.020728999748826 -0.19904999434948
-218 0 0 -0.0203967001289129 -0.196879997849464
-217 0 0 -0.0200635995715857 -0.194701001048088
-216 0 0 -0.0197298992425203 -0.192512005567551
-215 0 0 -0.019395500421524 -0.190311998128891
-214 0 0 -0.0190606005489826 -0.188102006912231
-213 0 0 -0.018725199624896 -0.18588000535965
-212 0 0 -0.0183894000947475 -0.183645993471146
-211 0 0 -0.018053200095892 -0.181400999426842
-210 0 0 -0.0177168007940054 -0.179141998291016
-209 0 0 -0.0173802003264427 -0.176871001720428
-208 0 0 -0.017043499276042 -0.174585998058319
-207 0 0 -0.0167068000882864 -0.172288000583649
-206 0 0 -0.0163701996207237 -0.169974997639656
-205 0 0 -0.0160336997359991 -0.167647004127502
-204 0 0 -0.0156976003199816 -0.165304005146027
-203 0 0 -0.0153617998585105 -0.162946000695229
-202 0 0 -0.0150266001001 -0.160570994019508
-201 0 0 -0.0146919004619122 -0.158179998397827
-200 14 4 -0.0143579998984933 -0.155772000551224
-199 0 0 -0.0140249999240041 -0.153347000479698
-198 0 0 -0.0136928996071219 -0.15090499818325
-197 0 0 -0.0133619997650385 -0.148444995284081
-196 0 0 -0.0130324997007847 -0.14596700668335
-195 0 0 -0.012704299762845 -0.143471002578735
-194 0 0 -0.0123779000714421 -0.140956997871399
-193 0 0 -0.0120532000437379 -0.138426005840302
-192 0 0 -0.0117306001484394 -0.135877996683121
-191 0 0 -0.0114102000370622 -0.133313000202179
-190 0 0 -0.0110924001783133 -0.130731999874115
-189 0 0 -0.0107773002237082 -0.12813700735569
-188 0 0 -0.0104652000591159 -0.125529006123543
-187 0 0 -0.0101565001532435 -0.122910000383854
-186 0 0 -0.00985153019428253 -0.120283000171185
-185 0 0 -0.00955060962587595 -0.117648996412754
-184 0 0 -0.0092541603371501 -0.115013003349304
-183 0 0 -0.00896260980516672 -0.112378999590874
-182 0 0 -0.00867637991905212 -0.109751001000404
-181 0 0 -0.00839592982083559 -0.107133999466896
-180 0 0 -0.0081217298284173 -0.10453400015831
-179 0 0 -0.00785419996827841 -0.101956002414227
-178 0 0 -0.00759377982467413 -0.0994059965014458
-177 0 0 -0.0073408498428762 -0.0968902036547661
-176 0 0 -0.00709572993218899 -0.0944143012166023
-175 0 0 -0.00685869995504618 -0.0919834971427917
-174 0 0 -0.00662994012236595 -0.0896027982234955
-173 0 0 -0.00640955986455083 -0.0872761011123657
-172 0 0 -0.00619758013635874 -0.0850068032741547
-171 0 0 -0.0059939599595964 -0.0827974006533623
-170 0 0 -0.0057985601015389 -0.0806495025753975
-169 0 0 -0.00561119988560677 -0.0785640999674797
-168 0 0 -0.00543163018301129 -0.0765411034226418
-167 0 0 -0.00525959022343159 -0.0745802000164986
-166 0 0 -0.00509476009756327 -0.072680301964283
-165 0 0 -0.00493681989610195 -0.0708398967981339
-164 0 0 -0.00478541990742087 -0.0690571963787079
-163 0 0 -0.00464022997766733 -0.0673303008079529
-162 0 0 -0.00450089992955327 -0.065656803548336
-161 0 0 -0.00436712009832263 -0.0640344992280006
-160 0 0 -0.00423855008557439 -0.0624609999358654
-159 0 0 -0.00411489978432655 -0.0609338991343975
-158 0 0 -0.00399585999548435 -0.059450801461935
-157 0 0 -0.00388116994872689 -0.0580095015466213
-156 0 0 -0.00377056002616882 -0.0566074997186661
-155 0 0 -0.00366378994658589 -0.0552428998053074
-154 0 0 -0.00356061989441514 -0.0539132989943027
-153 0 0 -0.00346083007752895 -0.0526168011128902
-152 0 0 -0.00336423004046082 -0.0513514988124371
-151 0 0 -0.00327061000280082 -0.0501153990626335
-150 13 4 -0.00317981000989676 -0.0489068999886513
-149 0 0 -0.00309166009537876 -0.0477241016924381
-148 0 0 -0.00300600007176399 -0.0465653985738754
-147 0 0 -0.00292266998440027 -0.0454293005168438
-146 0 0 -0.00284154992550611 -0.0443141981959343
-145 0 0 -0.00276249996386468 -0.0432187989354134
-144 0 0 -0.00268538994714618 -0.0421416014432907
-143 0 0 -0.00261011999100447 -0.0410812012851238
-142 0 0 -0.00253656995482743 -0.0400363989174366
-141 0 0 -0.00246463995426893 -0.0390059016644955
-140 0 0 -0.00239422009326518 -0.0379884988069534
-139 0 0 -0.00232522003352642 -0.0369828008115292
-138 0 0 -0.00225753989070654 -0.0359878018498421
-137 0 0 -0.0021911000367254 -0.035002201795578
-136 0 0 -0.00212580990046263 -0.0340247005224228
-135 0 0 -0.00206158007495105 -0.0330541990697384
-134 0 0 -0.00199833000078797 -0.0320894010365009
-133 0 0 -0.00193598004989326 -0.0311290994286537
-132 0 0 -0.0018744400003925 -0.03017189912498
-131 0 0 -0.00181361997965723 -0.0292164999991655
-130 0 0 -0.00175344001036137 -0.0282613001763821
-129 0 0 -0.00169380998704582 -0.0273049995303154
-128 0 0 -0.00163464003708214 -0.0263455994427204
-127 0 0 -0.00157582003157586 -0.0253814999014139
-126 0 0 -0.00151723995804787 -0.0244105998426676
-125 0 0 -0.00145880004856735 -0.0234306007623672
-124 0 0 -0.00140035001095384 -0.0224389005452394
-123 0 0 -0.00134175003040582 -0.0214325003325939
-122 0 0 -0.00128282001242042 -0.0204077009111643
-121 0 0 -0.00122335995547473 -0.0193604994565248
-120 0 0 -0.00118330004625022 -0.0186473000794649
-119 0 0 -0.00114281999412924 -0.0179198998957872
-118 0 0 -0.00110180000774562 -0.0171760991215706
-117 0 0 -0.00106011994648725 -0.0164133999496698
-116 0 0 -0.0010176399955526 -0.0156284999102354
-115 0 0 -0.000988782965578139 -0.0150910997763276
-114 0 0 -0.000959426979534328 -0.0145407998934388
-113 0 0 -0.000929495028685778 -0.0139758996665478
-112 0 0 -0.000898897007573396 -0.0133945001289248
-111 0 0 -0.000867524009663612 -0.0127942003309727
-110 0 0 -0.000846113020088524 -0.0123821999877691
-109 0 0 -0.000824250979349017 -0.0119594996795058
-108 0 0 -0.000801883987151086 -0.0115250004455447
-107 0 0 -0.000778945977799594 -0.011077200062573
-106 0 0 -0.000755359011236578 -0.0106145003810525
-105 0 0 -0.000739226990845054 -0.010296699590981
-104 0 0 -0.000722731987480074 -0.00997070036828518
-103 0 0 -0.00070583401247859 -0.00963560026139021
-102 0 0 -0.00068848900264129 -0.00929045025259256
-101 0 0 -0.000670643988996744 -0.00893411040306091
-100 12 4 -0.000652233022265136 -0.00856522005051374
-99 0 0 -0.000639609002973884 -0.00831151008605957
-98 0 0 -0.000626672990620136 -0.00805092044174671
-97 0 0 -0.00061339297099039 -0.00778278009966016
-96 0 0 -0.000599734019488096 -0.00750631000846624
-95 0 0 -0.000585653004236519 -0.00722057977691293
-94 0 0 -0.000571098004002124 -0.00692451978102326
-93 0 0 -0.000561101012863219 -0.00672075990587473
-92 0 0 -0.000550844997633249 -0.00651135994121432
-91 0 0 -0.000540304987225682 -0.00629578996449709
-90 0 0 -0.000529451994225383 -0.00607345020398498
-89 0 0 -0.000518252025358379 -0.00584359979256988
-88 0 0 -0.000506663986016065 -0.00560538982972503
-87 0 0 -0.00049870100338012 -0.00544143980368972
-86 0 0 -0.000490528007503599 -0.0052729700691998
-85 0 0 -0.000482125004054978 -0.00509956013411283
-84 0 0 -0.000473471009172499 -0.00492076016962528
-83 0 0 -0.000464539014501497 -0.00473598996177316
-82 0 0 -0.000455300003523007 -0.00454463018104434
-81 0 0 -0.000448951992439106 -0.00441301986575127
-80 0 0 -0.000442438991740346 -0.00427785981446505
-79 0 0 -0.000435747002484277 -0.00413887994363904
-78 0 0 -0.000428858998930082 -0.00399569980800152
-77 0 0 -0.000421756994910538 -0.003847949905321
-76 0 0 -0.000414418987929821 -0.00369515991769731
-75 0 0 -0.000406820006901398 -0.00353678991086781
-74 0 0 -0.000398928008507937 -0.00337219005450606
-73 0 0 -0.0003907099890057 -0.00320060993544757
-72 0 0 -0.000382119003916159 -0.0030211100820452
-71 0 0 -0.000373104005120695 -0.00283255008980632
-70 0 0 -0.000363597006071359 -0.00263350992463529
-69 0 0 -0.000353512994479388 -0.00242221006192267
-68 0 0 -0.000342743995133787 -0.0021963301114738
-67 0 0 -0.000331148010445759 -0.00195285002700984
-66 0 0 -0.000318534992402419 -0.00168774998746812
-65 0 0 -0.000304655986838043 -0.0013957399642095
-64 0 0 -0.000289196002995595 -0.00107013003434986
-63 0 0 -0.000271833996521309 -0.000704055011738092
-62 0 0 -0.000252520985668525 -0.000296388985589147
-61 0 0 -0.000232078004046343 0.000135554000735283
-60 0 0 -0.000193879997823387 0.000943619001191109
-59 0 0 -9.81972989393398E-05 0.00297015998512506
-58 0 0 9.3297003331827E-06 0.00524393981322646
-57 0 0 0.000256522005656734 0.0104056997224689
-56 0 0 0.000583067012485117 0.0169808994978666
-55 0 0 0.000857619976159185 0.0222613997757435
-54 0 0 0.00112053996417671 0.0271301008760929
-53 0 0 0.00138645002152771 0.0319091007113457
-52 0 0 0.00166407995857298 0.0367910005152225
-51 0 0 0.00196041003800929 0.0419322997331619
-50 11 4 0.0022821300663054 0.0474909991025925
-49 0 0 0.00263616000302136 0.0536491014063358
-48 0 0 0.00302948011085391 0.0606306008994579
-47 0 0 0.00346737005747855 0.0687090009450912
-46 0 0 0.00394826009869576 0.0781743004918098
-45 0 0 0.00445311004295945 0.0891966000199318
-44 0 0 0.0049362201243639 0.101580999791622
-43 0 0 0.00533874006941915 0.114712998270988
-42 0 0 0.00562216993421316 0.127930000424385
-41 0 0 0.00578062981367111 0.140844002366066
40 10 2 0.00582870980724692 0.153320997953415
39 0 0 0.0058143800124526 0.160404995083809
38 0 0 0.00573283992707729 0.172205001115799
37 0 0 0.00559773994609714 0.183641999959946
36 0 0 0.00542803993448615 0.194771006703377
35 0 0 0.00523967016488314 0.205642998218536
34 0 0 0.0050455997698009 0.216303005814552
33 0 0 0.00485605979338288 0.226790994405746
32 0 0 0.00467889010906219 0.237139999866486
31 0 0 0.00451983977109194 0.247379004955292
30 0 0 0.0043830000795424 0.257535994052887
29 0 0 0.00427102018147707 0.267632991075516
28 0 0 0.00418548984453082 0.277693003416061
27 0 0 0.00412710011005402 0.287732988595963
26 0 0 0.00409591011703014 0.297773003578186
25 9 2 0.00409003021195531 0.304473996162415
-24 0 0 0.00409349007532001 0.309655010700226
-23 0 0 0.00410812022164464 0.316379994153976
-22 0 0 0.0041339099407196 0.323125004768372
-21 0 0 0.00417052023112774 0.329894006252289
-20 0 0 0.00421757018193603 0.336692005395889
-19 0 0 0.00425455020740628 0.341241002082825
-18 0 0 0.0042958902195096 0.345806002616882
-17 0 0 0.0043414500541985 0.350389003753662
-16 0 0 0.0043911300599575 0.354988992214203
-15 0 0 0.00444479985162616 0.359609007835388
-14 0 0 0.00450234021991491 0.364250004291534
-13 0 0 0.00456361984834075 0.368912011384964
-12 0 0 0.00462852977216244 0.373598009347916
-11 0 0 0.00469694007188082 0.378307998180389
-10 0 0 0.00476873014122248 0.383042991161346
-9 0 0 0.00484379008412361 0.387805998325348
-8 0 0 0.0048955800011754 0.390996009111404
-7 0 0 0.00493087014183402 0.393130004405975
-6 0 0 0.00495473016053438 0.394555985927582
-5 0 0 0.00497078010812402 0.395507991313934
-4 0 0 0.00498154992237687 0.396142989397049
-3 0 0 0.00498874997720122 0.396566987037659
-2 0 0 0.00499357003718615 0.396849989891052
1 0 0 0.00499999988824129 0.397226989269257
1 0 0 0.00499999988824129 0.397226989269257
-2 0 0 0.00500646000728011 0.397603988647461
-3 0 0 0.00501130986958742 0.397886991500854
-4 0 0 0.00501861004158854 0.398312002420425
-5 0 0 0.00502958986908197 0.398950010538101
-6 0 0 0.00504617020487785 0.399906992912292
-7 0 0 0.00507124001160264 0.401345998048782
-8 0 0 0.00510931015014648 0.403508991003036
-9 0 0 0.00516744004562497 0.406765013933182
-10 0 0 0.0052568600513041 0.411677986383438
-11 0 0 0.00534887006506324 0.416624009609222
-12 0 0 0.00544334016740322 0.421606987714767
-13 0 0 0.00554018002003431 0.426625996828079
-14 0 0 0.00563926016911864 0.431683987379074
-15 0 0 0.00574048003181815 0.436782002449036
-16 0 0 0.00584373995661736 0.441920012235641
-17 0 0 0.00594891980290413 0.447102010250092
-18 0 0 0.00605591014027596 0.452327013015747
-19 0 0 0.00616460992023349 0.457599014043808
-20 0 0 0.00627491995692253 0.462917000055313
-21 0 0 0.00638672010973096 0.468284010887146
-22 0 0 0.00649990001693368 0.473701000213623
-23 0 0 0.00661436980590224 0.479169994592667
-24 0 0 0.00673000980168581 0.484692990779877
-25 0 0 0.00684671010822058 0.490271002054214
-26 0 0 0.00696435989812016 0.495905995368958
-27 0 0 0.00708285020664334 0.501600027084351
-28 0 0 0.00720207020640373 0.507354974746704
-29 0 0 0.00732190022245049 0.513171970844269
-30 0 0 0.00744222989305854 0.519052982330322
-31 0 0 0.00756294000893831 0.525000989437103
-32 0 0 0.0076839099638164 0.531018018722534
-33 0 0 0.00780502008274198 0.537105023860931
-34 0 0 0.00792613998055458 0.543263971805573
-35 0 0 0.00804714020341635 0.549498975276947
-36 0 0 0.00816790014505386 0.55580997467041
-37 0 0 0.00828826986253262 0.562201023101807
-38 0 0 0.00840813014656305 0.568674027919769
-39 0 0 0.00852731987833977 0.575230002403259
-40 0 0 0.00864570960402489 0.581874012947083
-41 0 0 0.00876314006745815 0.588605999946594
-42 0 0 0.00887946039438248 0.595430016517639
-43 0 0 0.00899451971054077 0.602348983287811
-44 0 0 0.00910814013332129 0.609364986419678
-45 0 0 0.00922015961259604 0.616481006145477
-46 0 0 0.00933041982352734 0.623700976371765
-47 0 0 0.00943871960043907 0.631026029586792
-48 0 0 0.00954489037394524 0.638459980487823
-49 0 0 0.00964874960482121 0.646005988121033
-50 2 4 0.00975008960813284 0.653666973114014
-51 0 0 0.0098487101495266 0.661446988582611
-52 0 0 0.00994442962110043 0.669349014759064
-53 0 0 0.0100370002910495 0.677376985549927
-54 0 0 0.0101263001561165 0.685532987117767
-55 0 0 0.0102120004594326 0.693821012973785
-56 0 0 0.0102939000353217 0.702244997024536
-57 0 0 0.0103717995807528 0.710808992385864
-58 0 0 0.010445499792695 0.719515979290009
-59 0 0 0.0105148004367948 0.728368997573853
-60 0 0 0.0105793001130223 0.737374007701874
-61 0 0 0.0106389001011848 0.74653297662735
-62 0 0 0.0106934001669288 0.755850970745087
-63 0 0 0.010742399841547 0.765330016613007
-64 0 0 0.0107858004048467 0.774976015090942
-65 0 0 0.010823399759829 0.784792006015778
-66 0 0 0.0108548998832703 0.794781982898712
-67 0 0 0.0108800996094942 0.80494898557663
-68 0 0 0.0108987996354699 0.815298020839691
-69 0 0 0.0109107997268438 0.825832009315491
-70 0 0 0.0109158996492624 0.836555004119873
71 3 2 0.010916099883616 0.839075982570648
72 0 0 0.0109125999733806 0.850036025047302
73 0 0 0.0109018003568053 0.861191987991333
74 0 0 0.0108837001025677 0.87254798412323
75 0 0 0.0108580999076366 0.884105980396271
76 0 0 0.0108249997720122 0.895869970321655
77 0 0 0.0107843996956944 0.907841980457306
78 0 0 0.0107362000271678 0.9200239777565
79 0 0 0.0106805004179478 0.932419002056122
80 0 0 0.0106173995882273 0.945028007030487
81 0 0 0.010546900331974 0.957853019237518
82 0 0 0.0104691004380584 0.970896005630493
83 0 0 0.0103844003751874 0.984157025814056
84 0 0 0.0102928997948766 0.997637987136841
85 0 0 0.0101949004456401 1.0113400220871
86 0 0 0.0100907003507018 1.02525997161865
87 0 0 0.00998078007251024 1.0393899679184
88 0 0 0.00986550003290176 1.05375003814697
89 0 0 0.00974536966532469 1.06832003593445
90 0 0 0.00962087977677584 1.08310997486115
91 0 0 0.00949261989444494 1.09810996055603
92 0 0 0.00936117954552174 1.1133199930191
93 0 0 0.00922720972448587 1.1287499666214
94 0 0 0.00909136980772018 1.14437997341156
95 0 0 0.00895437970757484 1.16021001338959
96 0 0 0.00881696026772261 1.17624998092651
97 0 0 0.00867985002696514 1.19247996807098
98 0 0 0.00854382012039423 1.208899974823
99 0 0 0.0084096398204565 1.22552001476288
100 4 4 0.00827808026224375 1.24231994152069
101 0 0 0.00814993027597666 1.25931000709534
102 0 0 0.00802596006542444 1.27646994590759
103 0 0 0.00790691003203392 1.29381000995636
104 0 0 0.00779354991391301 1.31132996082306
105 0 0 0.00768658984452486 1.3289999961853
106 0 0 0.00758675020188093 1.34685003757477
107 0 0 0.00749470014125109 1.36485004425049
108 0 0 0.0074110901914537 1.38301002979279
109 0 0 0.0073365499265492 1.40131998062134
110 0 0 0.00727164978161454 1.41978001594543
111 0 0 0.00721694994717836 1.43838000297546
112 0 0 0.0071729701012373 1.45712995529175
113 0 0 0.00714018987491727 1.47601997852325
114 0 0 0.00711903022602201 1.49504005908966
115 0 0 0.00710992002859712 1.51419997215271
-116 5 2 0.00710956985130906 1.51877999305725
-117 0 0 0.00711586978286505 1.53810000419617
-118 0 0 0.00713496981188655 1.55754005908966
-119 0 0 0.00716716004535556 1.57711005210876
-120 0 0 0.00721269007772207 1.59678995609283
-121 0 0 0.00727176992222667 1.61660003662109
-122 0 0 0.00734457978978753 1.63653004169464
-123 0 0 0.00743127008900046 1.65655994415283
-124 0 0 0.0075319497846067 1.67672002315521
-125 0 0 0.00764671992510557 1.69697999954224
-126 0 0 0.00777562987059355 1.71735000610352
-127 0 0 0.00791872013360262 1.73783004283905
-128 0 0 0.00807600002735853 1.75840997695923
-129 0 0 0.00824746023863554 1.77909004688263
-130 0 0 0.00843307003378868 1.799880027771
-131 0 0 0.00863275956362486 1.8207700252533
-132 0 0 0.00884648039937019 1.84176003932953
-133 0 0 0.00907411985099316 1.86284005641937
-134 0 0 0.00931559037417173 1.88401997089386
-135 0 0 0.00957075972110033 1.90529000759125
-136 0 0 0.00983950030058622 1.92665994167328
-137 0 0 0.0101217003539205 1.94810998439789
-138 0 0 0.0104171000421047 1.96966004371643
-139 0 0 0.0107257002964616 1.99129998683929
-140 0 0 0.0110470997169614 2.01302003860474
-141 0 0 0.0113813998177648 2.03483009338379
-142 0 0 0.0117282001301646 2.05672001838684
-143 0 0 0.0120873004198074 2.07870006561279
-144 0 0 0.0124586997553706 2.10075998306274
-145 0 0 0.0128420004621148 2.12290000915527
-146 0 0 0.0132370004430413 2.1451199054718
-147 0 0 0.0136436000466347 2.16741991043091
-148 0 0 0.0140615003183484 2.18979001045227
-149 0 0 0.0144905997440219 2.21224999427795
-150 6 4 0.0149304997175932 2.23477005958557
-151 0 0 0.0153812002390623 2.25736999511719
-152 0 0 0.0158422999083996 2.28004002571106
-153 0 0 0.016313599422574 2.30277991294861
-154 0 0 0.0167950000613928 2.32559990882874
-155 0 0 0.0172862000763416 2.3484799861908
-156 0 0 0.0177870001643896 2.37141990661621
-157 0 0 0.0182971991598606 2.3944399356842
-158 0 0 0.0188165996223688 2.41751003265381
-159 0 0 0.0193448998034 2.44065999984741
-160 0 0 0.0198819003999233 2.46386003494263
-161 0 0 0.0204275995492935 2.4871199131012
-162 0 0 0.0209814999252558 2.51044988632202
-163 0 0 0.0215435996651649 2.53382992744446
-164 0 0 0.0221136994659901 2.55727005004883
-165 0 0 0.0226914994418621 2.58077001571655
-166 0 0 0.0232768002897501 2.60432004928589
-167 0 0 0.0238694995641708 2.62791991233826
-168 0 0 0.0244693998247385 2.65158009529114
-169 0 0 0.025076299905777 2.67529010772705
-170 0 0 0.0256900005042553 2.699049949646
-171 0 0 0.0263103991746902 2.72286009788513
-172 0 0 0.0269371997565031 2.74671006202698
-173 0 0 0.0275702998042107 2.77061009407043
-174 0 0 0.028209500014782 2.79455995559692
-175 0 0 0.0288546998053789 2.81855988502502
-176 0 0 0.0295056998729706 2.84259009361267
-177 0 0 0.030162300914526 2.86666989326477
-178 0 0 0.0308244992047548 2.89079999923706
-179 0 0 0.0314919017255306 2.91495990753174
-180 0 0 0.0321645997464657 2.93916010856628
-181 0 0 0.0328424014151096 2.96339988708496
-182 0 0 0.033525001257658 2.98767995834351
-183 0 0 0.0342124998569489 3.01199007034302
-184 0 0 0.0349045991897583 3.03633999824524
-185 0 0 0.0356011986732483 3.06072998046875
-186 0 0 0.0363022014498711 3.08515000343323
-187 0 0 0.037007499486208 3.10960006713867
-188 0 0 0.0377168990671635 3.1340799331665
-189 0 0 0.0384304001927376 3.1586000919342
-190 0 0 0.0391478016972542 3.18314003944397
-191 0 0 0.0398689992725849 3.20772004127502
-192 0 0 0.0405938997864723 3.23232007026672
-193 0 0 0.041322398930788 3.25694990158081
-194 0 0 0.0420543998479843 3.28161001205444
-195 0 0 0.0427897982299328 3.30629992485046
-196 0 0 0.043528500944376 3.33101010322571
-197 0 0 0.0442702993750572 3.35575008392334
-198 0 0 0.0450153984129429 3.38051009178162
-199 0 0 0.0457633994519711 3.40528988838196
-200 7 4 0.0465142987668514 3.43009996414185
-201 0 0 0.0472682006657124 3.45493006706238
-202 0 0 0.0480247996747494 3.47977995872498
-203 0 0 0.0487839989364147 3.5046501159668
-204 0 0 0.0495458990335464 3.52954006195068
-205 8 9 0.0503103993833065 3.55446004867554
