-283 15 9 -0.0505554005503654 -0.425164014101028
-282 0 0 -0.0499734990298748 -0.420161008834839
-281 0 0 -0.0493942014873028 -0.415192991495132
-280 0 0 -0.0488172993063927 -0.410257995128632
-279 0 0 -0.0482424013316631 -0.405355989933014
-278 0 0 -0.0476692989468575 -0.400485008955002
-277 0 0 -0.0470977015793324 -0.395642995834351
-276 0 0 -0.046527199447155 -0.390830010175705
-275 0 0 -0.0459576994180679 -0.386045008897781
-274 0 0 -0.045388899743557 -0.38128599524498
-273 0 0 -0.0448204018175602 -0.376551985740662
-272 0 0 -0.0442520007491112 -0.371841996908188
-271 0 0 -0.0436833016574383 -0.367154985666275
-270 0 0 -0.0431142002344131 -0.362489014863968
-269 0 0 -0.0425442010164261 -0.357843995094299
-268 0 0 -0.0419731996953487 -0.353217989206314
-267 0 0 -0.0414008013904095 -0.348610013723373
-266 0 0 -0.0408267006278038 -0.344018995761871
-265 0 0 -0.0402506999671459 -0.339442998170853
-264 0 0 -0.0396725013852119 -0.334883004426956
-263 0 0 -0.0390916988253593 -0.33033499121666
-262 0 0 -0.0385080985724926 -0.325800001621246
-261 0 0 -0.0379213988780975 -0.321274995803833
-260 0 0 -0.0373313017189503 -0.316760003566742
-259 0 0 -0.0367375016212463 -0.312252998352051
-258 0 0 -0.0361398011445999 -0.307752996683121
-257 0 0 -0.0355378016829491 -0.303258985280991
-256 0 0 -0.0349313989281654 -0.298768997192383
-255 0 0 -0.0343201011419296 -0.294281005859375
-254 0 0 -0.033703900873661 -0.289795994758606
-253 0 0 -0.0330823995172977 -0.285310000181198
-252 0 0 -0.0324553996324539 -0.280822992324829
-251 0 0 -0.0318227000534534 -0.276333004236221
-250 14 4 -0.0311840008944273 -0.271836996078491
-249 0 0 -0.0305393002927303 -0.267336010932922
-248 0 0 -0.0298883002251387 -0.26282599568367
-247 0 0 -0.0292309001088142 -0.258307009935379
-246 0 0 -0.0287890005856752 -0.255286991596222
-245 0 0 -0.0283442009240389 -0.252261996269226
-244 0 0 -0.02789649926126 -0.249229997396469
-243 0 0 -0.0274458006024361 -0.246189996600151
-242 0 0 -0.0269920993596315 -0.243144005537033
-241 0 0 -0.0265356004238129 -0.240088000893593
-240 0 0 -0.0260760001838207 -0.237023994326591
-239 0 0 -0.0256136003881693 -0.23395000398159
-238 0 0 -0.0251481998711824 -0.230865001678467
-237 0 0 -0.0246799997985363 -0.227768003940582
-236 0 0 -0.0242090001702309 -0.224659994244576
-235 0 0 -0.0238934997469187 -0.222580000758171
-234 0 0 -0.0235767997801304 -0.220495000481606
-233 0 0 -0.023258900269866 -0.218402996659279
-232 0 0 -0.0229398999363184 -0.216305002570152
-231 0 0 -0.0226198006421328 -0.214199006557465
-230 0 0 -0.0222986005246639 -0.212087005376816
-229 0 0 -0.0219762995839119 -0.209967002272606
-228 0 0 -0.0216531008481979 -0.207838997244835
-227 0 0 -0.0213287994265556 -0.205703005194664
-226 0 0 -0.0210037007927895 -0.203558996319771
-225 0 0 -0.020677600055933 -0.201406002044678
-224 0 0 -0.0203508008271456 -0.199243992567062
-223 0 0 -0.0200231000781059 -0.197072997689247
-222 0 0 -0.0196947995573282 -0.194892004132271
-221 0 0 -0.0193656999617815 -0.192699998617172
-220 0 0 -0.0190360993146896 -0.190497994422913
-219 0 0 -0.0187059007585049 -0.188286006450653
-218 0 0 -0.0183751992881298 -0.18606099486351
-217 0 0 -0.0180441997945309 -0.183825999498367
-216 0 0 -0.0177127998322248 -0.181576997041702
-215 0 0 -0.0173812005668879 -0.179316997528076
-214 0 0 -0.0170494001358747 -0.177043005824089
-213 0 0 -0.0167174991220236 -0.17475600540638
-212 0 0 -0.0163857005536556 -0.172454997897148
-211 0 0 -0.0160539001226425 -0.170139998197556
-210 0 0 -0.0157223995774984 -0.167808994650841
-209 0 0 -0.015391199849546 -0.165463998913765
-208 0 0 -0.0150603000074625 -0.163102999329567
-207 0 0 -0.0147299999371171 -0.160724997520447
-206 0 0 -0.0144004002213478 -0.158332005143166
-205 0 0 -0.0140714999288321 -0.155920997262001
-204 0 0 -0.0137433996424079 -0.153493002057076
-203 0 0 -0.0134164998307824 -0.151047006249428
-202 0 0 -0.0130906999111176 -0.148583993315697
-201 0 0 -0.0127662001177669 -0.146102994680405
-200 13 4 -0.0124431997537613 -0.14360399544239
-199 0 0 -0.012121899984777 -0.141086995601654
-198 0 0 -0.0118024004623294 -0.138551995158195
-197 0 0 -0.011485000140965 -0.136000007390976
-196 0 0 -0.0111699001863599 -0.133431002497673
-195 0 0 -0.010857299901545 -0.130845993757248
-194 0 0 -0.0105474004521966 -0.128246992826462
-193 0 0 -0.010240700095892 -0.125634998083115
-192 0 0 -0.0099372798576951 -0.123011000454426
-191 0 0 -0.00963761005550623 -0.120379000902176
-190 0 0 -0.00934202037751675 -0.117741003632545
-189 0 0 -0.00905090011656284 -0.115099996328354
-188 0 0 -0.00876465998589993 -0.112461000680923
-187 0 0 -0.00848373956978321 -0.109828002750874
-186 0 0 -0.00820858031511307 -0.107205003499985
-185 0 0 -0.00793963018804789 -0.104599997401237
-184 0 0 -0.00767731992527843 -0.102017000317574
-183 0 0 -0.00742207001894712 -0.0994616970419884
-182 0 0 -0.00717425998300314 -0.0969408974051476
-181 0 0 -0.00693419016897678 -0.0944601967930794
-180 0 0 -0.00670213019475341 -0.0920248031616211
-179 0 0 -0.00647825980558991 -0.089639700949192
-178 0 0 -0.00626266980543733 -0.0873088985681534
-177 0 0 -0.006055380217731 -0.0850358009338379
-176 0 0 -0.00585633004084229 -0.0828228965401649
-175 0 0 -0.00566540006548166 -0.0806718021631241
-174 0 0 -0.00548237981274724 -0.0785833969712257
-173 0 0 -0.0053070499561727 -0.0765578001737595
-172 0 0 -0.00513911014422774 -0.0745944976806641
-171 0 0 -0.00497826002538204 -0.0726924017071724
-170 0 0 -0.00482418015599251 -0.0708502009510994
-169 0 0 -0.0046765198931098 -0.0690658017992973
-168 0 0 -0.00453493976965547 -0.0673374012112617
-167 0 0 -0.00439911987632513 -0.0656626001000404
-166 0 0 -0.00426873005926609 -0.0640391036868095
-165 0 0 -0.00414344994351268 -0.062464501708746
-164 0 0 -0.00402296986430883 -0.0609364993870258
-163 0 0 -0.00390700995922089 -0.0594526007771492
-162 0 0 -0.00379529991187155 -0.0580104999244213
-161 0 0 -0.00368757010437548 -0.0566079989075661
-160 0 0 -0.00358359003439546 -0.0552426986396313
-159 0 0 -0.00348312989808619 -0.0539125986397266
-158 0 0 -0.0033859598916024 -0.0526156984269619
-157 0 0 -0.00329191004857421 -0.0513500012457371
-156 0 0 -0.00320076011121273 -0.0501135997474194
-155 0 0 -0.0031123599037528 -0.0489046983420849
-154 0 0 -0.00302653992548585 -0.0477215982973576
-153 0 0 -0.00294312997721136 -0.0465626008808613
-152 0 0 -0.0028620099183172 -0.0454263016581535
-151 0 0 -0.00278302002698183 -0.0443109981715679
-150 12 4 -0.00270604994148016 -0.0432154014706612
-149 0 0 -0.00263096997514367 -0.0421379990875721
-148 0 0 -0.00255766999907792 -0.0410774983465672
-147 0 0 -0.00248604989610612 -0.0400325991213322
-146 0 0 -0.00241597997955978 -0.039002001285553
-145 0 0 -0.0023473899345845 -0.0379844009876251
-144 0 0 -0.00228017009794712 -0.0369785986840725
-143 0 0 -0.00221422989852726 -0.0359834991395473
-142 0 0 -0.00214948994107544 -0.0349977016448975
-141 0 0 -0.00208585988730192 -0.0340200997889042
-140 0 0 -0.00202326010912657 -0.033049501478672
-139 0 0 -0.00196159002371132 -0.0320846997201443
-138 0 0 -0.00190079002641141 -0.0311242006719112
-137 0 0 -0.00184077001176775 -0.0301668997853994
-136 0 0 -0.00178143999073654 -0.0292114000767469
-135 0 0 -0.00172272999770939 -0.0282562002539635
-134 0 0 -0.00166453002020717 -0.0272997003048658
-133 0 0 -0.00160675996448845 -0.0263401996344328
-132 0 0 -0.00154932995792478 -0.0253759995102882
-131 0 0 -0.00149211997631937 -0.0244049001485109
-130 0 0 -0.00143500999547541 -0.0234248004853725
-129 0 0 -0.00137789000291377 -0.0224328991025686
-128 0 0 -0.00132059003226459 -0.0214262995868921
-127 0 0 -0.00126296002417803 -0.0204013008624315
-126 0 0 -0.00120477995369583 -0.0193537995219231
-125 0 0 -0.00116558000445366 -0.0186404008418322
-124 0 0 -0.00112594000529498 -0.0179127994924784
-123 0 0 -0.00108576996717602 -0.0171687994152308
-122 0 0 -0.00104493997059762 -0.016405800357461
-121 0 0 -0.00100330996792763 -0.015620700083673
-120 0 0 -0.000975029019173235 -0.0150830000638962
-119 0 0 -0.000946248008403927 -0.0145324002951384
-118 0 0 -0.000916894001420587 -0.0139672998338938
-117 0 0 -0.00088687997777015 -0.0133854998275638
-116 0 0 -0.000856095983181149 -0.0127849001437426
-115 0 0 -0.000835083017591387 -0.01237259991467
-114 0 0 -0.000813624006696045 -0.0119495997205377
-113 0 0 -0.000791663012932986 -0.011514799669385
-112 0 0 -0.00076913699740544 -0.0110665997490287
-111 0 0 -0.000745968020055443 -0.0106034995988011
-110 0 0 -0.000730119994841516 -0.0102853998541832
-109 0 0 -0.000713911023922265 -0.00995900016278028
-108 0 0 -0.00069730298127979 -0.00962352007627487
-107 0 0 -0.000680253026075661 -0.00927795004099607
-106 0 0 -0.000662707025185227 -0.00892112962901592
-105 0 0 -0.000644601008389145 -0.00855171028524637
-104 0 0 -0.000632183975540102 -0.00829759985208511
-103 0 0 -0.000619456986896694 -0.00803657993674278
-102 0 0 -0.00060639000730589 -0.0077679599635303
-101 0 0 -0.00059294601669535 -0.00749095994979143
-100 11 4 -0.00057908397866413 -0.00720464996993542
-99 0 0 -0.000564751971978694 -0.00690791988745332
-98 0 0 -0.000554905971512198 -0.00670367013663054
-97 0 0 -0.000544801994692534 -0.00649373000487685
-96 0 0 -0.00053441699128598 -0.00627757981419563
-95 0 0 -0.000523719994816929 -0.0060545802116394
-94 0 0 -0.00051267899107188 -0.00582400988787413
-93 0 0 -0.000501252012327313 -0.00558499014005065
-92 0 0 -0.000493396015372127 -0.00542045012116432
-91 0 0 -0.000485332013340667 -0.005251320078969
-90 0 0 -0.000477038993267342 -0.00507720978930593
-89 0 0 -0.00046849501086399 -0.0048976200632751
-88 0 0 -0.000459673989098519 -0.00471198977902532
-87 0 0 -0.000450546009233221 -0.00451964978128672
-86 0 0 -0.000444270990556106 -0.00438732979819179
-85 0 0 -0.000437832000898197 -0.00425140000879765
-84 0 0 -0.000431213004048914 -0.00411156984046102
-83 0 0 -0.000424397992901504 -0.00396747980266809
-82 0 0 -0.000417367002228275 -0.00381872011348605
-81 0 0 -0.000410100008593872 -0.00366479996591806
-80 0 0 -0.000402569014113396 -0.00350517989136279
-79 0 0 -0.000394744012737647 -0.00333918002434075
-78 0 0 -0.000386586994864047 -0.00316599989309907
-77 0 0 -0.000378055003238842 -0.00298468000255525
-76 0 0 -0.000369092012988403 -0.00279402011074126
-75 0 0 -0.000359627010766417 -0.0025925301015377
-74 0 0 -0.000349575013387948 -0.00237831007689238
-73 0 0 -0.000338820012984797 -0.00214889994822443
-72 0 0 -0.000327212997945026 -0.00190109002869576
-71 0 0 -0.000314555014483631 -0.00163057004101574
-70 0 0 -0.000300585001241416 -0.00133167998865247
-69 0 0 -0.00028497600578703 -0.000997393974103034
-68 0 0 -0.000267425988567993 -0.000621146988123655
-67 0 0 -0.000248010997893289 -0.000204455005587079
-66 0 0 -0.000208095007110387 0.00065341399749741
-65 0 0 -4.48561004304793E-05 0.00416695978492498
-64 0 0 4.26449005317409E-05 0.00604445999488235
-63 0 0 0.000169576000189409 0.00874727033078671
-62 0 0 0.000513562001287937 0.015870800241828
-61 0 0 0.00078768702223897 0.0212957002222538
-60 0 0 0.00104564998764545 0.0262116994708776
-59 0 0 0.00130410003475845 0.0309912990778685
-58 0 0 0.00157223001588136 0.0358414985239506
-57 0 0 0.00185704999603331 0.0409220010042191
-56 0 0 0.00216502998955548 0.0463887006044388
-55 0 0 0.00250283000059426 0.0524177998304367
-54 0 0 0.0028772100340575 0.0592246986925602
-53 0 0 0.00329368002712727 0.0670745000243187
-52 0 0 0.00375232007354498 0.0762616023421288
-51 0 0 0.00423825019970536 0.0869975015521049
-50 10 4 0.00471111014485359 0.0991732999682426
-49 0 0 0.00511298002675176 0.112233996391296
-48 0 0 0.00540055008605123 0.125486999750137
-47 0 0 0.00556305004283786 0.138484001159668
46 9 2 0.0056126699782908 0.151053994894028
45 0 0 0.00561235984787345 0.152081996202469
44 0 0 0.005563760176301 0.164170995354652
43 0 0 0.00544804986566305 0.175856992602348
42 0 0 0.00528598017990589 0.187196001410484
41 0 0 0.00509548000991344 0.198244005441666
40 0 0 0.00489143002778292 0.209049001336098
39 0 0 0.0046858498826623 0.219655007123947
38 0 0 0.00448809983208776 0.230098992586136
37 0 0 0.00430525979027152 0.240412995219231
36 0 0 0.00414247997105122 0.250627011060715
35 0 0 0.00400329986587167 0.260764986276627
34 0 0 0.00388999003916979 0.270850986242294
33 0 0 0.00380378006957471 0.28090500831604
32 0 0 0.00374512001872063 0.290946006774902
31 0 0 0.00371386995539069 0.300992012023926
30 8 2 0.00370798003859818 0.307698994874954
-29 0 0 0.0037088799290359 0.310335010290146
-28 0 0 0.00371917011216283 0.317063003778458
-27 0 0 0.0037406999617815 0.323812007904053
-26 0 0 0.00377310998737812 0.33058500289917
-25 0 0 0.00381603999994695 0.33738699555397
-24 0 0 0.00385031010955572 0.341939985752106
-23 0 0 0.00388894998468459 0.346509009599686
-22 0 0 0.00393185019493103 0.351094990968704
-21 0 0 0.003978889901191 0.355699002742767
-20 0 0 0.00402993010357022 0.360323011875153
-19 0 0 0.00408487021923065 0.364968001842499
-18 0 0 0.0041435700841248 0.369634985923767
-17 0 0 0.00420591980218887 0.374325007200241
-16 0 0 0.00427178991958499 0.379040002822876
-15 0 0 0.00434107007458806 0.383780002593994
-14 0 0 0.00441362988203764 0.388547986745834
-13 0 0 0.00448935013264418 0.39334300160408
-12 0 0 0.00456811999902129 0.398167997598648
-11 0 0 0.00464981980621815 0.403023988008499
-10 0 0 0.00473432987928391 0.407911986112595
-9 0 0 0.00482155010104179 0.412833005189896
-8 0 0 0.00488113984465599 0.416132986545563
-7 0 0 0.00492150010541081 0.418341994285583
-6 0 0 0.00494867004454136 0.419818013906479
-5 0 0 0.00496690021827817 0.420805007219315
-4 0 0 0.00497910985723138 0.421463012695313
-3 0 0 0.00498727010563016 0.421902000904083
-2 0 0 0.00499272020533681 0.422194987535477
1 0 0 0.00499999988824129 0.422585994005203
1 0 0 0.00499999988824129 0.422585994005203
-2 0 0 0.00500730006024241 0.42297700047493
-3 0 0 0.00501277996227145 0.423269987106323
-4 0 0 0.00502101983875036 0.423709988594055
-5 0 0 0.00503339990973473 0.424371004104614
-6 0 0 0.00505205988883972 0.42536398768425
-7 0 0 0.00508021982386708 0.426856011152267
-8 0 0 0.00512283015996218 0.429100006818771
-9 0 0 0.005187570117414 0.432480990886688
-10 0 0 0.00528647005558014 0.437586009502411
-11 0 0 0.00538741005584598 0.442732006311417
-12 0 0 0.00549029977992177 0.447921007871628
-13 0 0 0.00559502001851797 0.453155010938644
-14 0 0 0.0057014599442482 0.458433985710144
-15 0 0 0.00580951990559697 0.463761001825333
-16 0 0 0.00591909978538752 0.469137012958527
-17 0 0 0.00603007990866899 0.474563002586365
-18 0 0 0.00614234991371632 0.480040997266769
-19 0 0 0.00625581992790103 0.485574007034302
-20 0 0 0.00637036003172398 0.491162002086639
-21 0 0 0.00648587988689542 0.496807008981705
-22 0 0 0.00660225003957748 0.502511024475098
-23 0 0 0.00671936990693212 0.508275985717773
-24 0 0 0.00683711003512144 0.514104008674622
-25 0 0 0.00695538008585572 0.519997000694275
-26 0 0 0.00707403989508748 0.525956988334656
-27 0 0 0.0071929800324142 0.531984984874725
-28 0 0 0.00731207011267543 0.538083970546722
-29 0 0 0.00743118999525905 0.544256985187531
-30 0 0 0.00755022000521421 0.55050402879715
-31 0 0 0.00766901997849345 0.55682897567749
-32 0 0 0.00778745021671057 0.563233017921448
-33 0 0 0.00790537986904383 0.569719970226288
-34 0 0 0.00802267994731665 0.576291024684906
-35 0 0 0.00813918001949787 0.582949995994568
-36 0 0 0.00825474970042706 0.589698016643524
-37 0 0 0.00836922973394394 0.596538007259369
-38 0 0 0.00848245993256569 0.603473007678986
-39 0 0 0.00859426986426115 0.610505998134613
-40 0 0 0.00870450958609581 0.617639005184174
-41 0 0 0.00881300028413534 0.624876022338867
-42 0 0 0.00891956966370344 0.632219016551971
-43 0 0 0.00902402028441429 0.639671981334686
-44 0 0 0.00912616960704327 0.647237002849579
-45 0 0 0.00922583043575287 0.654919028282166
-46 0 0 0.00932280998677015 0.662719011306763
-47 0 0 0.00941689964383841 0.670642018318176
-48 0 0 0.00950787961483002 0.678690016269684
-49 0 0 0.00959555990993977 0.686868011951447
-50 2 4 0.00967970956116915 0.695178985595703
-51 0 0 0.00976011995226145 0.703625977039337
-52 0 0 0.00983654987066984 0.712212979793549
-53 0 0 0.00990878045558929 0.720943987369537
-54 0 0 0.00997659005224705 0.729822993278503
-55 0 0 0.0100397001951933 0.738852977752686
-56 0 0 0.0100980000570416 0.748037993907928
-57 0 0 0.0101511003449559 0.757381975650787
-58 0 0 0.0101988995447755 0.766888976097107
-59 0 0 0.0102410996332765 0.776561975479126
-60 0 0 0.0102775003761053 0.786405980587006
-61 0 0 0.0103078000247478 0.796424984931946
-62 0 0 0.0103320004418492 0.80662202835083
-63 0 0 0.0103497002273798 0.816999971866608
-64 0 0 0.0103607000783086 0.827564001083374
-65 0 0 0.0103649999946356 0.83831799030304
66 3 2 0.0103649999946356 0.839563012123108
67 0 0 0.0103615000844002 0.850530982017517
68 0 0 0.0103508997708559 0.861696004867554
69 0 0 0.0103329997509718 0.873059988021851
70 0 0 0.0103078000247478 0.884626984596252
71 0 0 0.010275200009346 0.896399021148682
72 0 0 0.0102351000532508 0.908379018306732
73 0 0 0.0101877003908157 0.920569002628326
74 0 0 0.0101327998563647 0.932972013950348
75 0 0 0.0100705996155739 0.945589005947113
76 0 0 0.0100010996684432 0.958423018455505
77 0 0 0.00992459990084171 0.971472978591919
78 0 0 0.00984121020883322 0.984741985797882
79 0 0 0.00975118018686771 0.998229026794434
80 0 0 0.00965480972081423 1.01194000244141
81 0 0 0.00955243967473507 1.02585995197296
82 0 0 0.00944445002824068 1.03999996185303
83 0 0 0.00933127012103796 1.05437004566193
84 0 0 0.00921338982880116 1.0689400434494
85 0 0 0.00909131020307541 1.08373999595642
86 0 0 0.00896561983972788 1.09873998165131
87 0 0 0.00883692037314177 1.1139600276947
88 0 0 0.00870584044605494 1.129390001297
89 0 0 0.00857307016849518 1.14502000808716
90 0 0 0.00843929033726454 1.16085994243622
91 0 0 0.00830524973571301 1.17690002918243
92 0 0 0.00817168038338423 1.1931300163269
93 0 0 0.00803934969007969 1.20956003665924
94 0 0 0.00790902972221375 1.22617995738983
95 0 0 0.00778149021789432 1.24298000335693
96 0 0 0.00765749020501971 1.25996994972229
97 0 0 0.0075378199107945 1.27713000774384
98 0 0 0.00742322020232677 1.29446995258331
99 0 0 0.00731443986296654 1.31198000907898
100 4 4 0.0072121899574995 1.32966005802155
101 0 0 0.00711718993261456 1.3474999666214
102 0 0 0.00703010009601712 1.36549997329712
103 0 0 0.00695157982409 1.38364994525909
104 0 0 0.0068822200410068 1.40196001529694
105 0 0 0.00682262983173132 1.42042005062103
106 0 0 0.00677332980558276 1.43902003765106
107 0 0 0.00673484988510609 1.45775997638702
108 0 0 0.00670765992254019 1.47663998603821
109 0 0 0.00669217994436622 1.49565994739532
-110 5 2 0.00668851006776094 1.51045000553131
-111 0 0 0.00669476995244622 1.52970004081726
-112 0 0 0.00671376008540392 1.5490700006485
-113 0 0 0.00674577988684177 1.56858003139496
-114 0 0 0.00679109012708068 1.58819997310638
-115 0 0 0.00684991013258696 1.60794997215271
-116 0 0 0.00692244013771415 1.62781000137329
-117 0 0 0.00700883008539677 1.64778995513916
-118 0 0 0.00710920989513397 1.66788005828857
-119 0 0 0.00722368992865086 1.68807995319366
-120 0 0 0.00735232001170516 1.70840001106262
-121 0 0 0.00749514997005463 1.72881996631622
-122 0 0 0.00765221007168293 1.74934005737305
-123 0 0 0.00782348029315472 1.76997005939484
-124 0 0 0.00800895038992167 1.79069995880127
-125 0 0 0.00820854958146811 1.81154000759125
-126 0 0 0.00842223968356848 1.83247005939484
-127 0 0 0.0086499098688364 1.85350000858307
-128 0 0 0.00889148004353046 1.87462997436523
-129 0 0 0.00914681982249022 1.89584994316101
-130 0 0 0.00941580999642611 1.91716003417969
-131 0 0 0.00969829969108105 1.93857002258301
-132 0 0 0.00999415013939142 1.96006000041962
-133 0 0 0.0103032002225518 1.98164999485016
-134 0 0 0.0106252999976277 2.00331997871399
-135 0 0 0.0109601998701692 2.02507996559143
-136 0 0 0.0113076996058226 2.04693007469177
-137 0 0 0.0116676995530725 2.06885004043579
-138 0 0 0.0120400004088879 2.09086990356445
-139 0 0 0.0124243004247546 2.11296010017395
-140 0 0 0.0128204999491572 2.13512992858887
-141 0 0 0.0132283996790648 2.15739011764526
-142 0 0 0.0136476000770926 2.17971992492676
-143 0 0 0.0140781002119184 2.20212006568909
-144 0 0 0.0145194996148348 2.22461009025574
-145 0 0 0.0149718001484871 2.24715995788574
-146 0 0 0.0154346004128456 2.26978993415833
-147 0 0 0.0159076992422342 2.29249000549316
-148 0 0 0.0163909997791052 2.31525993347168
-149 0 0 0.0168840996921062 2.33809995651245
-150 6 4 0.0173870008438826 2.36101007461548
-151 0 0 0.0178993009030819 2.38398003578186
-152 0 0 0.0184208992868662 2.4070200920105
-153 0 0 0.0189514998346567 2.43011999130249
-154 0 0 0.0194908995181322 2.45327997207642
-155 0 0 0.0200389996170998 2.4765100479126
-156 0 0 0.0205955002456903 2.49979996681213
-157 0 0 0.0211603008210659 2.5231499671936
-158 0 0 0.0217330008745193 2.54655003547668
-159 0 0 0.0223134998232126 2.57000994682312
-160 0 0 0.022901700809598 2.59352993965149
-161 0 0 0.0234973002225161 2.61710000038147
-162 0 0 0.024100199341774 2.64071989059448
-163 0 0 0.0247101001441479 2.66440010070801
-164 0 0 0.0253269001841545 2.68812990188599
-165 0 0 0.0259504001587629 2.71189999580383
-166 0 0 0.0265804007649422 2.73572993278503
-167 0 0 0.027216799557209 2.75959992408752
-168 0 0 0.0278593003749847 2.78351998329163
-169 0 0 0.028507899492979 2.80749011039734
-170 0 0 0.0291623007506132 2.83149003982544
-171 0 0 0.0298223998397589 2.85555005073547
-172 0 0 0.0304880999028683 2.87964010238647
-173 0 0 0.0311590991914272 2.90377998352051
-174 0 0 0.0318353995680809 2.92794990539551
-175 0 0 0.0325167998671532 2.95216989517212
-176 0 0 0.0332030989229679 2.9764199256897
-177 0 0 0.0338943004608154 3.00071001052856
-178 0 0 0.0345901995897293 3.02503991127014
-179 0 0 0.0352905988693237 3.04940009117126
-180 0 0 0.0359954014420509 3.07379007339478
-181 0 0 0.0367044992744923 3.09822010993958
-182 0 0 0.0374177992343903 3.12267994880676
-183 0 0 0.0381352007389069 3.14718008041382
-184 0 0 0.0388564988970757 3.17170000076294
-185 0 0 0.0395817011594772 3.19624996185303
-186 0 0 0.0403105989098549 3.2208399772644
-187 0 0 0.0410430990159512 3.24545001983643
-188 0 0 0.041779100894928 3.27009010314941
-189 0 0 0.042518500238657 3.29475998878479
-190 0 0 0.0432613007724285 3.31944990158081
-191 0 0 0.0440072007477283 3.34417009353638
-192 0 0 0.0447563007473946 3.36891007423401
-193 0 0 0.045508399605751 3.39368009567261
-194 0 0 0.0462635010480881 3.41846990585327
-195 0 0 0.0470214001834393 3.44327998161316
-196 0 0 0.0477822013199329 3.46812009811401
-197 0 0 0.0485455989837646 3.49296998977661
-198 0 0 0.049311600625515 3.51784992218018
-199 7 9 0.0500801987946033 3.54274988174438
