-347 19 9 -0.0506309010088444 -0.386914998292923
-346 0 0 -0.0498693995177746 -0.381343990564346
-345 0 0 -0.0491094999015331 -0.375804990530014
-344 0 0 -0.0483507998287678 -0.370297014713287
-343 0 0 -0.0475928001105785 -0.364818006753922
-342 0 0 -0.0468349009752274 -0.359365999698639
-341 0 0 -0.046076700091362 -0.353940010070801
-340 0 0 -0.0453177988529205 -0.348536998033524
-339 0 0 -0.0445575006306171 -0.343156009912491
-338 0 0 -0.0437954999506474 -0.337794989347458
-337 0 0 -0.0430311001837254 -0.332453012466431
-336 0 0 -0.042263999581337 -0.327125996351242
-335 0 0 -0.0414936989545822 -0.321814000606537
-334 0 0 -0.0407195016741753 -0.316513985395432
-333 0 0 -0.0399410985410213 -0.31122499704361
-332 0 0 -0.0391580015420914 -0.305943995714188
-331 0 0 -0.0383695997297764 -0.300668001174927
-330 0 0 -0.0375755988061428 -0.295397013425827
-329 0 0 -0.0367754995822906 -0.290127992630005
-328 0 0 -0.0359687991440296 -0.284857988357544
-327 0 0 -0.0351551994681358 -0.279585003852844
-326 0 0 -0.0346086993813515 -0.27606600522995
-325 0 0 -0.0340588986873627 -0.272545009851456
-324 0 0 -0.0335054993629456 -0.2690190076828
-323 0 0 -0.0329486988484859 -0.265489012002945
-322 0 0 -0.03238819912076 -0.261952996253967
-321 0 0 -0.0318238995969296 -0.258410006761551
-320 0 0 -0.0312559008598328 -0.254860013723373
-319 0 0 -0.0306841004639864 -0.251300990581512
-318 0 0 -0.0301083996891975 -0.247732996940613
-317 0 0 -0.0295288003981113 -0.244155004620552
-316 0 0 -0.0289453007280827 -0.240565001964569
-315 0 0 -0.0283579006791115 -0.236963003873825
-314 0 0 -0.0279642008244991 -0.234552994370461
-313 0 0 -0.0275688003748655 -0.232137992978096
-312 0 0 -0.0271716006100178 -0.229715004563332
-311 0 0 -0.0267728008329868 -0.227284997701645
-310 0 0 -0.0263723004609346 -0.224848002195358
-309 0 0 -0.0259702000766993 -0.222403004765511
-308 0 0 -0.0255664996802807 -0.219949007034302
-307 0 0 -0.025161299854517 -0.217485994100571
-306 0 0 -0.0247545000165701 -0.21501399576664
-305 0 0 -0.0243462007492781 -0.212532997131348
-304 0 0 -0.0239365994930267 -0.210041001439095
-303 0 0 -0.0235255993902683 -0.207537993788719
-302 0 0 -0.0231132004410028 -0.205025002360344
-301 0 0 -0.0226997006684542 -0.202499002218246
-300 18 4 -0.0222849994897842 -0.199961006641388
-299 0 0 -0.0218691993504763 -0.197411000728607
-298 0 0 -0.0214523002505302 -0.194847002625465
-297 0 0 -0.0210346002131701 -0.192268997430801
-296 0 0 -0.0206160992383957 -0.189676001667976
-295 0 0 -0.0201968997716904 -0.187068000435829
-294 0 0 -0.0197769999504089 -0.18444499373436
-293 0 0 -0.0193566996604204 -0.181804001331329
-292 0 0 -0.01893600076437 -0.179147005081177
-291 0 0 -0.0185151007026434 -0.176470994949341
-290 0 0 -0.0180941000580788 -0.173776999115944
-289 0 0 -0.0176730994135141 -0.171064004302025
-288 0 0 -0.0172522999346256 -0.168329998850822
-287 0 0 -0.0168319009244442 -0.165575996041298
-286 0 0 -0.0164119992405176 -0.162799999117851
-285 0 0 -0.0159927997738123 -0.160001993179321
-284 0 0 -0.0155744999647141 -0.157180994749069
-283 0 0 -0.0151573000475764 -0.154337003827095
-282 0 0 -0.014741400256753 -0.151469007134438
-281 0 0 -0.0143269998952746 -0.148577004671097
-280 0 0 -0.0139145003631711 -0.145659998059273
-279 0 0 -0.0135038997977972 -0.142719000577927
-278 0 0 -0.0130957001820207 -0.139752998948097
-277 0 0 -0.0126901995390654 -0.136763006448746
-276 0 0 -0.0122876996174455 -0.133750006556511
-275 0 0 -0.0118885999545455 -0.130714997649193
-274 0 0 -0.0114933997392654 -0.127661004662514
-273 0 0 -0.0111026000231504 -0.124587997794151
-272 0 0 -0.010716600343585 -0.121501997113228
-271 0 0 -0.0103361001238227 -0.118405997753143
-270 0 0 -0.00996179040521383 -0.115304999053478
-269 0 0 -0.00959433987736702 -0.112204998731613
-268 0 0 -0.00923452991992235 -0.109113998711109
-267 0 0 -0.0088831502944231 -0.106039002537727
-266 0 0 -0.00854097958654165 -0.102990999817848
-265 0 0 -0.008208810351789 -0.0999770015478134
-264 0 0 -0.00788734015077353 -0.0970079973340034
-263 0 0 -0.0075771901756525 -0.0940930992364883
-262 0 0 -0.00727884005755186 -0.0912408977746964
-261 0 0 -0.0069926199503243 -0.0884590968489647
-260 0 0 -0.006718710064888 -0.0857539027929306
-259 0 0 -0.00645710993558168 -0.0831300020217896
-258 0 0 -0.0062076598405838 -0.0805907025933266
-257 0 0 -0.005970090162009 -0.0781373977661133
-256 0 0 -0.00574399018660188 -0.0757704004645348
-255 0 0 -0.00552889006212354 -0.0734888017177582
-254 0 0 -0.00532425986602902 -0.0712905004620552
-253 0 0 -0.00512951985001564 -0.0691730007529259
-252 0 0 -0.0049440898001194 -0.0671330019831657
-251 0 0 -0.00476740999147296 -0.0651670023798943
-250 17 4 -0.00459888996556401 -0.0632710978388786
-249 0 0 -0.0044379997998476 -0.0614416003227234
-248 0 0 -0.00428421003744006 -0.0596745014190674
-247 0 0 -0.00413702987134457 -0.0579660981893539
-246 0 0 -0.00399600993841887 -0.0563125014305115
-245 0 0 -0.00386070995591581 -0.0547102987766266
-244 0 0 -0.00373073993250728 -0.0531559996306896
-243 0 0 -0.00360571988858283 -0.0516462996602058
-242 0 0 -0.00348530989140272 -0.0501780994236469
-241 0 0 -0.00336919003166258 -0.0487484000623226
-240 0 0 -0.0032570599578321 -0.0473545007407665
-239 0 0 -0.00314866006374359 -0.0459936000406742
-238 0 0 -0.00304372003301978 -0.0446631014347076
-237 0 0 -0.00294201006181538 -0.0433607995510101
-236 0 0 -0.00284330011345446 -0.0420841984450817
-235 0 0 -0.00274738995358348 -0.0408311001956463
-234 0 0 -0.0026540900580585 -0.0395994000136852
-233 0 0 -0.00256319995969534 -0.0383868999779224
-232 0 0 -0.00247454992495477 -0.0371915996074677
-231 0 0 -0.00238797999918461 -0.0360114984214306
-230 0 0 -0.00230332999490201 -0.0348445996642113
-229 0 0 -0.0022204399574548 -0.0336888991296291
-228 0 0 -0.00213915994390845 -0.0325422994792461
-227 0 0 -0.00205934001132846 -0.031402800232172
-226 0 0 -0.00198082998394966 -0.0302681997418404
-225 0 0 -0.00190349004697055 -0.029136199504137
-224 0 0 -0.00182716001290828 -0.0280044004321098
-223 0 0 -0.00175167003180832 -0.0268702991306782
-222 0 0 -0.00167687004432082 -0.025730799883604
-221 0 0 -0.0016025600489229 -0.0245829001069069
-220 0 0 -0.00152855005580932 -0.0234226994216442
-219 0 0 -0.00145460001658648 -0.0222461000084877
-218 0 0 -0.00140521000139415 -0.0214499998837709
-217 0 0 -0.00135565001983196 -0.0206425990909338
-216 0 0 -0.00130580004770309 -0.0198218002915382
-215 0 0 -0.0012555499561131 -0.0189851000905037
-214 0 0 -0.0012047600466758 -0.018129900097847
-213 0 0 -0.00115326000377536 -0.0172525998204947
-212 0 0 -0.00111843005288392 -0.0166533999145031
-211 0 0 -0.00108313001692295 -0.0160412006080151
-210 0 0 -0.00104726001154631 -0.0154139995574951
-209 0 0 -0.00101073004771024 -0.0147698996588588
-208 0 0 -0.00097341398941353 -0.0141062997281551
-207 0 0 -0.000948028988204896 -0.0136516997590661
-206 0 0 -0.000922176986932755 -0.0131858997046947
-205 0 0 -0.000895796983968467 -0.0127077996730804
-204 0 0 -0.000868815986905247 -0.0122159998863935
-203 0 0 -0.000841150002088398 -0.0117084998637438
-202 0 0 -0.000822273024823517 -0.0113605000078678
-201 0 0 -0.000803009024821222 -0.0110037997364998
-200 16 4 -0.000783314986620098 -0.0106376996263862
-199 0 0 -0.000763142015784979 -0.0102610001340508
-198 0 0 -0.000742430973332375 -0.00987266004085541
-197 0 0 -0.000721112999599427 -0.00947117991745472
-196 0 0 -0.000706523016560823 -0.00919540971517563
-195 0 0 -0.000691597000695765 -0.00891244970262051
-194 0 0 -0.000676302006468177 -0.00862162001430988
-193 0 0 -0.000660596997477114 -0.00832211039960384
-192 0 0 -0.000644436979200691 -0.00801298022270203
-191 0 0 -0.000627767003607005 -0.00769311981275678
-190 0 0 -0.000616338977124542 -0.00747324991971254
-189 0 0 -0.000604630971793085 -0.00724754994735122
-188 0 0 -0.000592619006056339 -0.00701548997312784
-187 0 0 -0.000580271007493138 -0.00677643017843366
-186 0 0 -0.00056755100376904 -0.00652965996414423
-185 0 0 -0.000554418016690761 -0.00627432018518448
-184 0 0 -0.00054540898418054 -0.00609883014112711
-183 0 0 -0.000536176026798785 -0.00591873005032539
-182 0 0 -0.000526699994225055 -0.0057336101308465
-181 0 0 -0.000516959000378847 -0.00554300984367728
-180 0 0 -0.000506923999637365 -0.00534640019759536
-179 0 0 -0.000496566004585475 -0.0051431399770081
-178 0 0 -0.000485847995150834 -0.00493247993290424
-177 0 0 -0.000478481000754982 -0.00478750979527831
-176 0 0 -0.000470920000225306 -0.00463856011629105
-175 0 0 -0.000463147007394582 -0.00448527978733182
-174 0 0 -0.000455141998827457 -0.00432725017890334
-173 0 0 -0.000446883001131937 -0.00416402984410524
-172 0 0 -0.000438340997789055 -0.00399505021050572
-171 0 0 -0.000432475004345179 -0.00387889007106423
-170 0 0 -0.000426459009759128 -0.00375967007130384
-169 0 0 -0.000420278985984623 -0.00363713991828263
-168 0 0 -0.000413923989981413 -0.00351100997067988
-167 0 0 -0.000407374987844378 -0.00338096008636057
-166 0 0 -0.000400615012040362 -0.00324661005288363
-165 0 0 -0.000393622001865879 -0.00310753006488085
-164 0 0 -0.000386372004868463 -0.002963209990412
-163 0 0 -0.000378833006834611 -0.00281304004602134
-162 0 0 -0.000370972004020587 -0.00265632010996342
-161 0 0 -0.000362744991434738 -0.00249218009412289
-160 0 0 -0.000354101008269936 -0.00231956993229687
-159 0 0 -0.000344975996995345 -0.00213721999898553
-158 0 0 -0.000335291988449171 -0.00194353004917502
-157 0 0 -0.000324950990034267 -0.00173653999809176
-156 0 0 -0.00031383300665766 -0.00151377997826785
-155 0 0 -0.000301789987133816 -0.00127229001373053
-154 0 0 -0.000288659008219838 -0.00100875995121896
-153 0 0 -0.000274298014119267 -0.000720267998985946
-152 0 0 -0.000241977002588101 -7.01699027558789E-05
-151 0 0 -0.000179619994014502 0.00118649995420128
-150 15 4 3.34787000610959E-05 0.00547908013686538
-149 0 0 0.000150866995682009 0.00782215967774391
-148 0 0 0.000244249007664621 0.00966592039912939
-147 0 0 0.000325520988553762 0.0112527003511786
-146 0 0 0.000399373995605856 0.0126785999163985
-145 0 0 0.000468223006464541 0.0139932995662093
-144 0 0 0.000533499987795949 0.0152265001088381
-143 0 0 0.000596138008404523 0.0163973998278379
-142 0 0 0.000656783988233656 0.0175196006894112
-141 0 0 0.000715909991413355 0.0186029002070427
-140 0 0 0.00077387597411871 0.0196548998355865
-139 0 0 0.000830961973406374 0.0206812992691994
-138 0 0 0.000887393020093441 0.0216870997101068
-137 0 0 0.000943354971241206 0.0226758997887373
-136 0 0 0.000999002950266004 0.0236511994153261
-135 0 0 0.00105446996167302 0.0246156994253397
-134 0 0 0.00110987003426999 0.0255718994885683
-133 0 0 0.00116531003732234 0.0265218000859022
-132 0 0 0.00122087995987386 0.0274673998355865
-131 0 0 0.00127666001208127 0.0284104999154806
-130 0 0 0.00133273005485535 0.0293524991720915
-129 0 0 0.00138916005380452 0.0302951000630856
-128 0 0 0.00144601997453719 0.0312396008521318
-127 0 0 0.00150335999205709 0.0321872010827065
-126 0 0 0.00154188997112215 0.0328213982284069
-125 0 0 0.00158069003373384 0.0334579013288021
-124 0 0 0.00161975994706154 0.0340971015393734
-123 0 0 0.0016591299790889 0.0347393006086349
-122 0 0 0.00169881002511829 0.0353850014507771
-121 0 0 0.00173881999216974 0.0360344015061855
-120 0 0 0.00177918002009392 0.0366878993809223
-119 0 0 0.00181990000419319 0.0373458005487919
-118 0 0 0.00186098995618522 0.0380084998905659
-117 0 0 0.00190248002763838 0.0386762991547585
-116 0 0 0.00194437999743968 0.0393495000898838
-115 0 0 0.0019867098890245 0.0400285981595516
-114 0 0 0.00202947994694114 0.0407138988375664
-113 0 0 0.00207272008992732 0.0414057001471519
-112 0 0 0.00211642007343471 0.0421044006943703
-111 0 0 0.00216061994433403 0.0428102985024452
-110 0 0 0.0022053299471736 0.0435239002108574
-109 0 0 0.00223543005995452 0.0440041013062
-108 0 0 0.00226576998829842 0.044488001614809
-107 0 0 0.00229634996503592 0.0449757017195225
-106 0 0 0.0023271800018847 0.0454672984778881
-105 0 0 0.00235827011056244 0.0459630005061626
-104 0 0 0.00238961004652083 0.0464629009366035
-103 0 0 0.00242122006602585 0.0469669997692108
-102 0 0 0.00245310994796455 0.0474756993353367
-101 0 0 0.00248525990173221 0.047988798469305
-100 14 4 0.00251769996248186 0.0485066995024681
-99 0 0 0.00255042989738286 0.0490294992923737
-98 0 0 0.00258343992754817 0.049557201564312
-97 0 0 0.00261675007641315 0.0500900000333786
-96 0 0 0.0026503698900342 0.050628200173378
-95 0 0 0.00268429005518556 0.0511717014014721
-94 0 0 0.00271852989681065 0.0517208017408848
-93 0 0 0.00275308010168374 0.0522756986320019
-92 0 0 0.00278795999474823 0.052836399525404
-91 0 0 0.00282317004166543 0.0534031987190247
-90 0 0 0.00285871000960469 0.0539762005209923
-89 0 0 0.00289458991028368 0.0545555986464024
-88 0 0 0.00293081998825073 0.0551415011286736
-87 0 0 0.00296738999895751 0.0557341985404491
-86 0 0 0.00299196993000805 0.0561330989003181
-85 0 0 0.00301671004854143 0.0565350987017155
-84 0 0 0.00304160988889635 0.0569402985274792
-83 0 0 0.0030666699167341 0.0573487989604473
-82 0 0 0.00309188989922404 0.0577604994177818
-81 0 0 0.0031172800809145 0.0581756010651588
-80 0 0 0.00314283999614418 0.05859399959445
-79 0 0 0.00316856009885669 0.0590158998966217
-78 0 0 0.00319444993510842 0.0594412982463837
-77 0 0 0.00322050997056067 0.0598702989518642
-76 0 0 0.00324672996066511 0.0603028982877731
-75 0 0 0.00327312992885709 0.0607392005622387
-74 0 0 0.00329971010796726 0.0611791983246803
-73 0 0 0.00332645000889897 0.0616229996085167
-72 0 0 0.00335336988791823 0.0620707012712955
-71 0 0 0.00338046997785568 0.0625222027301788
-70 0 0 0.00340773002244532 0.0629777982831001
-69 0 0 0.00343518005684018 0.0634374022483826
-68 0 0 0.00346280005760491 0.0639010965824127
-67 0 0 0.00349060003645718 0.0643689036369324
-66 0 0 0.00351856998167932 0.0648410022258759
-65 0 0 0.003546719904989 0.0653173997998238
-64 0 0 0.00357505003921688 0.0657979995012283
-63 0 0 0.00360354990698397 0.0662830993533134
-62 0 0 0.00363222998566926 0.0667726993560791
-61 0 0 0.00366109004244208 0.0672667026519775
-60 0 0 0.00369012006558478 0.0677653029561043
-59 0 0 0.00371933006681502 0.0682685971260071
-58 0 0 0.00374870002269745 0.0687765032052994
-57 0 0 0.00377824995666742 0.0692892000079155
-56 0 0 0.00380798010155559 0.0698065981268883
-55 0 0 0.0038378699682653 0.0703290030360222
-54 0 0 0.00386792002245784 0.0708561986684799
-53 0 0 0.00389814004302025 0.0713882967829704
-52 0 0 0.00391838001087308 0.071745902299881
-51 0 0 0.00393868982791901 0.072105698287487
-50 13 4 0.00395906995981932 0.0724676996469498
-49 0 0 0.00397951994091272 0.072832003235817
-48 0 0 0.00400003977119923 0.073198601603508
-47 0 0 0.00402062991634011 0.0735673978924751
-46 0 0 0.00404128013178706 0.0739386007189751
-45 0 0 0.00406200019642711 0.0743120014667511
-44 0 0 0.00408279011026025 0.0746878013014793
-43 0 0 0.00410364009439945 0.075065903365612
-42 0 0 0.00412455014884472 0.0754463970661163
-41 0 0 0.00414551980793476 0.0758292004466057
-40 0 0 0.00416655000299215 0.0762142986059189
-39 0 0 0.00418763002380729 0.0766019001603127
-38 0 0 0.00420877989381552 0.0769916996359825
-37 0 0 0.00422998005524278 0.0773840025067329
-36 0 0 0.00425123004242778 0.0777786001563072
-35 0 0 0.00427252985537052 0.0781757012009621
-34 0 0 0.00429387995973229 0.0785750970244408
-33 0 0 0.00431527988985181 0.0789768993854523
-32 0 0 0.00433671986684203 0.079381100833416
-31 0 0 0.00435821013525128 0.0797875970602036
-30 0 0 0.00437973998486996 0.0801965966820717
-29 0 0 0.00440130988135934 0.0806080028414726
-28 0 0 0.0044229100458324 0.0810216963291168
-27 0 0 0.00444454979151487 0.0814377963542938
-26 0 0 0.00446621980518103 0.0818563029170036
-25 0 0 0.00448792008683085 0.0822772011160851
-24 0 0 0.00450963992625475 0.0827004984021187
-23 0 0 0.00453139003366232 0.0831260979175568
-22 0 0 0.00455316016450524 0.0835539996623993
-21 0 0 0.00457494985312223 0.083984300494194
-20 0 0 0.00459674978628755 0.084417000412941
-19 0 0 0.0046185702085495 0.084851898252964
-18 0 0 0.00464039016515017 0.0852890983223915
-17 0 0 0.00466221990063787 0.0857286974787712
-16 0 0 0.00468405010178685 0.0861705020070076
-15 0 0 0.00470589008182287 0.0866144970059395
-14 0 0 0.00472771981731057 0.0870608016848564
-13 0 0 0.00474953977391124 0.0875092968344688
-12 0 0 0.00477134995162487 0.087959997355938
-11 0 0 0.00479314988479018 0.0884129032492638
-10 0 0 0.00481492979452014 0.0888679027557373
-9 0 0 0.00483667990192771 0.0893250033259392
-8 0 0 0.00485842023044825 0.0897841975092888
-7 0 0 0.00488012004643679 0.0902455970644951
-6 0 0 0.00490179006010294 0.0907088965177536
-5 0 0 0.00492342980578542 0.0911742970347404
-4 0 0 0.00494502019137144 0.0916415974497795
-3 0 0 0.00496657006442547 0.0921109020709991
-2 0 0 0.00498091010376811 0.0924248024821281
1 0 0 0.00499999988824129 0.0928447023034096
1 0 0 0.00499999988824129 0.0928447023034096
-2 0 0 0.00501903984695673 0.093266099691391
-3 0 0 0.00503329979255795 0.0935830026865005
-4 0 0 0.00505462987348437 0.0940599963068962
-5 0 0 0.0050758901052177 0.0945387035608292
-6 0 0 0.00509708980098367 0.0950191989541054
-7 0 0 0.00511820986866951 0.0955013036727905
-8 0 0 0.00513926008716226 0.0959851965308189
-9 0 0 0.00516023021191359 0.0964706018567085
-10 0 0 0.00518110999837518 0.0969576016068459
-11 0 0 0.00520191015675664 0.0974462032318115
-12 0 0 0.00522261997684836 0.0979361981153488
-13 0 0 0.0052432301454246 0.098427802324295
-14 0 0 0.00526374019682407 0.0989207029342651
-15 0 0 0.00528413988649845 0.0994149968028069
-16 0 0 0.00530443992465734 0.0999106019735336
-17 0 0 0.00532463006675243 0.100406996905804
-18 0 0 0.00534470984712243 0.100905999541283
-19 0 0 0.00536466017365456 0.101405002176762
-20 0 0 0.00538450013846159 0.101905003190041
-21 0 0 0.00540421018376946 0.10240700095892
-22 0 0 0.00542378984391689 0.102909997105598
-23 0 0 0.00544324005022645 0.103413000702858
-24 0 0 0.00546255009248853 0.103918001055717
-25 0 0 0.00548173021525145 0.104423001408577
-26 0 0 0.00550075992941856 0.104929998517036
-27 0 0 0.00551964994519949 0.105437003076077
-28 0 0 0.0055383900180459 0.105944998562336
-29 0 0 0.0055569801479578 0.106453999876976
-30 0 0 0.0055754198692739 0.106963999569416
-31 0 0 0.00559369986876845 0.107473999261856
-32 0 0 0.00561182014644146 0.107984997332096
-33 0 0 0.00562977977097034 0.108496002852917
-34 0 0 0.00564758013933897 0.109007999300957
-35 0 0 0.00566521007567644 0.109521001577377
-36 0 0 0.00568267004564404 0.110032998025417
-37 0 0 0.00569994980469346 0.110546998679638
-38 0 0 0.00571706984192133 0.111060999333858
-39 0 0 0.0057340101338923 0.111574999988079
-40 0 0 0.00575077021494508 0.1120890006423
-41 0 0 0.0057673598639667 0.11260399967432
-42 0 0 0.00578375998884439 0.113118998706341
-43 0 0 0.0057999799028039 0.113633997738361
-44 0 0 0.0058160200715065 0.114148996770382
-45 0 0 0.00583186978474259 0.114665001630783
-46 0 0 0.00584752997383475 0.115180000662804
-47 0 0 0.00586300995200872 0.115695998072624
-48 0 0 0.00587829016149044 0.116210997104645
-49 0 0 0.00589339016005397 0.116727001965046
-50 2 4 0.00590828992426395 0.117242999374866
-51 0 0 0.00592300016433001 0.117757998406887
-52 0 0 0.00593751994892955 0.118274003267288
-53 0 0 0.00595183996483684 0.118789002299309
-54 0 0 0.00596596021205187 0.119304001331329
-55 0 0 0.00597989000380039 0.11981900036335
-56 0 0 0.00599362980574369 0.12033399939537
-57 0 0 0.00600716983899474 0.120848998427391
-58 0 0 0.00602051010355353 0.121363997459412
-59 0 0 0.00603365013375878 0.121877998113632
-60 0 0 0.00604658992961049 0.122391998767853
-61 0 0 0.00605934020131826 0.122905001044273
-62 0 0 0.00607187999412417 0.123419001698494
-63 0 0 0.00609032995998859 0.124187998473644
-64 0 0 0.00610833987593651 0.124957002699375
-65 0 0 0.00612589018419385 0.125725001096725
-66 0 0 0.0061429999768734 0.126490995287895
-67 0 0 0.00615967018529773 0.127257004380226
-68 0 0 0.00617589009925723 0.128022000193596
-69 0 0 0.00619166996330023 0.128785997629166
-70 0 0 0.00620700977742672 0.129547998309135
-71 0 0 0.00622191000729799 0.130309998989105
-72 0 0 0.00623637018725276 0.131070002913475
-73 0 0 0.00625040009617805 0.131828993558884
-74 0 0 0.00626400019973516 0.132586002349854
-75 0 0 0.0062771700322628 0.133342996239662
-76 0 0 0.00628991005942225 0.134097993373871
-77 0 0 0.00630223006010056 0.13485099375248
-78 0 0 0.00631411978974938 0.135603994131088
-79 0 0 0.0063256099820137 0.136354997754097
-80 0 0 0.00633666990324855 0.137104004621506
-81 0 0 0.0063473298214376 0.137851998209953
-82 0 0 0.00635757995769382 0.138598993420601
-83 0 0 0.00636743009090424 0.13934400677681
-84 0 0 0.00637688022106886 0.140088006854057
-85 0 0 0.00638594012707472 0.140829995274544
-86 0 0 0.00639460003003478 0.141570001840591
-87 0 0 0.0064028799533844 0.142309993505478
-88 0 0 0.00641077989712358 0.143047004938126
-89 0 0 0.00641829986125231 0.143783003091812
-90 0 0 0.0064254398457706 0.144518002867699
-91 0 0 0.0064322198741138 0.145251005887985
-92 0 0 0.00643863016739488 0.145982995629311
-93 0 0 0.00644468003883958 0.146713003516197
-94 0 0 0.00645036995410919 0.147440999746323
-95 0 0 0.00645571015775204 0.148167997598648
-96 0 0 0.00646308017894626 0.149256005883217
-97 0 0 0.00646967999637127 0.150340005755424
-98 0 0 0.00647553009912372 0.151420995593071
-99 0 0 0.00648065004497766 0.152498006820679
-100 3 4 0.00648505007848144 0.153571993112564
-101 0 0 0.00648875022307038 0.154642999172211
-102 0 0 0.00649177003651857 0.155709996819496
-103 0 0 0.0064941099844873 0.156773999333382
-104 0 0 0.00649579986929893 0.157835006713867
-105 0 0 0.00649684993550181 0.158893004059792
-106 0 0 0.00649728020653129 0.159946992993355
107 4 2 0.00649730022996664 0.160160005092621
108 0 0 0.00649699987843633 0.161210000514984
109 0 0 0.00649545015767217 0.162780001759529
110 0 0 0.00649263011291623 0.164342999458313
111 0 0 0.00648859003558755 0.165898993611336
112 0 0 0.00648338021710515 0.167447999119759
113 0 0 0.00647705001756549 0.16899000108242
114 0 0 0.00646963994950056 0.170525997877121
115 0 0 0.00646121986210346 0.172056004405022
116 0 0 0.00645182002335787 0.173579007387161
117 0 0 0.00644150003790855 0.17509700357914
118 0 0 0.00643029017373919 0.176607996225357
119 0 0 0.00641825003549457 0.178112998604774
120 0 0 0.00640540989115834 0.179612994194031
121 0 0 0.00639182981103659 0.181106999516487
122 0 0 0.00637754006311297 0.182595998048782
123 0 0 0.00636259000748396 0.184079006314278
124 0 0 0.00634702015668154 0.185556992888451
125 0 0 0.00633085984736681 0.187030002474785
126 0 0 0.00631415005773306 0.188498005270958
127 0 0 0.00629694014787674 0.18996100127697
128 0 0 0.00627925992012024 0.191419005393982
129 0 0 0.00626114988699555 0.192873001098633
130 0 0 0.00624263007193804 0.194322004914284
131 0 0 0.00622374983504415 0.195766001939774
132 0 0 0.00620453990995884 0.197206005454063
133 0 0 0.00617517996579409 0.199358999729156
134 0 0 0.00614523980766535 0.201501995325089
135 0 0 0.00611484004184604 0.203637003898621
136 0 0 0.00608407007530332 0.20576299726963
137 0 0 0.00605301978066564 0.20788100361824
138 0 0 0.00602177996188402 0.209990993142128
139 0 0 0.00599044002592564 0.212092995643616
140 0 0 0.00595906982198358 0.214187994599342
141 0 0 0.00592774990946054 0.216277003288269
142 0 0 0.00589655013754964 0.218357995152473
143 0 0 0.00586553988978267 0.220433995127678
144 0 0 0.0058347899466753 0.222503006458282
145 0 0 0.00580435991287231 0.224565997719765
146 0 0 0.00577430007979274 0.226622998714447
147 0 0 0.00573003012686968 0.229699999094009
148 0 0 0.00568690989166498 0.232765004038811
149 0 0 0.00564508000388741 0.23581999540329
150 5 4 0.00560468016192317 0.238864004611969
151 0 0 0.00556585984304547 0.241899996995926
152 0 0 0.00552870985120535 0.244927003979683
153 0 0 0.00549334986135364 0.247947007417679
154 0 0 0.00545987021178007 0.250959992408752
155 0 0 0.0054283500649035 0.253966003656387
156 0 0 0.00539886020123959 0.2569659948349
157 0 0 0.00537146022543311 0.259961009025574
158 0 0 0.00534621020779014 0.262950986623764
159 0 0 0.00531245023012161 0.267428994178772
160 0 0 0.00528375012800097 0.271899998188019
161 0 0 0.00526019977405667 0.276365011930466
162 0 0 0.00524184014648199 0.280824989080429
163 0 0 0.0052287201397121 0.285282999277115
164 0 0 0.00522084021940827 0.289741009473801
165 0 0 0.00521817989647388 0.294198006391525
-166 6 2 0.00521817989647388 0.29423800110817
-167 0 0 0.00522078014910221 0.298698008060455
-168 0 0 0.00523430993780494 0.305395007133484
-169 0 0 0.00525922002270818 0.312103986740112
-170 0 0 0.00529523985460401 0.318830013275146
-171 0 0 0.00534207001328468 0.32557800412178
-172 0 0 0.00539935985580087 0.332352012395859
-173 0 0 0.00546676013618708 0.339156001806259
-174 0 0 0.00554388016462326 0.345993995666504
-175 0 0 0.00563033996149898 0.352869987487793
-176 0 0 0.00572573021054268 0.35978901386261
-177 0 0 0.005829649977386 0.366753995418549
-178 0 0 0.00594170996919274 0.373769998550415
-179 0 0 0.00606151018291712 0.380840986967087
-180 0 0 0.00618865992873907 0.387970000505447
-181 0 0 0.00632274989038706 0.395162999629974
-182 0 0 0.00646340986713767 0.402422994375229
-183 0 0 0.00661025987938046 0.409754991531372
-184 0 0 0.006762919947505 0.417163014411926
-185 0 0 0.00692101987078786 0.424650996923447
-186 0 0 0.00708420015871525 0.432224988937378
-187 0 0 0.00725209014490247 0.439888000488281
-188 0 0 0.00742434011772275 0.447645008563995
-189 0 0 0.00760059989988804 0.45550200343132
-190 0 0 0.0077805002219975 0.463463991880417
-191 0 0 0.0079636899754405 0.471534997224808
-192 0 0 0.00814981013536453 0.479721993207932
-193 0 0 0.00833849981427193 0.488029003143311
-194 0 0 0.00852940045297146 0.496463000774384
-195 0 0 0.0087221497669816 0.50502997636795
-196 0 0 0.008916350081563 0.513734996318817
-197 0 0 0.00911162979900837 0.522584974765778
-198 0 0 0.00930759962648153 0.531588017940521
-199 0 0 0.00950383022427559 0.54074901342392
-200 7 4 0.0096999304369092 0.550076007843018
-201 0 0 0.00989542994648218 0.559576988220215
-202 0 0 0.0100899003446102 0.569258987903595
-203 0 0 0.0102829001843929 0.579131007194519
-204 0 0 0.0104737998917699 0.589200019836426
-205 0 0 0.0106622995808721 0.599476993083954
-206 0 0 0.0108476998284459 0.609969019889832
-207 0 0 0.0110294995829463 0.620685994625092
-208 0 0 0.0112071000039577 0.631639003753662
-209 0 0 0.0113799003884196 0.64283698797226
-210 0 0 0.0115473000332713 0.654290974140167
-211 0 0 0.0117086004465818 0.666011989116669
-212 0 0 0.0118631003424525 0.678011000156403
-213 0 0 0.0120099997147918 0.690298974514008
-214 0 0 0.0121488003060222 0.702889978885651
-215 0 0 0.0122785000130534 0.715794026851654
-216 0 0 0.01239849999547 0.729023993015289
-217 0 0 0.0125080002471805 0.742594003677368
-218 0 0 0.012606100179255 0.756515979766846
-219 0 0 0.0126919997856021 0.770802021026611
-220 0 0 0.0127651002258062 0.785466015338898
-221 0 0 0.0128244999796152 0.800521016120911
-222 0 0 0.0128694996237755 0.815980017185211
-223 0 0 0.0128995003178716 0.831854999065399
-224 0 0 0.0129137998446822 0.848156988620758
225 8 2 0.0129150999709964 0.854638993740082
226 0 0 0.0129068000242114 0.871554970741272
227 0 0 0.0128819001838565 0.888926029205322
228 0 0 0.01284009963274 0.906759977340698
229 0 0 0.0127811999991536 0.925065994262695
230 0 0 0.0127055002376437 0.943852007389069
231 0 0 0.0126131996512413 0.963122010231018
232 0 0 0.0125048002228141 0.982881009578705
233 0 0 0.0123811000958085 1.00312995910645
234 0 0 0.0122431004419923 1.02386999130249
235 0 0 0.0120917996391654 1.04510998725891
236 0 0 0.0119289001449943 1.06683003902435
237 0 0 0.0117560001090169 1.08904004096985
238 0 0 0.0115750003606081 1.11172997951508
239 0 0 0.0113880001008511 1.13487994670868
240 0 0 0.0111972996965051 1.15849995613098
241 0 0 0.011005200445652 1.18256998062134
242 0 0 0.0108144003897905 1.20709002017975
243 0 0 0.01062719989568 1.23203003406525
244 0 0 0.0104465000331402 1.25738000869751
245 0 0 0.0102746998891234 1.28314995765686
246 0 0 0.0101143000647426 1.3092999458313
247 0 0 0.00996799021959305 1.33582997322083
248 0 0 0.00983795989304781 1.36272001266479
249 0 0 0.00972647964954376 1.38996994495392
250 9 4 0.00963560957461596 1.41754996776581
251 0 0 0.0095672495663166 1.4454699754715
252 0 0 0.00952313002198935 1.47370004653931
253 0 0 0.00950479041785002 1.50223994255066
-254 10 2 0.00950433034449816 1.50750994682312
-255 0 0 0.00951819960027933 1.53639996051788
-256 0 0 0.00956054031848907 1.5655699968338
-257 0 0 0.00963228009641171 1.59502005577087
-258 0 0 0.009734190069139 1.62474000453949
-259 0 0 0.0098668597638607 1.65472996234894
-260 0 0 0.0100306998938322 1.68496000766754
-261 0 0 0.0102260997518897 1.71545004844666
-262 0 0 0.0104531003162265 1.74617004394531
-263 0 0 0.0107118003070354 1.77713000774384
-264 0 0 0.0110020004212856 1.80832004547119
-265 0 0 0.0113236997276545 1.83973002433777
-266 0 0 0.01167649962008 1.87136995792389
-267 0 0 0.0120601002126932 1.90321004390717
-268 0 0 0.0124741001054645 1.93526995182037
-269 0 0 0.0129179004579782 1.96753001213074
-270 0 0 0.0133910002186894 1.99998998641968
-271 0 0 0.01389279961586 2.03264999389648
-272 0 0 0.0144228003919125 2.06550002098083
-273 0 0 0.0149803003296256 2.09853005409241
-274 0 0 0.0155645003542304 2.13175010681152
-275 0 0 0.0161748006939888 2.16513991355896
-276 0 0 0.0168105997145176 2.1987099647522
-277 0 0 0.0174708999693394 2.23245000839233
-278 0 0 0.018155200406909 2.26636004447937
-279 0 0 0.0188628006726503 2.30042004585266
-280 0 0 0.0195927005261183 2.33465003967285
-281 0 0 0.0203444994986057 2.36901998519897
-282 0 0 0.0211172997951508 2.40354990959167
-283 0 0 0.0219103004783392 2.43822002410889
-284 0 0 0.0227230004966259 2.47303009033203
-285 0 0 0.0235546994954348 2.50798010826111
-286 0 0 0.0244044996798038 2.54305005073547
-287 0 0 0.0252720005810261 2.57825994491577
-288 0 0 0.0261563993990421 2.61359000205994
-289 0 0 0.0270569995045662 2.64903998374939
-290 0 0 0.0279734004288912 2.68460988998413
-291 0 0 0.0289047993719578 2.72028994560242
-292 0 0 0.0298507008701563 2.75607991218567
-293 0 0 0.0308104995638132 2.79197001457214
-294 0 0 0.0317836999893188 2.82797002792358
-295 0 0 0.0327696986496449 2.86405992507935
-296 0 0 0.0337679982185364 2.90024995803833
-297 0 0 0.0347782000899315 2.93652009963989
-298 0 0 0.0357997007668018 2.9728798866272
-299 0 0 0.0368320010602474 3.00933003425598
-300 11 4 0.037874698638916 3.04586005210876
-301 0 0 0.038927499204874 3.08246994018555
-302 0 0 0.0399897992610931 3.11914992332458
-303 0 0 0.0410612002015114 3.15590000152588
-304 0 0 0.0421415008604527 3.19271993637085
-305 0 0 0.0432301014661789 3.22959995269775
-306 0 0 0.044326800853014 3.26655006408691
-307 0 0 0.045431200414896 3.30356001853943
-308 0 0 0.0465429984033108 3.34063005447388
-309 0 0 0.0476617999374866 3.37775993347168
-310 0 0 0.0487874001264572 3.41494011878967
-311 0 0 0.0499195009469986 3.4521598815918
-312 12 9 0.0510578006505966 3.48943996429443
