-387 20 9 -0.0500712990760803 -0.406271010637283
-386 0 0 -0.0492293983697891 -0.399821013212204
-385 0 0 -0.0483905002474785 -0.39342200756073
-384 0 0 -0.0475541017949581 -0.387071013450623
-383 0 0 -0.0467193983495235 -0.380764991044998
-382 0 0 -0.0458859987556934 -0.37450298666954
-381 0 0 -0.0450531989336014 -0.368281006813049
-380 0 0 -0.0442203991115093 -0.362096011638641
-379 0 0 -0.0433872006833553 -0.355946004390717
-378 0 0 -0.0425527989864349 -0.349828988313675
-377 0 0 -0.0417166985571384 -0.343740999698639
-376 0 0 -0.0408784002065659 -0.337678998708725
-375 0 0 -0.0400374010205269 -0.331642001867294
-374 0 0 -0.0391930006444454 -0.325625985860825
-373 0 0 -0.0383448004722595 -0.319628000259399
-372 0 0 -0.0374923013150692 -0.313645005226135
-371 0 0 -0.0366350002586842 -0.307675004005432
-370 0 0 -0.0360606014728546 -0.303701013326645
-369 0 0 -0.0354836992919445 -0.299728989601135
-368 0 0 -0.0349043011665344 -0.295760005712509
-367 0 0 -0.0343221984803677 -0.291792988777161
-366 0 0 -0.0337373018264771 -0.287824988365173
-365 0 0 -0.0331496000289917 -0.283856987953186
-364 0 0 -0.0325588993728161 -0.279886990785599
-363 0 0 -0.0319651998579502 -0.275914013385773
-362 0 0 -0.031368400901556 -0.271937996149063
-361 0 0 -0.0307685006409883 -0.267955988645554
-360 0 0 -0.0301654003560543 -0.263967990875244
-359 0 0 -0.0295591000467539 -0.259972006082535
-358 0 0 -0.0289495997130871 -0.255966991186142
-357 0 0 -0.028336999937892 -0.251951992511749
-356 0 0 -0.0277212001383305 -0.247925996780396
-355 0 0 -0.0273090004920959 -0.245233997702599
-354 0 0 -0.0268954001367092 -0.242535993456841
-353 0 0 -0.0264804996550083 -0.239831998944283
-352 0 0 -0.0260642003268003 -0.237120002508163
-351 0 0 -0.0256468001753092 -0.234401002526283
-350 19 4 -0.0252279993146658 -0.231673002243042
-349 0 0 -0.0248080994933844 -0.22893600165844
-348 0 0 -0.0243870001286268 -0.226190999150276
-347 0 0 -0.0239649005234241 -0.223434999585152
-346 0 0 -0.0235417000949383 -0.220669001340866
-345 0 0 -0.0231174994260073 -0.217892006039619
-344 0 0 -0.0226923990994692 -0.215103000402451
-343 0 0 -0.0224085003137589 -0.213236004114151
-342 0 0 -0.0221241991966963 -0.21136499941349
-341 0 0 -0.0218397006392479 -0.20948700606823
-340 0 0 -0.0215547997504473 -0.207602992653847
-339 0 0 -0.0212696008384228 -0.205713003873825
-338 0 0 -0.0209842007607222 -0.203815996646881
-337 0 0 -0.0206985007971525 -0.201912999153137
-336 0 0 -0.0204127002507448 -0.200001999735832
-335 0 0 -0.0201265998184681 -0.198083996772766
-334 0 0 -0.0198404006659985 -0.1961590051651
-333 0 0 -0.0195541009306908 -0.194225996732712
-332 0 0 -0.019267700612545 -0.192285001277924
-331 0 0 -0.0189813002943993 -0.190335005521774
-330 0 0 -0.0186947993934155 -0.188376992940903
-329 0 0 -0.0184083990752697 -0.186410993337631
-328 0 0 -0.0181220006197691 -0.184434995055199
-327 0 0 -0.0178357008844614 -0.182448998093605
-326 0 0 -0.0175494998693466 -0.18045499920845
-325 0 0 -0.017263500019908 -0.178450003266335
-324 0 0 -0.0169776007533073 -0.176433995366096
-323 0 0 -0.0166919995099306 -0.174409002065659
-322 0 0 -0.0164067000150681 -0.172371998429298
-321 0 0 -0.0161217991262674 -0.170323997735977
-320 0 0 -0.0158370994031429 -0.168264999985695
-319 0 0 -0.015552899800241 -0.166194006800652
-318 0 0 -0.0152692003175616 -0.164110004901886
-317 0 0 -0.0149860000237823 -0.162015005946159
-316 0 0 -0.0147032998502254 -0.159905999898911
-315 0 0 -0.0144212003797293 -0.157784998416901
-314 0 0 -0.0141398999840021 -0.15565100312233
-313 0 0 -0.0138592002913356 -0.153503000736237
-312 0 0 -0.0135792996734381 -0.151341006159782
-311 0 0 -0.0133002996444702 -0.149166002869606
-310 0 0 -0.013022200204432 -0.146975994110107
-309 0 0 -0.0127451000735164 -0.144773006439209
-308 0 0 -0.0124690998345613 -0.142555996775627
-307 0 0 -0.012194300070405 -0.140324994921684
-306 0 0 -0.0119206998497248 -0.13808000087738
-305 0 0 -0.0116485003381968 -0.135821998119354
-304 0 0 -0.0113778002560139 -0.133551001548767
-303 0 0 -0.0111087001860142 -0.131267994642258
-302 0 0 -0.0108412997797132 -0.128973007202148
-301 0 0 -0.0105758998543024 -0.126666992902756
-300 18 4 -0.0103126000612974 -0.124352000653744
-299 0 0 -0.0100515000522137 -0.12202899903059
-298 0 0 -0.00979299005120993 -0.119700998067856
-297 0 0 -0.00953716970980167 -0.117367997765541
-296 0 0 -0.00928432028740644 -0.115033000707626
-295 0 0 -0.00903471000492573 -0.112700000405312
-294 0 0 -0.00878863036632538 -0.110371001064777
-293 0 0 -0.00854637008160353 -0.108050003647804
-292 0 0 -0.00830822996795177 -0.105740003287792
-291 0 0 -0.00807453040033579 -0.103445000946522
-290 0 0 -0.0078455600887537 -0.101170003414154
-289 0 0 -0.00762161985039711 -0.0989176034927368
-288 0 0 -0.00740297976881266 -0.0966928973793983
-287 0 0 -0.00718986988067627 -0.0944994986057281
-286 0 0 -0.00698252022266388 -0.0923412963747978
-285 0 0 -0.00678107002750039 -0.0902215987443924
-284 0 0 -0.00658565992489457 -0.0881432965397835
-283 0 0 -0.00639634020626545 -0.0861089006066322
-282 0 0 -0.00621316023170948 -0.0841204971075058
-281 0 0 -0.00603607017546892 -0.0821795985102654
-280 0 0 -0.00586502999067307 -0.0802870988845825
-279 0 0 -0.00569992000237107 -0.0784434005618095
-278 0 0 -0.00554062006995082 -0.0766488015651703
-277 0 0 -0.00538696022704244 -0.0749028995633125
-276 0 0 -0.00523877004161477 -0.0732048973441124
-275 0 0 -0.00509585021063685 -0.071553997695446
-274 0 0 -0.0049579800106585 -0.0699490010738373
-273 0 0 -0.00482496991753578 -0.0683886036276817
-272 0 0 -0.00469660013914108 -0.0668713003396988
-271 0 0 -0.00457264017313719 -0.0653954967856407
-270 0 0 -0.00445290002971888 -0.0639595985412598
-269 0 0 -0.00433717016130686 -0.0625621005892754
-268 0 0 -0.00422524008899927 -0.061201099306345
-267 0 0 -0.00411691982299089 -0.059875100851059
-266 0 0 -0.00401203986257315 -0.0585824996232986
-265 0 0 -0.00391041021794081 -0.0573216006159782
-264 0 0 -0.00381185999140143 -0.0560908988118172
-263 0 0 -0.00371623993851244 -0.0548890009522438
-262 0 0 -0.00362339010462165 -0.0537142008543015
-261 0 0 -0.00353317009285092 -0.052565298974514
-260 0 0 -0.00344543997198343 -0.0514408014714718
-259 0 0 -0.00336007005535066 -0.0503395013511181
-258 0 0 -0.00327694998122752 -0.0492600984871387
-257 0 0 -0.00319595006294549 -0.0482014007866383
-256 0 0 -0.00311696995049715 -0.047162301838398
-255 0 0 -0.00303988996893167 -0.0461415983736515
-254 0 0 -0.00296464003622532 -0.0451381988823414
-253 0 0 -0.00289110001176596 -0.0441511012613773
-252 0 0 -0.00281919003464282 -0.0431792996823788
-251 0 0 -0.00274883001111448 -0.042221799492836
-250 17 4 -0.00267994008027017 -0.0412777997553349
-249 0 0 -0.00261242990382016 -0.0403461009263992
-248 0 0 -0.0025462401099503 -0.0394260995090008
-247 0 0 -0.00248129991814494 -0.0385167002677917
-246 0 0 -0.00241752993315458 -0.0376171991229057
-245 0 0 -0.00235486007295549 -0.036726601421833
-244 0 0 -0.00229325005784631 -0.0358440987765789
-243 0 0 -0.00223261001519859 -0.0349689014256001
-242 0 0 -0.00217289989814162 -0.0341001003980637
-241 0 0 -0.00211405009031296 -0.0332368984818459
-240 0 0 -0.00205600005574524 -0.032378401607275
-239 0 0 -0.00199869996868074 -0.0315237008035183
-238 0 0 -0.00194206996820867 -0.0306719001382589
-237 0 0 -0.00188607000745833 -0.0298220999538898
-236 0 0 -0.00183064001612365 -0.0289731994271278
-235 0 0 -0.00177570001687855 -0.028124300763011
-234 0 0 -0.00172119995113462 -0.0272742006927729
-233 0 0 -0.00166706996969879 -0.0264216996729374
-232 0 0 -0.0016132399905473 -0.0255654994398355
-231 0 0 -0.00155963003635406 -0.0247042998671532
-230 0 0 -0.00150615000165999 -0.0238364990800619
-229 0 0 -0.00145273003727198 -0.0229602996259928
-228 0 0 -0.00139926001429558 -0.0220737997442484
-227 0 0 -0.00134562002494931 -0.0211747009307146
-226 0 0 -0.0012916800333187 -0.0202603992074728
-225 0 0 -0.00123729999177158 -0.019327700138092
-224 0 0 -0.00118229002691805 -0.0183729995042086
-223 0 0 -0.00114515994209796 -0.017722100019455
-222 0 0 -0.00110758002847433 -0.0170577000826597
-221 0 0 -0.00106945994775742 -0.0163780003786087
-220 0 0 -0.0010306800249964 -0.0156807005405426
-219 0 0 -0.000991125009022653 -0.014963099732995
-218 0 0 -0.000964243023190647 -0.0144718000665307
-217 0 0 -0.000936888973228633 -0.0139688001945615
-216 0 0 -0.000908995978534222 -0.0134527999907732
-215 0 0 -0.000880488019902259 -0.0129220997914672
-214 0 0 -0.000851272023282945 -0.0123747996985912
-213 0 0 -0.000831346027553082 -0.0119994999840856
-212 0 0 -0.000811017001979053 -0.0116149997338653
-211 0 0 -0.000790237972978503 -0.0112202996388078
-210 0 0 -0.000768955971579999 -0.010814200155437
-209 0 0 -0.000747108017094433 -0.0103954002261162
-208 0 0 -0.000724616984371096 -0.00996240042150021
-207 0 0 -0.000709221989382058 -0.0096648596227169
-206 0 0 -0.000693469017278403 -0.00935946963727474
-205 0 0 -0.000677320000249892 -0.00904543045908213
-204 0 0 -0.000660730991512537 -0.00872183963656425
-203 0 0 -0.000643651990685612 -0.0083876196295023
-202 0 0 -0.000626020017080009 -0.00804147962480783
-201 0 0 -0.000613922020420432 -0.00780335022136569
-200 16 4 -0.000601519015617669 -0.00755868991836905
-199 0 0 -0.000588782015256584 -0.00730689009651542
-198 0 0 -0.000575674988795072 -0.00704718986526132
-197 0 0 -0.000562156026717275 -0.00677875010296702
-196 0 0 -0.000548176001757383 -0.00650053983554244
-195 0 0 -0.000538572028744966 -0.00630903011187911
-194 0 0 -0.000528716016560793 -0.00611220998689532
-193 0 0 -0.000518583983648568 -0.0059095798060298
-192 0 0 -0.000508148979861289 -0.00570055982097983
-191 0 0 -0.000497378001455218 -0.00548447016626596
-190 0 0 -0.000486233009723946 -0.00526052992790937
-189 0 0 -0.00047857200843282 -0.00510641001164913
-188 0 0 -0.000470708997454494 -0.00494804000481963
-187 0 0 -0.00046262500109151 -0.00478505017235875
-186 0 0 -0.000454299006378278 -0.00461699021980166
-185 0 0 -0.000445707002654672 -0.00444338005036116
-184 0 0 -0.000436820002505556 -0.00426359986886382
-183 0 0 -0.000430713989771903 -0.00413997983559966
-182 0 0 -0.000424450990976766 -0.00401306990534067
-181 0 0 -0.00041801598854363 -0.00388259999454021
-180 0 0 -0.000411395012633875 -0.00374823994934559
-179 0 0 -0.000404571008402854 -0.0036096500698477
-178 0 0 -0.000397522002458572 -0.00346640008501709
-177 0 0 -0.000390225992305204 -0.00331800989806652
-176 0 0 -0.000385210994863883 -0.00321594998240471
-175 0 0 -0.000380065001081675 -0.00311115989461541
-174 0 0 -0.00037477700971067 -0.00300342007540166
-173 0 0 -0.000369334011338651 -0.00289246998727322
-172 0 0 -0.000363722996553406 -0.00277804001234472
-171 0 0 -0.00035792900598608 -0.00265979999676347
-170 0 0 -0.000351933005731553 -0.0025373799726367
-169 0 0 -0.000347813009284437 -0.00245324010029435
-168 0 0 -0.000343588006217033 -0.00236689997836947
-167 0 0 -0.00033924900344573 -0.00227819988504052
-166 0 0 -0.000334787997417152 -0.00218697008676827
-165 0 0 -0.000330193986883387 -0.00209301011636853
-164 0 0 -0.000325458007864654 -0.00199608993716538
-163 0 0 -0.000320566992741078 -0.00189596996642649
-162 0 0 -0.000315507990308106 -0.00179235998075455
-161 0 0 -0.000310266012093052 -0.00168495997786522
-160 0 0 -0.000304824003251269 -0.00157343002501875
-159 0 0 -0.000299164006719366 -0.00145737000275403
-158 0 0 -0.000293265999061987 -0.00133640004787594
-157 0 0 -0.000287108996417373 -0.00121005997061729
-156 0 0 -0.000280671985819936 -0.00107792997732759
-155 0 0 -0.000273937010206282 -0.000939616991672665
-154 0 0 -0.000266888993792236 -0.000794817984569818
-153 0 0 -0.000259522988926619 -0.000643446983303875
-152 0 0 -0.000243896996835247 -0.000322114996379241
-151 0 0 -0.000130614003865048 0.00201186002232134
-150 15 4 -2.12329996429617E-05 0.00426441989839077
-149 0 0 0.000111754998215474 0.00698592001572251
-148 0 0 0.000210297002922744 0.00898110028356314
-147 0 0 0.000293807999696583 0.0106533002108335
-146 0 0 0.000368634006008506 0.012134900316596
-145 0 0 0.0004377780132927 0.013489100150764
-144 0 0 0.00050294102402404 0.0147516997531056
-143 0 0 0.000565194990485907 0.0159451998770237
-142 0 0 0.000625269021838903 0.017085300758481
-141 0 0 0.00068368500797078 0.0181830003857613
-140 0 0 0.000740832998417318 0.0192466005682945
-139 0 0 0.000797016022261232 0.0202824994921684
-138 0 0 0.000852473021950573 0.0212960001081228
-137 0 0 0.000907403009478003 0.022291099652648
-136 0 0 0.000961969024501741 0.0232714992016554
-135 0 0 0.00101630995050073 0.0242400001734495
-134 0 0 0.00107054994441569 0.0251992996782064
-133 0 0 0.0011247800430283 0.0261515006422997
-132 0 0 0.00117912003770471 0.0270987004041672
-131 0 0 0.00123362999875098 0.0280427001416683
-130 0 0 0.0012884100433439 0.0289850998669863
-129 0 0 0.00134352000895888 0.0299274995923042
-128 0 0 0.00139902997761965 0.0308711994439363
-127 0 0 0.00145501003134996 0.0318176001310349
-126 0 0 0.00149261998012662 0.0324506983160973
-125 0 0 0.00153047998901457 0.0330859012901783
-124 0 0 0.00156860996503383 0.0337236002087593
-123 0 0 0.00160703004803509 0.0343641005456448
-122 0 0 0.00164575001690537 0.0350079014897346
-121 0 0 0.00168480002321303 0.0356550998985767
-120 0 0 0.00172417995054275 0.0363062992691994
-119 0 0 0.00176391995046288 0.0369618013501167
-118 0 0 0.0018040300346911 0.0376216992735863
-117 0 0 0.00184452999383211 0.0382867008447647
-116 0 0 0.0018854399677366 0.0389568991959095
-115 0 0 0.00192676996812224 0.0396327003836632
-114 0 0 0.00196854001842439 0.0403143987059593
-113 0 0 0.00201075989753008 0.0410025008022785
-112 0 0 0.00205346010625362 0.0416973009705544
-111 0 0 0.00209664995782077 0.0423992015421391
-110 0 0 0.00214034994132817 0.0431085005402565
-109 0 0 0.00218458008021116 0.043825700879097
-108 0 0 0.00221437006257474 0.0443083010613918
-107 0 0 0.00224440009333193 0.0447947010397911
-106 0 0 0.00227468996308744 0.0452850013971329
-105 0 0 0.00230523990467191 0.0457792989909649
-104 0 0 0.00233604991808534 0.0462777987122536
-103 0 0 0.00236714002676308 0.0467805005609989
-102 0 0 0.00239849998615682 0.0472875982522964
-101 0 0 0.00243014004081488 0.0477991998195648
-100 14 4 0.00246206996962428 0.0483155995607376
-99 0 0 0.00249429000541568 0.0488367006182671
-98 0 0 0.00252681993879378 0.049362700432539
-97 0 0 0.00255964999087155 0.0498939007520676
-96 0 0 0.00259278994053602 0.0504302009940147
-95 0 0 0.00262625003233552 0.0509719997644424
-94 0 0 0.0026600300334394 0.0515192002058029
-93 0 0 0.00269413995556533 0.0520722009241581
-92 0 0 0.00272859004326165 0.0526309981942177
-91 0 0 0.00276339007541537 0.0531958006322384
-90 0 0 0.00279853004030883 0.0537667013704777
-89 0 0 0.00283401994965971 0.0543439984321594
-88 0 0 0.00286988005973399 0.0549277998507023
-87 0 0 0.00290610990487039 0.0555182993412018
-86 0 0 0.0029427099507302 0.0561156012117863
-85 0 0 0.00296731991693377 0.0565177015960217
-84 0 0 0.00299210008233786 0.0569229014217854
-83 0 0 0.00301704998128116 0.0573314018547535
-82 0 0 0.00304218009114265 0.0577431991696358
-81 0 0 0.00306747993454337 0.0581583008170128
-80 0 0 0.00309295998886228 0.0585769005119801
-79 0 0 0.00311862002126873 0.0589989013969898
-78 0 0 0.00314446003176272 0.0594242997467518
-77 0 0 0.00317048002034426 0.0598534010350704
-76 0 0 0.00319668999873102 0.0602861009538174
-75 0 0 0.00322307995520532 0.0607225000858307
-74 0 0 0.00324965990148485 0.0611625984311104
-73 0 0 0.00327643007040024 0.0616065002977848
-72 0 0 0.00330338999629021 0.0620542988181114
-71 0 0 0.0033305399119854 0.0625059977173805
-70 0 0 0.00335788005031645 0.0629616975784302
-69 0 0 0.00338541995733976 0.0634215027093887
-68 0 0 0.00341315008699894 0.0638853013515472
-67 0 0 0.00344106997363269 0.0643533021211624
-66 0 0 0.00346920010633767 0.064825601875782
-65 0 0 0.00349751999601722 0.0653020963072777
-64 0 0 0.00352603988721967 0.0657830014824867
-63 0 0 0.00355475000105798 0.066268302500248
-62 0 0 0.00358366989530623 0.0667579993605614
-61 0 0 0.00361279002390802 0.0672523006796837
-60 0 0 0.00364210992120206 0.0677511021494865
-59 0 0 0.00367162004113197 0.0682545974850655
-58 0 0 0.00370133994147182 0.0687628015875816
-57 0 0 0.0037312600761652 0.0692757964134216
-56 0 0 0.00376136996783316 0.0697935000061989
-55 0 0 0.00379169010557234 0.0703160986304283
-54 0 0 0.0038222000002861 0.0708436965942383
-53 0 0 0.00385290989652276 0.071376197040081
-52 0 0 0.00387349002994597 0.0717338994145393
-51 0 0 0.00389416003599763 0.0720940008759499
-50 13 4 0.00391490990296006 0.0724562034010887
-49 0 0 0.00393575010821223 0.0728207975625992
-48 0 0 0.00395666994154453 0.0731875970959663
-47 0 0 0.00397768011316657 0.0735566988587379
-46 0 0 0.00399876991286874 0.0739281997084618
-45 0 0 0.00401995005086064 0.0743018984794617
-44 0 0 0.00404120003804564 0.0746779963374138
-43 0 0 0.0040625398978591 0.0750563964247704
-42 0 0 0.00408395985141397 0.0754370987415314
-41 0 0 0.00410545989871025 0.0758202001452446
-40 0 0 0.00412702979519963 0.07620570063591
-39 0 0 0.00414867978543043 0.0765936002135277
-38 0 0 0.00417040986940265 0.0769838020205498
-37 0 0 0.00419220980256796 0.0773764029145241
-36 0 0 0.00421408982947469 0.0777714028954506
-35 0 0 0.00423602992668748 0.0781688019633293
-34 0 0 0.00425805011764169 0.0785686001181602
-33 0 0 0.00428014015778899 0.0789707005023956
-32 0 0 0.00430228980258107 0.079375296831131
-31 0 0 0.00432451022788882 0.0797822996973991
-30 0 0 0.00434680003672838 0.0801917016506195
-29 0 0 0.00436914013698697 0.0806035026907921
-28 0 0 0.00439155008643866 0.0810177028179169
-27 0 0 0.00441400986164808 0.0814341977238655
-26 0 0 0.00443653017282486 0.0818532034754753
-25 0 0 0.00445909984409809 0.0822744965553284
-24 0 0 0.00448173005133867 0.0826983004808426
-23 0 0 0.004504410084337 0.0831243023276329
-22 0 0 0.00452713016420603 0.0835528001189232
-21 0 0 0.0045499000698328 0.0839836001396179
-20 0 0 0.00457269977778196 0.0844167023897171
-19 0 0 0.00459554977715015 0.0848521962761879
-18 0 0 0.00461843982338905 0.0852899998426437
-17 0 0 0.00464136013761163 0.0857300981879234
-16 0 0 0.0046643097884953 0.0861724019050598
-15 0 0 0.00468729017302394 0.0866170004010201
-14 0 0 0.00471029989421368 0.0870639011263847
-13 0 0 0.00473331985995173 0.0875129997730255
-12 0 0 0.00475637009367347 0.0879642963409424
-11 0 0 0.00477943988516927 0.0884177014231682
-10 0 0 0.00480251014232635 0.0888734012842178
-9 0 0 0.00482559995725751 0.0893310979008675
-8 0 0 0.00484868977218866 0.0897909998893738
-7 0 0 0.00487178983166814 0.0902530029416084
-6 0 0 0.00489488989114761 0.0907170027494431
-5 0 0 0.00491798017174006 0.0911829993128777
-4 0 0 0.00494106020778418 0.0916510000824928
-3 0 0 0.00496413977816701 0.092120997607708
-2 0 0 0.00497950986027718 0.0924353003501892
1 0 0 0.00499999988824129 0.092855803668499
1 0 0 0.00499999988824129 0.092855803668499
-2 0 0 0.00502046989277005 0.0932777971029282
-3 0 0 0.00503581995144486 0.0935953035950661
-4 0 0 0.00505881011486053 0.0940729007124901
-5 0 0 0.00508177001029253 0.0945523977279663
-6 0 0 0.00510470010340214 0.0950336009263992
-7 0 0 0.00512759014964104 0.0955165028572083
-8 0 0 0.00515044014900923 0.096000999212265
-9 0 0 0.00517323985695839 0.0964872017502785
-10 0 0 0.00519599998369813 0.0969749987125397
-11 0 0 0.00521870981901884 0.0974643006920815
-12 0 0 0.00524136004969478 0.0979551002383232
-13 0 0 0.00526395021006465 0.098447397351265
-14 0 0 0.00528647005558014 0.0989411026239395
-15 0 0 0.00530892983078957 0.0994362011551857
-16 0 0 0.00533132022246718 0.0999326035380363
-17 0 0 0.00535363983362913 0.100429996848106
-18 0 0 0.00537587003782392 0.100928999483585
-19 0 0 0.00539802992716432 0.101429000496864
-20 0 0 0.00542009994387627 0.101930998265743
-21 0 0 0.00544208008795977 0.102433003485203
-22 0 0 0.00546396989375353 0.102935999631882
-23 0 0 0.00548576004803181 0.103440999984741
-24 0 0 0.00550745986402035 0.103946000337601
-25 0 0 0.00552904978394508 0.10445299744606
-26 0 0 0.00555054005235434 0.1049600020051
-27 0 0 0.0055719199590385 0.10546799749136
-28 0 0 0.00559318996965885 0.105976998806
-29 0 0 0.00561433983966708 0.10648699849844
-30 0 0 0.00563537003472447 0.10699699819088
-31 0 0 0.00565628986805677 0.1075080037117
-32 0 0 0.00567707978188992 0.10802000015974
-33 0 0 0.00569775002077222 0.10853199660778
-34 0 0 0.00571828009560704 0.109044998884201
-35 0 0 0.00573869002982974 0.109558001160622
-36 0 0 0.00575895980000496 0.110072001814842
-37 0 0 0.00577910011634231 0.110586002469063
-38 0 0 0.00579909980297089 0.111100003123283
-39 0 0 0.00581895001232624 0.111615002155304
-40 0 0 0.00583866983652115 0.112130001187325
-41 0 0 0.00585824018344283 0.112645998597145
-42 0 0 0.00587766012176871 0.113162003457546
-43 0 0 0.00589693011716008 0.113677002489567
-44 0 0 0.00591605016961694 0.114192999899387
-45 0 0 0.00593501981347799 0.114710003137589
-46 0 0 0.00595383020117879 0.115226000547409
-47 0 0 0.00597249018028378 0.11574199795723
-48 0 0 0.00599098997190595 0.116259001195431
-49 0 0 0.0060093398205936 0.116774998605251
-50 2 4 0.00602752016857266 0.117292001843452
-51 0 0 0.00604553986340761 0.117807999253273
-52 0 0 0.00606339005753398 0.118323996663094
-53 0 0 0.00608108006417751 0.118840001523495
-54 0 0 0.00609860988333821 0.119355998933315
-55 0 0 0.00611597020179033 0.119871996343136
-56 0 0 0.00613316986709833 0.120388001203537
-57 0 0 0.00615018978714943 0.120903000235558
-58 0 0 0.00616704998537898 0.121417999267578
-59 0 0 0.00618374021723866 0.121932998299599
-60 0 0 0.00620024977251887 0.122447997331619
-61 0 0 0.00621660007163882 0.12296199798584
-62 0 0 0.00623277015984058 0.12347599864006
-63 0 0 0.00624878006055951 0.123989999294281
-64 0 0 0.00627245986834168 0.124760001897812
-65 0 0 0.00629574991762638 0.125529006123543
-66 0 0 0.00631865998730063 0.126296997070313
-67 0 0 0.00634117005392909 0.127064004540443
-68 0 0 0.00636328989639878 0.127829998731613
-69 0 0 0.006385019980371 0.128594994544983
-70 0 0 0.00640635984018445 0.129359006881714
-71 0 0 0.00642730994150043 0.130122005939484
-72 0 0 0.00644788006320596 0.130882993340492
-73 0 0 0.00646805018186569 0.131642997264862
-74 0 0 0.00648783007636666 0.132402002811432
-75 0 0 0.00650722999125719 0.133159995079041
-76 0 0 0.00652624014765024 0.13391600549221
-77 0 0 0.00654486985877156 0.134671002626419
-78 0 0 0.00656312005594373 0.135425001382828
-79 0 0 0.00658098002895713 0.136177003383636
-80 0 0 0.00659846980124712 0.136928007006645
-81 0 0 0.00661558005958796 0.137676998972893
-82 0 0 0.00663232011720538 0.13842499256134
-83 0 0 0.0066486899740994 0.139172002673149
-84 0 0 0.00666467985138297 0.139916002750397
-85 0 0 0.00668030977249146 0.140660002827644
-86 0 0 0.00669556995853782 0.141402006149292
-87 0 0 0.00671047996729612 0.142141997814178
-88 0 0 0.00672501977533102 0.142881006002426
-89 0 0 0.00673920987173915 0.143618002533913
-90 0 0 0.00675304001197219 0.144354000687599
-91 0 0 0.00676653021946549 0.145088002085686
-92 0 0 0.00677966000512242 0.145821005105972
-93 0 0 0.00679246010258794 0.146551996469498
-94 0 0 0.0068049100227654 0.147282004356384
-95 0 0 0.00681702001020312 0.14801000058651
-96 0 0 0.00683456985279918 0.149100005626678
-97 0 0 0.00685136998072267 0.150185003876686
-98 0 0 0.00686745019629598 0.151268005371094
-99 0 0 0.0068827997893095 0.15234699845314
-100 3 4 0.00689744995906949 0.153422996401787
-101 0 0 0.00691139977425337 0.154495000839233
-102 0 0 0.00692467018961906 0.155563995242119
-103 0 0 0.00693727005273104 0.156628996133804
-104 0 0 0.00694921007379889 0.15769100189209
-105 0 0 0.00696048978716135 0.158749997615814
-106 0 0 0.00697113992646337 0.159805998206139
-107 0 0 0.00698116980493069 0.160859003663063
-108 0 0 0.0069905798882246 0.161908000707626
-109 0 0 0.00699939019978046 0.16295400261879
-110 0 0 0.00700761983171105 0.163996994495392
-111 0 0 0.00701525993645191 0.165037006139755
-112 0 0 0.00702233985066414 0.166073992848396
-113 0 0 0.00702886004000902 0.167107999324799
-114 0 0 0.00703484984114766 0.16813899576664
-115 0 0 0.00704029994085431 0.169166997075081
-116 0 0 0.00704522989690304 0.170192003250122
-117 0 0 0.00704964995384216 0.171214997768402
-118 0 0 0.00705535989254713 0.172742992639542
-119 0 0 0.0070599801838398 0.174264997243881
-120 0 0 0.00706356996670365 0.17578099668026
-121 0 0 0.00706615019589663 0.177289992570877
-122 0 0 0.00706775998696685 0.178793996572495
-123 0 0 0.00706843007355928 0.180292993783951
124 4 2 0.00706845987588167 0.180663004517555
125 0 0 0.00706801982596517 0.18215499818325
126 0 0 0.00706577021628618 0.184380993247032
127 0 0 0.00706171011552215 0.186597004532814
128 0 0 0.00705596012994647 0.188800007104874
129 0 0 0.00704861991107464 0.190992996096611
130 0 0 0.00703979982063174 0.193176001310349
131 0 0 0.00702959997579455 0.195347994565964
132 0 0 0.00701812980696559 0.197510004043579
133 0 0 0.00700546987354755 0.199661999940872
134 0 0 0.00699173007160425 0.201805993914604
135 0 0 0.00697699002921581 0.203941002488136
136 0 0 0.00696134986355901 0.206066995859146
137 0 0 0.00694487988948822 0.208185002207756
138 0 0 0.00692768022418022 0.210295006632805
139 0 0 0.0069098100066185 0.212397992610931
140 0 0 0.00689136004075408 0.214493006467819
141 0 0 0.00687240995466709 0.216582000255585
142 0 0 0.00685301003977656 0.21866400539875
143 0 0 0.00683325016871095 0.220739006996155
144 0 0 0.00681318016722798 0.222809001803398
145 0 0 0.00679288012906909 0.22487199306488
146 0 0 0.00677239010110497 0.226930007338524
147 0 0 0.00674145994707942 0.230006992816925
148 0 0 0.00671043992042542 0.233072996139526
149 0 0 0.00667949998751283 0.236128002405167
150 5 4 0.00664883013814688 0.239172995090485
151 0 0 0.0066185500472784 0.242210000753403
152 0 0 0.00658883014693856 0.24523800611496
153 0 0 0.00655979011207819 0.248257994651794
154 0 0 0.00653153983876109 0.251271992921829
155 0 0 0.006504210177809 0.254278004169464
156 0 0 0.00647789984941483 0.257279992103577
157 0 0 0.00645270990207791 0.26027500629425
158 0 0 0.00641719019040465 0.264761000871658
159 0 0 0.00638464000076056 0.269237995147705
160 0 0 0.00635528983548284 0.273707002401352
161 0 0 0.00632931990548968 0.278171986341476
162 0 0 0.006306909956038 0.282633006572723
163 0 0 0.00628818990662694 0.287093013525009
164 0 0 0.0062732701189816 0.291552007198334
165 0 0 0.00626224000006914 0.29601201415062
166 0 0 0.00625516986474395 0.300475001335144
167 0 0 0.00625211000442505 0.304942011833191
-168 6 2 0.00625196984037757 0.306097000837326
-169 0 0 0.00625400012359023 0.310571014881134
-170 0 0 0.00626464979723096 0.317295998334885
-171 0 0 0.00628441013395786 0.32404100894928
-172 0 0 0.00631322013214231 0.330810993909836
-173 0 0 0.00635096011683345 0.337610006332397
-174 0 0 0.00639746012166142 0.344442009925842
-175 0 0 0.00645253993570805 0.351312011480331
-176 0 0 0.00651598023250699 0.358222991228104
-177 0 0 0.0065875300206244 0.365179985761642
-178 0 0 0.00666692992672324 0.372186005115509
-179 0 0 0.0067539201118052 0.379247009754181
-180 0 0 0.00684818997979164 0.386364996433258
-181 0 0 0.00694946013391018 0.393545985221863
-182 0 0 0.0070574302226305 0.400792986154556
-183 0 0 0.00717177987098694 0.4081110060215
-184 0 0 0.00729219987988472 0.415502995252609
-185 0 0 0.0074183801189065 0.422975987195969
-186 0 0 0.00755000021308661 0.4305320084095
-187 0 0 0.00768673000857234 0.438176989555359
-188 0 0 0.00782824028283358 0.445915997028351
-189 0 0 0.00797421019524336 0.453752994537354
-190 0 0 0.00812430027872324 0.461694002151489
-191 0 0 0.00827817991375923 0.469743013381958
-192 0 0 0.00843548960983753 0.477905988693237
-193 0 0 0.00859589967876673 0.486189007759094
-194 0 0 0.0087590403854847 0.494598001241684
-195 0 0 0.00892455037683249 0.503136992454529
-196 0 0 0.00909205991774797 0.511813998222351
-197 0 0 0.00926118995994329 0.520635008811951
-198 0 0 0.00943154003471136 0.529606997966766
-199 0 0 0.00960270036011934 0.538734972476959
-200 7 4 0.00977424997836351 0.548029005527496
-201 0 0 0.00994575023651123 0.557493984699249
-202 0 0 0.0101167997345328 0.567139983177185
-203 0 0 0.0102867996320128 0.576973021030426
-204 0 0 0.0104553001001477 0.587002992630005
-205 0 0 0.0106218997389078 0.59723699092865
-206 0 0 0.0107859000563622 0.607685983181
-207 0 0 0.0109468996524811 0.618357002735138
-208 0 0 0.0111042000353336 0.629262983798981
-209 0 0 0.0112571995705366 0.640411019325256
-210 0 0 0.0114051997661591 0.651813983917236
-211 0 0 0.0115476995706558 0.663480997085571
-212 0 0 0.0116838999092579 0.675423979759216
-213 0 0 0.0118129998445511 0.6876540184021
-214 0 0 0.0119345001876354 0.700183987617493
-215 0 0 0.0120473997667432 0.713025987148285
-216 0 0 0.0121510000899434 0.726190984249115
-217 0 0 0.0122445998713374 0.739692986011505
-218 0 0 0.0123273003846407 0.753544986248016
-219 0 0 0.0123984003439546 0.767759025096893
-220 0 0 0.0124570000916719 0.782348990440369
-221 0 0 0.0125024002045393 0.797326982021332
-222 0 0 0.0125337997451425 0.812707006931305
-223 0 0 0.012550700455904 0.828500986099243
224 8 2 0.0125535000115633 0.83823698759079
225 0 0 0.0125455996021628 0.85471898317337
226 0 0 0.0125217000022531 0.871644973754883
227 0 0 0.0124813001602888 0.889025986194611
228 0 0 0.0124243004247546 0.906871974468231
229 0 0 0.0123506002128124 0.925189018249512
230 0 0 0.0122603001073003 0.943987011909485
231 0 0 0.0121536999940872 0.963270008563995
232 0 0 0.0120312999933958 0.983042001724243
233 0 0 0.0118938004598022 1.00330996513367
234 0 0 0.0117423003539443 1.02406001091003
235 0 0 0.0115778995677829 1.04531002044678
236 0 0 0.0114021999761462 1.06704998016357
237 0 0 0.0112167000770569 1.08926999568939
238 0 0 0.0110235000029206 1.11197996139526
239 0 0 0.0108246002346277 1.13514995574951
240 0 0 0.0106223002076149 1.15877997875214
241 0 0 0.0104189999401569 1.18287003040314
242 0 0 0.0102172000333667 1.20739996433258
243 0 0 0.0100194998085499 1.23236000537872
244 0 0 0.00982846971601248 1.25773000717163
245 0 0 0.00964675005525351 1.2835099697113
246 0 0 0.0094768600538373 1.30966997146606
247 0 0 0.00932126026600599 1.33622002601624
248 0 0 0.00918230973184109 1.36312997341156
249 0 0 0.00906222965568304 1.3903900384903
250 9 4 0.00896306987851858 1.41798996925354
251 0 0 0.00888673961162567 1.44591999053955
252 0 0 0.00883493013679981 1.47416996955872
253 0 0 0.00880919024348259 1.50271999835968
-254 10 2 0.00880646985024214 1.51546001434326
-255 0 0 0.00882062036544085 1.54444003105164
-256 0 0 0.00886376015841961 1.57369995117188
-257 0 0 0.00893677957355976 1.60324001312256
-258 0 0 0.00904036965221167 1.63303995132446
-259 0 0 0.00917507987469435 1.66310000419617
-260 0 0 0.00934130977839231 1.69342005252838
-261 0 0 0.00953929033130407 1.72397005558014
-262 0 0 0.00976912956684828 1.75477004051208
-263 0 0 0.0100307995453477 1.7858099937439
-264 0 0 0.0103243002668023 1.8170599937439
-265 0 0 0.0106491995975375 1.84854996204376
-266 0 0 0.011005399748683 1.88024997711182
-267 0 0 0.0113923996686935 1.91216003894806
-268 0 0 0.0118097998201847 1.9442800283432
-269 0 0 0.0122570004314184 1.97660005092621
-270 0 0 0.012733600102365 2.00913000106812
-271 0 0 0.0132387997582555 2.04184007644653
-272 0 0 0.0137721998617053 2.07474994659424
-273 0 0 0.0143328998237848 2.10784006118774
-274 0 0 0.0149204004555941 2.14110994338989
-275 0 0 0.0155338998883963 2.17456007003784
-276 0 0 0.0161726996302605 2.20818996429443
-277 0 0 0.0168360993266106 2.24198007583618
-278 0 0 0.0175232999026775 2.27592992782593
-279 0 0 0.0182335991412401 2.31005001068115
-280 0 0 0.0189663004130125 2.34432005882263
-281 0 0 0.0197206009179354 2.37874007225037
-282 0 0 0.0204958003014326 2.41331005096436
-283 0 0 0.0212913006544113 2.4480299949646
-284 0 0 0.0221062004566193 2.48288011550903
-285 0 0 0.0229400005191565 2.51786994934082
-286 0 0 0.0237918999046087 2.5529899597168
-287 0 0 0.0246613007038832 2.58822989463806
-288 0 0 0.0255475006997585 2.62360000610352
-289 0 0 0.0264499001204967 2.65909004211426
-290 0 0 0.0273678991943598 2.69468998908997
-291 0 0 0.0283007994294167 2.73041009902954
-292 0 0 0.0292482003569603 2.76623010635376
-293 0 0 0.0302092991769314 2.80215001106262
-294 0 0 0.0311837997287512 2.83818006515503
-295 0 0 0.0321708992123604 2.87430000305176
-296 0 0 0.0331703014671803 2.91051006317139
-297 0 0 0.0341815017163754 2.94682002067566
-298 0 0 0.0352039001882076 2.98321008682251
-299 0 0 0.0362370014190674 3.01968002319336
-300 11 4 0.0372804999351501 3.05623006820679
-301 0 0 0.0383340008556843 3.09285998344421
-302 0 0 0.0393969006836414 3.1295599937439
-303 0 0 0.0404689013957977 3.16634011268616
-304 0 0 0.0415496006608009 3.20318007469177
-305 0 0 0.0426387004554272 3.24008011817932
-306 0 0 0.0437357984483242 3.27705001831055
-307 0 0 0.0448404997587204 3.31407999992371
-308 0 0 0.0459525994956493 3.3511700630188
-309 0 0 0.0470716990530491 3.38830995559692
-310 0 0 0.0481975004076958 3.42549991607666
-311 0 0 0.0493297018110752 3.46274995803833
-312 12 9 0.050468098372221 3.50004005432129
