-334 19 9 -0.0501800999045372 -0.368804007768631
-333 0 0 -0.0493947006762028 -0.363357990980148
-332 0 0 -0.0486088991165161 -0.357939004898071
-331 0 0 -0.0478225015103817 -0.352544993162155
-330 0 0 -0.0470348000526428 -0.347173988819122
-329 0 0 -0.0462453998625278 -0.341823995113373
-328 0 0 -0.0454538986086845 -0.336492985486984
-327 0 0 -0.0446599014103413 -0.33118000626564
-326 0 0 -0.0438627004623413 -0.325883001089096
-325 0 0 -0.0430620014667511 -0.320598989725113
-324 0 0 -0.0422573015093803 -0.315326005220413
-323 0 0 -0.0414481982588768 -0.310063987970352
-322 0 0 -0.0406341999769211 -0.304809004068375
-321 0 0 -0.0398146994411945 -0.299558997154236
-320 0 0 -0.0389894992113113 -0.294313013553619
-319 0 0 -0.0381579995155334 -0.289068013429642
-318 0 0 -0.0373198986053467 -0.283822000026703
-317 0 0 -0.0364747010171413 -0.278573006391525
-316 0 0 -0.0359071008861065 -0.275070011615753
-315 0 0 -0.0353362001478672 -0.271562993526459
-314 0 0 -0.0347617007791996 -0.268052995204926
-313 0 0 -0.0341836996376514 -0.264537006616592
-312 0 0 -0.033602099865675 -0.261014997959137
-311 0 0 -0.0330167002975941 -0.257486999034882
-310 0 0 -0.0324275009334087 -0.253951013088226
-309 0 0 -0.031834501773119 -0.250405997037888
-308 0 0 -0.0312376990914345 -0.246851995587349
-307 0 0 -0.0306368991732597 -0.243286997079849
-306 0 0 -0.0300322994589806 -0.239711001515388
-305 0 0 -0.0294237993657589 -0.236120998859406
-304 0 0 -0.029015900567174 -0.233721002936363
-303 0 0 -0.0286063998937607 -0.23131400346756
-302 0 0 -0.0281952004879713 -0.228900000452995
-301 0 0 -0.0277823004871607 -0.22647899389267
-300 18 4 -0.0273678004741669 -0.224050000309944
-299 0 0 -0.0269515998661518 -0.221614003181458
-298 0 0 -0.0265338998287916 -0.21916800737381
-297 0 0 -0.0261145997792482 -0.21671399474144
-296 0 0 -0.0256939008831978 -0.21425099670887
-295 0 0 -0.025271600112319 -0.211777999997139
-294 0 0 -0.024847999215126 -0.209294006228447
-293 0 0 -0.024422999471426 -0.206799998879433
-292 0 0 -0.0239966996014118 -0.204294994473457
-291 0 0 -0.0235690996050835 -0.201777994632721
-290 0 0 -0.02314049936831 -0.199248000979424
-289 0 0 -0.0227106995880604 -0.196705996990204
-288 0 0 -0.0222800001502037 -0.194150999188423
-287 0 0 -0.0218483004719019 -0.19158099591732
-286 0 0 -0.021415900439024 -0.188997000455856
-285 0 0 -0.0209826994687319 -0.18639799952507
-284 0 0 -0.0205489005893469 -0.183782994747162
-283 0 0 -0.0201146993786097 -0.181151002645493
-282 0 0 -0.0196800995618105 -0.178503006696701
-281 0 0 -0.0192451998591423 -0.175835996866226
-280 0 0 -0.0188103001564741 -0.17315100133419
-279 0 0 -0.0183754004538059 -0.170447006821632
-278 0 0 -0.0179407000541687 -0.167723000049591
-277 0 0 -0.0175062995404005 -0.164977997541428
-276 0 0 -0.0170725006610155 -0.162211999297142
-275 0 0 -0.0166392996907234 -0.159424006938934
-274 0 0 -0.0162070002406836 -0.156613007187843
-273 0 0 -0.0157757997512817 -0.153779000043869
-272 0 0 -0.0153459003195167 -0.150922000408173
-271 0 0 -0.0149175003170967 -0.148040995001793
-270 0 0 -0.0144907999783754 -0.145135998725891
-269 0 0 -0.0140661997720599 -0.142205998301506
-268 0 0 -0.0136438999325037 -0.139253005385399
-267 0 0 -0.0132242999970913 -0.136276006698608
-266 0 0 -0.0128076998516917 -0.133276000618935
-265 0 0 -0.0123945996165276 -0.130255997180939
-264 0 0 -0.0119853001087904 -0.127215996384621
-263 0 0 -0.0115802995860577 -0.124159000813961
-262 0 0 -0.0111803002655506 -0.121087998151779
-261 0 0 -0.0107859000563622 -0.118009001016617
-260 0 0 -0.0103976996615529 -0.114924997091293
-259 0 0 -0.0100164003670216 -0.111844003200531
-258 0 0 -0.00964288040995598 -0.108770996332169
-257 0 0 -0.00927792955189943 -0.105715997517109
-256 0 0 -0.00892235990613699 -0.102686002850533
-255 0 0 -0.00857697986066341 -0.0996920987963676
-254 0 0 -0.00824251025915146 -0.0967423990368843
-253 0 0 -0.00791958998888731 -0.0938464030623436
-252 0 0 -0.00760874012485147 -0.0910125970840454
-251 0 0 -0.00731032015755773 -0.0882482975721359
-250 17 4 -0.00702450005337596 -0.0855598002672195
-249 0 0 -0.00675131985917687 -0.0829515010118484
-248 0 0 -0.00649063009768724 -0.080426499247551
-247 0 0 -0.00624216021969914 -0.0779865011572838
-246 0 0 -0.00600552000105381 -0.0756317004561424
-245 0 0 -0.00578022981062531 -0.0733610987663269
-244 0 0 -0.00556576019152999 -0.0711728036403656
-243 0 0 -0.00536153977736831 -0.0690642967820168
-242 0 0 -0.00516697997227311 -0.0670323967933655
-241 0 0 -0.00498150009661913 -0.0650736019015312
-240 0 0 -0.00480449991300702 -0.0631842985749245
-239 0 0 -0.00463544996455312 -0.0613606981933117
-238 0 0 -0.00447381008416414 -0.0595989003777504
-237 0 0 -0.00431906012818217 -0.0578951016068459
-236 0 0 -0.00417074980214238 -0.0562459006905556
-235 0 0 -0.0040284302085638 -0.0546475015580654
-234 0 0 -0.00389167992398143 -0.0530965998768806
-233 0 0 -0.00376012991182506 -0.0515900999307632
-232 0 0 -0.00363340997137129 -0.0501247011125088
-231 0 0 -0.0035111999604851 -0.0486975982785225
-230 0 0 -0.00339318998157978 -0.0473059006035328
-229 0 0 -0.00327909993939102 -0.0459471009671688
-228 0 0 -0.00316864997148514 -0.0446185991168022
-227 0 0 -0.00306162005290389 -0.0433179996907711
-226 0 0 -0.00295775011181831 -0.042043000459671
-225 0 0 -0.00285683991387486 -0.0407912991940975
-224 0 0 -0.00275868992321193 -0.0395607985556126
-223 0 0 -0.0026630898937583 -0.0383495017886162
-222 0 0 -0.00256988010369241 -0.0371553003787994
-221 0 0 -0.00247887009754777 -0.0359761007130146
-220 0 0 -0.0023898899089545 -0.0348100997507572
-219 0 0 -0.00230280007235706 -0.0336550995707512
-218 0 0 -0.00221741991117597 -0.0325092002749443
-217 0 0 -0.00213360995985568 -0.0313702002167702
-216 0 0 -0.00205121003091335 -0.0302361007779837
-215 0 0 -0.00197006994858384 -0.0291045997291803
-214 0 0 -0.00189000996761024 -0.0279731005430222
-213 0 0 -0.00181089004036039 -0.0268392004072666
-212 0 0 -0.00173251994419843 -0.0256999004632235
-211 0 0 -0.0016547100385651 -0.0245520006865263
-210 0 0 -0.00157724996097386 -0.0233916994184256
-209 0 0 -0.00149990001227707 -0.0222149007022381
-208 0 0 -0.00144827004987746 -0.0214185994118452
-207 0 0 -0.00139647000469267 -0.0206109005957842
-206 0 0 -0.00134441000409424 -0.0197896994650364
-205 0 0 -0.00129193998873234 -0.0189526006579399
-204 0 0 -0.00123894005082548 -0.0180968008935452
-203 0 0 -0.00118521996773779 -0.0172188002616167
-202 0 0 -0.0011489000171423 -0.01661909930408
-201 0 0 -0.00111209996975958 -0.016006100922823
-200 16 4 -0.00107472005765885 -0.0153782004490495
-199 0 0 -0.00103666994255036 -0.0147331999614835
-198 0 0 -0.000997800030745566 -0.0140687003731728
-197 0 0 -0.00097136601107195 -0.0136131998151541
-196 0 0 -0.000944452011026442 -0.0131465997546911
-195 0 0 -0.000916990975383669 -0.0126676000654697
-194 0 0 -0.000888910028152168 -0.0121747003868222
-193 0 0 -0.000860118016134948 -0.0116659002378583
-192 0 0 -0.000840475026052445 -0.0113169997930527
-191 0 0 -0.000820429006125778 -0.0109593002125621
-190 0 0 -0.000799936999101192 -0.0105921002104878
-189 0 0 -0.000778944988269359 -0.0102142002433538
-188 0 0 -0.000757393019739538 -0.00982446037232876
-187 0 0 -0.000735207984689623 -0.00942142028361559
-186 0 0 -0.000720023992471397 -0.00914448965340853
-185 0 0 -0.000704488018527627 -0.00886026956140995
-184 0 0 -0.000688563974108547 -0.00856804009526968
-183 0 0 -0.000672212976496667 -0.00826700031757355
-182 0 0 -0.000655382988043129 -0.00795616023242474
-181 0 0 -0.000638018012978137 -0.00763437012210488
-180 0 0 -0.00062610802706331 -0.00741309020668268
-179 0 0 -0.000613906013313681 -0.00718584982678294
-178 0 0 -0.000601381005253643 -0.00695209996774793
-177 0 0 -0.000588501978199929 -0.00671119010075927
-176 0 0 -0.000575229001697153 -0.00646237004548311
-175 0 0 -0.000561518012546003 -0.00620474014431238
-174 0 0 -0.000552107987459749 -0.00602756999433041
-173 0 0 -0.000542460009455681 -0.00584565009921789
-172 0 0 -0.000532552017830312 -0.00565855018794537
-171 0 0 -0.000522361020557582 -0.00546577991917729
-170 0 0 -0.000511855992954224 -0.00526678003370762
-169 0 0 -0.000501004979014397 -0.00506087020039558
-168 0 0 -0.000493558007292449 -0.00491937017068267
-167 0 0 -0.000485925993416458 -0.00477419001981616
-166 0 0 -0.000478091998957098 -0.00462502008304
-165 0 0 -0.000470038008643314 -0.00447149015963078
-164 0 0 -0.00046174498856999 -0.00431321002542973
-163 0 0 -0.000453187007224187 -0.00414970982819796
-162 0 0 -0.000444336998043582 -0.00398042984306812
-161 0 0 -0.000438257993664593 -0.00386404991149902
-160 0 0 -0.000432024011388421 -0.00374460010789335
-159 0 0 -0.000425620994064957 -0.00362181989476085
-158 0 0 -0.000419035000959411 -0.00349543010815978
-157 0 0 -0.000412247987696901 -0.00336509989574552
-156 0 0 -0.00040524298674427 -0.00323044997639954
-155 0 0 -0.000397995987441391 -0.00309105007909238
-154 0 0 -0.000390481000067666 -0.00294638006016612
-153 0 0 -0.000382667989470065 -0.00279583991505206
-152 0 0 -0.000374519004253671 -0.00263871997594833
-151 0 0 -0.000365991989383474 -0.00247414992190897
-150 15 4 -0.000357031996827573 -0.00230107991956174
-149 0 0 -0.00034757298999466 -0.00211823009885848
-148 0 0 -0.000337536010192707 -0.00192402000539005
-147 0 0 -0.000326818990288302 -0.00171648000832647
-146 0 0 -0.000315300014335662 -0.00149320997297764
-145 0 0 -0.000302831991575658 -0.00125130999367684
-144 0 0 -0.000289251998765394 -0.000987611012533307
-143 0 0 -0.000274429999990389 -0.00069950899342075
-142 0 0 -0.000258374988334253 -0.000387175008654594
-141 0 0 -0.000241432004258968 -5.72735007153824E-05
-140 0 0 -0.00020776700694114 0.00059891800628975
-139 0 0 -5.28394994034898E-05 0.00362239009700716
-138 0 0 9.9831901025027E-05 0.00658626016229391
-137 0 0 0.00020794800366275 0.00866199005395174
-136 0 0 0.000298338010907173 0.010376900434494
-135 0 0 0.000378817989258096 0.0118856001645327
-134 0 0 0.000452931999461725 0.0132585000246763
-133 0 0 0.000522637972608209 0.0145348003134131
-132 0 0 0.000589150993619114 0.0157389007508755
-131 0 0 0.000653285998851061 0.0168871004134417
-130 0 0 0.000715623027645051 0.0179913006722927
-129 0 0 0.000776592001784593 0.0190600007772446
-128 0 0 0.000836524006444961 0.02010009996593
-127 0 0 0.000895683013368398 0.0211169999092817
-126 0 0 0.000954278977587819 0.0221148002892733
-125 0 0 0.00101249001454562 0.023097200319171
-124 0 0 0.00107046996708959 0.0240674000233412
-123 0 0 0.00112834002356976 0.0250278003513813
-122 0 0 0.00118621997535229 0.0259808003902435
-121 0 0 0.00124421005602926 0.026928499341011
-120 0 0 0.00130240002181381 0.0278725996613503
-119 0 0 0.00136086996644735 0.0288148000836372
-118 0 0 0.00141969998367131 0.0297567006200552
-117 0 0 0.00147896003909409 0.0306995995342731
-116 0 0 0.0015387199819088 0.0316451005637646
-115 0 0 0.0015788699965924 0.0322773009538651
-114 0 0 0.00161928997840732 0.0329116992652416
-113 0 0 0.00165999005548656 0.0335482992231846
-112 0 0 0.0017010000301525 0.0341878011822701
-111 0 0 0.00174233003053814 0.0348302982747555
-110 0 0 0.0017840099753812 0.0354763008654118
-109 0 0 0.00182602996937931 0.0361259989440441
-108 0 0 0.00186843995470554 0.0367798991501331
-107 0 0 0.00191123003605753 0.0374382995069027
-106 0 0 0.00195443001575768 0.0381014011800289
-105 0 0 0.00199805991724133 0.0387696996331215
-104 0 0 0.00204213010147214 0.039443600922823
-103 0 0 0.00208665989339352 0.0401231981813908
-102 0 0 0.00213167001493275 0.0408090986311436
-101 0 0 0.00217717001214623 0.0415016002953053
-100 14 4 0.00222317990846932 0.0422009006142616
-99 0 0 0.002269719960168 0.0429075993597507
-98 0 0 0.002316809957847 0.0436219982802868
-97 0 0 0.00234851008281112 0.0441027991473675
-96 0 0 0.00238048005849123 0.0445871986448765
-95 0 0 0.00241270009428263 0.045075498521328
-94 0 0 0.00244518998079002 0.045567698776722
-93 0 0 0.00247795996256173 0.0460638999938965
-92 0 0 0.00251100002788007 0.0465644001960754
-91 0 0 0.00254432996734977 0.0470691993832588
-90 0 0 0.00257794000208378 0.0475784987211227
-89 0 0 0.00261185993440449 0.0480922982096672
-88 0 0 0.0026460699737072 0.0486108995974064
-87 0 0 0.00268058991059661 0.049134399741888
-86 0 0 0.00271541997790337 0.0496627986431122
-85 0 0 0.0027505699545145 0.0501964017748833
-84 0 0 0.00278604007326066 0.0507352016866207
-83 0 0 0.00282184989191592 0.0512796007096767
-82 0 0 0.00285798008553684 0.0518294982612133
-81 0 0 0.00289445999078453 0.0523850992321968
-80 0 0 0.00293129007332027 0.0529466010630131
-79 0 0 0.00296846008859575 0.0535142011940479
-78 0 0 0.00300600007176399 0.0540881007909775
-77 0 0 0.00304390001110733 0.0546682998538017
-76 0 0 0.00308216991834342 0.0552551001310349
-75 0 0 0.00312081002630293 0.0558485984802246
-74 0 0 0.00314677995629609 0.0562480986118317
-73 0 0 0.00317292008548975 0.0566507987678051
-72 0 0 0.00319923995994031 0.0570565983653069
-71 0 0 0.00322572002187371 0.0574656017124653
-70 0 0 0.00325239007361233 0.0578779987990856
-69 0 0 0.00327923009172082 0.0582935996353626
-68 0 0 0.00330624007619917 0.0587126985192299
-67 0 0 0.00333344005048275 0.0591351985931396
-66 0 0 0.00336080999113619 0.059561301022768
-65 0 0 0.00338836992159486 0.0599909014999866
-64 0 0 0.00341610005125403 0.0604241006076336
-63 0 0 0.00344402994960546 0.0608609989285469
-62 0 0 0.00347213004715741 0.0613017007708549
-61 0 0 0.0035004299134016 0.0617461018264294
-60 0 0 0.00352890999056399 0.062194399535656
-59 0 0 0.00355757004581392 0.0626465976238251
-58 0 0 0.00358643010258675 0.0631029009819031
-57 0 0 0.00361546990461648 0.0635631009936333
-56 0 0 0.00364469992928207 0.0640273988246918
-55 0 0 0.00367412995547056 0.0644958987832069
-54 0 0 0.0037037399597466 0.0649686008691788
-53 0 0 0.00373353995382786 0.065445601940155
-52 0 0 0.00376352993771434 0.0659269019961357
-51 0 0 0.00379371992312372 0.0664125978946686
-50 13 4 0.00382408988662064 0.0669028013944626
-49 0 0 0.00385465007275343 0.0673974975943565
-48 0 0 0.0038854000158608 0.0678967013955116
-47 0 0 0.00391633994877338 0.0684005990624428
-46 0 0 0.00394746009260416 0.0689091011881828
-45 0 0 0.00397877022624016 0.0694222971796989
-44 0 0 0.00401026988402009 0.0699404031038284
-43 0 0 0.00404193997383118 0.0704632997512817
-42 0 0 0.00407380005344748 0.0709910988807678
-41 0 0 0.00410583987832069 0.0715238004922867
-40 0 0 0.00412729009985924 0.0718816965818405
-39 0 0 0.00414883019402623 0.072241798043251
-38 0 0 0.00417044013738632 0.072604201734066
-37 0 0 0.00419211992993951 0.0729688033461571
-36 0 0 0.00421387981623411 0.073335699737072
-35 0 0 0.00423571979627013 0.0737048983573914
-34 0 0 0.00425761984661222 0.0740763023495674
-33 0 0 0.00427959999069571 0.0744500979781151
-32 0 0 0.00430164998397231 0.0748262032866478
-31 0 0 0.004323769826442 0.0752046033740044
-30 0 0 0.00434595998376608 0.0755852982401848
-29 0 0 0.00436821021139622 0.0759683027863503
-28 0 0 0.00439052982255816 0.0763536989688873
-27 0 0 0.00441290996968746 0.0767415016889572
-26 0 0 0.00443535996600986 0.077131599187851
-25 0 0 0.00445785978808999 0.0775239989161491
-24 0 0 0.00448042014613748 0.0779189020395279
-23 0 0 0.00450304010882974 0.0783160999417305
-22 0 0 0.00452572014182806 0.0787156969308853
-21 0 0 0.00454845000058413 0.0791176036000252
-20 0 0 0.0045712199062109 0.0795219019055367
-19 0 0 0.00459404988214374 0.0799285992980003
-18 0 0 0.00461691990494728 0.0803377032279968
-17 0 0 0.00463984021916986 0.0807491987943649
-16 0 0 0.00466280011460185 0.0811629965901375
-15 0 0 0.00468580005690455 0.0815792009234428
-14 0 0 0.00470882980152965 0.0819977000355721
-13 0 0 0.00473190005868673 0.0824185982346535
-12 0 0 0.00475500011816621 0.0828419029712677
-11 0 0 0.00477812997996807 0.0832673981785774
-10 0 0 0.00480129010975361 0.0836953967809677
-9 0 0 0.00482446001842618 0.0841256007552147
-8 0 0 0.00484766019508243 0.0845580995082855
-7 0 0 0.00487087992951274 0.0849929973483086
-6 0 0 0.00489410012960434 0.0854301005601883
-5 0 0 0.00491733988747001 0.0858694985508919
-4 0 0 0.004940589889884 0.0863111019134521
-3 0 0 0.00496383989229798 0.0867550000548363
-2 0 0 0.00497933989390731 0.0870520994067192
1 0 0 0.00499999988824129 0.0874497964978218
1 0 0 0.00499999988824129 0.0874497964978218
-2 0 0 0.00502065988257527 0.0878492966294289
-3 0 0 0.00503615010529757 0.0881500020623207
-4 0 0 0.0050593800842762 0.0886028036475182
-5 0 0 0.00508259003981948 0.0890576988458633
-6 0 0 0.00510579021647573 0.0895147994160652
-7 0 0 0.0051289601251483 0.0899738967418671
-8 0 0 0.00515211001038551 0.0904351025819778
-9 0 0 0.00517521984875202 0.0908982008695602
-10 0 0 0.00519831012934446 0.091363400220871
-11 0 0 0.00522135011851788 0.0918304994702339
-12 0 0 0.00524435983970761 0.0922994986176491
-13 0 0 0.0052673202008009 0.0927705019712448
-14 0 0 0.00529022980481386 0.0932433009147644
-15 0 0 0.00531307980418205 0.0937179028987885
-16 0 0 0.0053358799777925 0.0941942036151886
-17 0 0 0.00535860983654857 0.0946723967790604
-18 0 0 0.00538128009065986 0.0951521992683411
-19 0 0 0.00540388002991676 0.0956337973475456
-20 0 0 0.00542641011998057 0.0961169004440308
-21 0 0 0.00544886011630297 0.096601702272892
-22 0 0 0.00547121977433562 0.0970880016684532
-23 0 0 0.00549349980428815 0.0975757986307144
-24 0 0 0.00551568996161222 0.0980651006102562
-25 0 0 0.00553778000175953 0.098555900156498
-26 0 0 0.00555978016927838 0.0990480035543442
-27 0 0 0.00558168021962047 0.099541500210762
-28 0 0 0.00560346012935042 0.10003600269556
-29 0 0 0.00562513992190361 0.100532002747059
-30 0 0 0.00564670981839299 0.101029999554157
-31 0 0 0.00566816003993154 0.101527996361256
-32 0 0 0.00568947987630963 0.102027997374535
-33 0 0 0.00571068003773689 0.102527998387814
-34 0 0 0.00573176005855203 0.103030003607273
-35 0 0 0.00575269991531968 0.103532999753952
-36 0 0 0.00577350985258818 0.104036003351212
-37 0 0 0.00579416984692216 0.104541003704071
-38 0 0 0.00581469992175698 0.10504599660635
-39 0 0 0.00583508005365729 0.10555200278759
-40 0 0 0.00585532002151012 0.106058999896049
-41 0 0 0.00587539980188012 0.10656700283289
-42 0 0 0.00589533010497689 0.107075996696949
-43 0 0 0.00591510022059083 0.107584998011589
-44 0 0 0.00593471014872193 0.108094997704029
-45 0 0 0.0059541598893702 0.108604997396469
-46 0 0 0.00597344012930989 0.10911600291729
-47 0 0 0.00599256018176675 0.10962700098753
-48 0 0 0.00601150980219245 0.11013899743557
-49 0 0 0.00603028014302254 0.11065100133419
-50 2 4 0.00604888005182147 0.111164003610611
-51 0 0 0.00606730999425054 0.111676998436451
-52 0 0 0.00608554994687438 0.112190000712872
-53 0 0 0.00610361993312836 0.112703002989292
-54 0 0 0.00612149992957711 0.113217003643513
-55 0 0 0.00613920018076897 0.113730996847153
-56 0 0 0.00615670997649431 0.114244997501373
-57 0 0 0.00617404002696276 0.114758998155594
-58 0 0 0.00619116984307766 0.115273997187614
-59 0 0 0.00620811991393566 0.115787997841835
-60 0 0 0.00622487021610141 0.116302996873856
-61 0 0 0.00624143984168768 0.116816997528076
-62 0 0 0.00625779991969466 0.117331996560097
-63 0 0 0.00627397978678346 0.117845997214317
-64 0 0 0.00628995010629296 0.118359997868538
-65 0 0 0.00630572997033596 0.118873998522758
-66 0 0 0.00632131984457374 0.119387999176979
-67 0 0 0.00633670017123222 0.1199019998312
-68 0 0 0.0063518900424242 0.12041600048542
-69 0 0 0.0063668699003756 0.120930001139641
-70 0 0 0.00638165976852179 0.121443003416061
-71 0 0 0.00639624986797571 0.121955998241901
-72 0 0 0.00641062995418906 0.122469000518322
-73 0 0 0.00642482005059719 0.122980996966362
-74 0 0 0.00643880013376474 0.123493000864983
-75 0 0 0.00645940005779266 0.124260999262333
-76 0 0 0.00647953990846872 0.125027999281883
-77 0 0 0.00649924017488956 0.125793993473053
-78 0 0 0.00651847990229726 0.126559004187584
-79 0 0 0.00653726980090141 0.127323001623154
-80 0 0 0.00655560987070203 0.128086000680923
-81 0 0 0.0065735001116991 0.128848001360893
-82 0 0 0.00659094005823135 0.129609003663063
-83 0 0 0.0066079399548471 0.130367994308472
-84 0 0 0.0066244900226593 0.131126999855042
-85 0 0 0.006640600040555 0.13188399374485
-86 0 0 0.00665627000853419 0.13264000415802
-87 0 0 0.0066715101711452 0.133395001292229
-88 0 0 0.00668630981817842 0.134148001670837
-89 0 0 0.00670068012550473 0.134901002049446
-90 0 0 0.00671462994068861 0.135651007294655
-91 0 0 0.0067281499505043 0.136400997638702
-92 0 0 0.00674124015495181 0.137149006128311
-93 0 0 0.00675392989069223 0.137895002961159
-94 0 0 0.00676618982106447 0.138640001416206
-95 0 0 0.0067780502140522 0.139384001493454
-96 0 0 0.00678949989378452 0.140126004815102
-97 0 0 0.00680055003613234 0.140866994857788
-98 0 0 0.00681120017543435 0.141606003046036
-99 0 0 0.00682144984602928 0.142343997955322
-100 3 4 0.00683132000267506 0.143079996109009
-101 0 0 0.00684079993516207 0.143814995884895
-102 0 0 0.00684989988803864 0.144547998905182
-103 0 0 0.00685861986130476 0.145280003547668
-104 0 0 0.00686697009950876 0.146009996533394
-105 0 0 0.00687495013698936 0.146737992763519
-106 0 0 0.00688257021829486 0.147466003894806
-107 0 0 0.00688982987776399 0.148191004991531
-108 0 0 0.00690005021169782 0.149277001619339
-109 0 0 0.00690949987620115 0.150359004735947
-110 0 0 0.00691817002370954 0.151437997817993
-111 0 0 0.0069260997697711 0.15251399576664
-112 0 0 0.00693329004570842 0.153586000204086
-113 0 0 0.00693977018818259 0.154654994606972
-114 0 0 0.00694554019719362 0.155720993876457
-115 0 0 0.00695062009617686 0.156782999634743
-116 0 0 0.00695502990856767 0.157841995358467
-117 0 0 0.00695879012346268 0.158897995948792
-118 0 0 0.00696191005408764 0.159950003027916
-119 0 0 0.00696439994499087 0.160999998450279
-120 0 0 0.00696629006415606 0.162046000361443
-121 0 0 0.00696759019047022 0.163089007139206
-122 0 0 0.00696829985827208 0.164130002260208
-123 4 2 0.00696846982464194 0.164939999580383
124 0 0 0.00696820020675659 0.165974006056786
125 0 0 0.00696679018437862 0.167520999908447
126 0 0 0.00696422997862101 0.169061005115509
127 0 0 0.00696056988090277 0.17059500515461
128 0 0 0.00695586018264294 0.172122001647949
129 0 0 0.00695013999938965 0.173642992973328
130 0 0 0.00694346008822322 0.175157994031906
131 0 0 0.0069358698092401 0.176668003201485
132 0 0 0.00692741014063358 0.178170993924141
133 0 0 0.00691812997683883 0.179667994379997
134 0 0 0.00690806983038783 0.181161001324654
135 0 0 0.00689727999269962 0.182647004723549
136 0 0 0.00688580004498363 0.184128999710083
137 0 0 0.00687365978956223 0.185605004429817
138 0 0 0.00686092022806406 0.18707600235939
139 0 0 0.00684759998694062 0.188541993498802
140 0 0 0.00683374004438519 0.190002992749214
141 0 0 0.00681939022615552 0.191459000110626
142 0 0 0.0068045798689127 0.192910999059677
143 0 0 0.00678934995085001 0.194359004497528
144 0 0 0.00677372002974153 0.195802003145218
145 0 0 0.00675773993134499 0.197239995002747
146 0 0 0.00673316977918148 0.19938999414444
147 0 0 0.00670797005295753 0.201532006263733
148 0 0 0.00668225018307567 0.203664004802704
149 0 0 0.00665610982105136 0.205788001418114
150 5 4 0.00662965001538396 0.207903996109962
151 0 0 0.00660292990505695 0.210012003779411
152 0 0 0.00657607009634376 0.212111994624138
153 0 0 0.00654913019388914 0.214204996824265
154 0 0 0.00652218982577324 0.21629199385643
155 0 0 0.00649533001706004 0.218372002243996
156 0 0 0.00646860990673304 0.2204450070858
157 0 0 0.00644209980964661 0.222512006759644
158 0 0 0.00641585979610682 0.224573999643326
159 0 0 0.00638996018096805 0.226630002260208
160 0 0 0.00635184999555349 0.229703992605209
161 0 0 0.00631478009745479 0.232767000794411
162 0 0 0.0062789199873805 0.23581899702549
163 0 0 0.00624440982937813 0.238860994577408
164 0 0 0.0062113800086081 0.241895005106926
165 0 0 0.00617995020002127 0.244920000433922
166 0 0 0.0061502200551331 0.247938007116318
167 0 0 0.00612229015678167 0.250948011875153
168 0 0 0.00609624991193414 0.253951996564865
169 0 0 0.00607215985655785 0.256951004266739
170 0 0 0.0060500898398459 0.25994399189949
171 0 0 0.00603009993210435 0.262932002544403
172 0 0 0.00600410019978881 0.267408013343811
173 0 0 0.00598300993442535 0.271874994039536
174 0 0 0.00596693018451333 0.276338011026382
175 0 0 0.00595590006560087 0.280795991420746
176 0 0 0.00594996986910701 0.28525099158287
177 6 2 0.00594886019825935 0.288186013698578
-178 0 0 0.00595141993835568 0.292641013860703
-179 0 0 0.00596478022634983 0.299326986074448
-180 0 0 0.00598945003002882 0.306021988391876
-181 0 0 0.00602523004636168 0.312729001045227
-182 0 0 0.00607185997068882 0.3194540143013
-183 0 0 0.0061290399171412 0.326200991868973
-184 0 0 0.00619642995297909 0.33297398686409
-185 0 0 0.00627367990091443 0.339778006076813
-186 0 0 0.00636042002588511 0.346617013216019
-187 0 0 0.00645626010373235 0.353493988513947
-188 0 0 0.00656080991029739 0.360413998365402
-189 0 0 0.00667368015274405 0.367381006479263
-190 0 0 0.00679446011781693 0.37439900636673
-191 0 0 0.00692278007045388 0.381471991539001
-192 0 0 0.00705824000760913 0.388603985309601
-193 0 0 0.00720043992623687 0.395799994468689
-194 0 0 0.00734901987016201 0.403064012527466
-195 0 0 0.00750359985977411 0.410400003194809
-196 0 0 0.00766379991546273 0.417811989784241
-197 0 0 0.00782924983650446 0.425305008888245
-198 0 0 0.00799959991127253 0.432882994413376
-199 0 0 0.00817449018359184 0.440551996231079
-200 7 4 0.00835354998707771 0.448314994573593
-201 0 0 0.00853644032031298 0.456178992986679
-202 0 0 0.00872279983013868 0.464147001504898
-203 0 0 0.00891226995736361 0.472225993871689
-204 0 0 0.00910449028015137 0.480419993400574
-205 0 0 0.00929911993443966 0.488736003637314
-206 0 0 0.00949576962739229 0.497177988290787
-207 0 0 0.00969409011304379 0.505753993988037
-208 0 0 0.0098936902359128 0.514468014240265
-209 0 0 0.0100942002609372 0.523329019546509
-210 0 0 0.0102952001616359 0.53234201669693
-211 0 0 0.01049629971385 0.541513979434967
-212 0 0 0.0106969997286797 0.55085301399231
-213 0 0 0.0108970003202558 0.560365974903107
-214 0 0 0.0110956998541951 0.570061981678009
-215 0 0 0.0112926997244358 0.579946994781494
-216 0 0 0.0114874998107553 0.590031027793884
-217 0 0 0.0116795999929309 0.600323021411896
-218 0 0 0.0118683995679021 0.610831022262573
-219 0 0 0.0120534002780914 0.621564984321594
-220 0 0 0.0122339995577931 0.632534980773926
-221 0 0 0.0124094998463988 0.64375102519989
-222 0 0 0.0125793004408479 0.655224978923798
-223 0 0 0.0127427997067571 0.666966021060944
-224 0 0 0.0128992004320025 0.678986012935638
-225 0 0 0.013047800399363 0.691295981407166
-226 0 0 0.0131879998371005 0.703909993171692
-227 0 0 0.013318800367415 0.716838002204895
-228 0 0 0.0134394997730851 0.730094015598297
-229 0 0 0.01354939956218 0.743690013885498
-230 0 0 0.0136476000770926 0.757638990879059
-231 0 0 0.0137334000319242 0.771955013275146
-232 0 0 0.0138058997690678 0.786648988723755
-233 0 0 0.0138643998652697 0.801735997200012
-234 0 0 0.0139081003144383 0.817227005958557
-235 0 0 0.0139365000650287 0.833136022090912
-236 0 0 0.0139488000422716 0.849474012851715
237 8 2 0.0139493998140097 0.853628993034363
238 0 0 0.0139410002157092 0.870519995689392
239 0 0 0.0139154996722937 0.887865006923676
240 0 0 0.0138728003948927 0.905673027038574
241 0 0 0.0138127999380231 0.923952996730804
242 0 0 0.01373550016433 0.942713022232056
243 0 0 0.0136411003768444 0.961957991123199
244 0 0 0.0135302999988198 0.981692016124725
245 0 0 0.0134036997333169 1.0019199848175
246 0 0 0.0132622001692653 1.02263998985291
247 0 0 0.013107099570334 1.04384994506836
248 0 0 0.0129397995769978 1.06554996967316
249 0 0 0.0127619998529553 1.08773994445801
250 9 4 0.0125756002962589 1.11040997505188
251 0 0 0.0123827001079917 1.13355004787445
252 0 0 0.012185400351882 1.15715003013611
253 0 0 0.011986400000751 1.18121004104614
254 0 0 0.0117880003526807 1.20571005344391
255 0 0 0.0115929003804922 1.23064005374908
256 0 0 0.0114035997539759 1.25599002838135
257 0 0 0.0112228998914361 1.28174996376038
258 0 0 0.0110531998798251 1.30789005756378
259 0 0 0.0108970003202558 1.33441996574402
260 0 0 0.0107567999511957 1.36131000518799
261 0 0 0.0106346998363733 1.38855004310608
262 0 0 0.0105328997597098 1.416139960289
263 0 0 0.0104534002020955 1.44405996799469
264 0 0 0.0103976996615529 1.4722900390625
265 0 0 0.0103676002472639 1.50083994865417
-266 10 2 0.0103623997420073 1.518630027771
-267 0 0 0.0103764003142715 1.54764997959137
-268 0 0 0.0104190995916724 1.5769499540329
-269 0 0 0.0104914996773005 1.60652995109558
-270 0 0 0.0105940997600555 1.63636994361877
-271 0 0 0.0107276001945138 1.66647005081177
-272 0 0 0.0108922999352217 1.69683003425598
-273 0 0 0.0110884997993708 1.72742998600006
-274 0 0 0.0113164000213146 1.7582700252533
-275 0 0 0.0115758003666997 1.78934001922607
-276 0 0 0.0118666999042034 1.8206399679184
-277 0 0 0.0121889002621174 1.85215997695923
-278 0 0 0.0125420996919274 1.88389003276825
-279 0 0 0.0129258995875716 1.91585004329681
-280 0 0 0.0133397998288274 1.94799995422363
-281 0 0 0.0137833999469876 1.98036003112793
-282 0 0 0.0142561001703143 2.01291990280151
-283 0 0 0.0147572997957468 2.04568004608154
-284 0 0 0.0152863999828696 2.07861995697021
-285 0 0 0.0158427003771067 2.11174988746643
-286 0 0 0.0164256002753973 2.14505004882813
-287 0 0 0.0170342996716499 2.17853999137878
-288 0 0 0.0176681000739336 2.21219992637634
-289 0 0 0.018326299265027 2.24602007865906
-290 0 0 0.0190082006156445 2.28000998497009
-291 0 0 0.0197131000459194 2.31416010856628
-292 0 0 0.0204402003437281 2.34845995903015
-293 0 0 0.0211888998746872 2.38292002677917
-294 0 0 0.0219583008438349 2.41752004623413
-295 0 0 0.0227477997541428 2.45226001739502
-296 0 0 0.023556699976325 2.48714995384216
-297 0 0 0.0243843998759985 2.5221700668335
-298 0 0 0.0252299997955561 2.55731010437012
-299 0 0 0.0260930992662907 2.59259009361267
-300 11 4 0.0269728992134333 2.62797999382019
-301 0 0 0.0278687998652458 2.6635000705719
-302 0 0 0.0287801995873451 2.69913005828857
-303 0 0 0.0297065004706383 2.73486995697021
-304 0 0 0.0306471008807421 2.77070999145508
-305 0 0 0.0316014997661114 2.80665993690491
-306 0 0 0.0325691998004913 2.84271001815796
-307 0 0 0.0335494987666607 2.87885999679565
-308 0 0 0.0345420017838478 2.91509008407593
-309 0 0 0.0355462990701199 2.95142006874084
-310 0 0 0.0365617014467716 2.98782992362976
-311 0 0 0.0375878997147083 3.02432990074158
-312 0 0 0.0386243984103203 3.06089997291565
-313 0 0 0.0396707989275455 3.09754991531372
-314 0 0 0.0407266989350319 3.13426995277405
-315 0 0 0.0417916998267174 3.17106008529663
-316 0 0 0.0428653992712498 3.20792007446289
-317 0 0 0.0439474992454052 3.24484992027283
-318 0 0 0.0450375005602837 3.28183007240295
-319 0 0 0.0461351983249187 3.31888008117676
-320 0 0 0.0472402013838291 3.35597991943359
-321 0 0 0.0483523011207581 3.39314007759094
-322 0 0 0.0494710989296436 3.43035006523132
-323 12 9 0.0505963005125523 3.46760988235474
