-461 18 9 -0.0504290983080864 -0.394039988517761
-460 0 0 -0.0497973002493382 -0.38926899433136
-459 0 0 -0.049167200922966 -0.384523987770081
-458 0 0 -0.0485384985804558 -0.379803985357285
-457 0 0 -0.0479107983410358 -0.375108003616333
-456 0 0 -0.0472839996218681 -0.370434999465942
-455 0 0 -0.0466577000916004 -0.365783989429474
-454 0 0 -0.0460316017270088 -0.36115300655365
-453 0 0 -0.0454054996371269 -0.356541007757187
-452 0 0 -0.044778898358345 -0.351947993040085
-451 0 0 -0.0441516004502773 -0.347371995449066
-450 17 4 -0.0435233004391193 -0.342810988426208
-449 0 0 -0.0428938008844852 -0.338265985250473
-448 0 0 -0.0422625988721848 -0.333734005689621
-447 0 0 -0.0416295006871223 -0.329214990139008
-446 0 0 -0.0409942008554935 -0.324707001447678
-445 0 0 -0.0403564013540745 -0.320208996534348
-444 0 0 -0.039715800434351 -0.315719991922379
-443 0 0 -0.0390721000730991 -0.311237990856171
-442 0 0 -0.0384249985218048 -0.306762993335724
-441 0 0 -0.0377742014825344 -0.302291989326477
-440 0 0 -0.0371195003390312 -0.297825992107391
-439 0 0 -0.0364605002105236 -0.293361991643906
-438 0 0 -0.0357971005141735 -0.28889799118042
-437 0 0 -0.0351287983357906 -0.284433990716934
-436 0 0 -0.0344556011259556 -0.27996900677681
-435 0 0 -0.0337771996855736 -0.275498986244202
-434 0 0 -0.033093299716711 -0.271023988723755
-433 0 0 -0.0324037000536919 -0.266543000936508
-432 0 0 -0.031708400696516 -0.2620530128479
-431 0 0 -0.0310070998966694 -0.257551997900009
-430 0 0 -0.030536200851202 -0.254545003175735
-429 0 0 -0.0300625003874302 -0.251531988382339
-428 0 0 -0.029586099088192 -0.248512998223305
-427 0 0 -0.0291070006787777 -0.245486006140709
-426 0 0 -0.0286250002682209 -0.242450997233391
-425 0 0 -0.0281403008848429 -0.239408001303673
-424 0 0 -0.0276528000831604 -0.236355006694794
-423 0 0 -0.0271626003086567 -0.233292996883392
-422 0 0 -0.0266695991158485 -0.230220004916191
-421 0 0 -0.0261739008128643 -0.227135002613068
-420 0 0 -0.0256756003946066 -0.224039003252983
-419 0 0 -0.0253420006483793 -0.221966996788979
-418 0 0 -0.0250071994960308 -0.219889000058174
-417 0 0 -0.0246713999658823 -0.217804998159409
-416 0 0 -0.0243344008922577 -0.215713992714882
-415 0 0 -0.0239963997155428 -0.213615998625755
-414 0 0 -0.0236574001610279 -0.211511999368668
-413 0 0 -0.0233174003660679 -0.209398999810219
-412 0 0 -0.0229765009135008 -0.207278996706009
-411 0 0 -0.0226345993578434 -0.205151006579399
-410 0 0 -0.0222919005900621 -0.203014999628067
-409 0 0 -0.0219483003020287 -0.200870007276535
-408 0 0 -0.0216039996594191 -0.198715001344681
-407 0 0 -0.0212588999420404 -0.196551993489265
-406 0 0 -0.0209132004529238 -0.19437900185585
-405 0 0 -0.020566800609231 -0.192194998264313
-404 0 0 -0.0202198997139931 -0.190000995993614
-403 0 0 -0.0198724996298552 -0.187795996665955
-402 0 0 -0.0195246003568172 -0.185580000281334
-401 0 0 -0.0191763993352652 -0.183351993560791
-400 16 4 -0.0188279002904892 -0.181113004684448
-399 0 0 -0.0184790994971991 -0.178859993815422
-398 0 0 -0.0181303005665541 -0.176595002412796
-397 0 0 -0.0177813991904259 -0.174316003918648
-396 0 0 -0.0174324996769428 -0.172023996710777
-395 0 0 -0.0170837994664907 -0.169716998934746
-394 0 0 -0.0167351998388767 -0.167395994067192
-393 0 0 -0.0163870006799698 -0.165059998631477
-392 0 0 -0.0160393007099628 -0.16270799934864
-391 0 0 -0.0156919993460178 -0.160339996218681
-390 0 0 -0.0153454998508096 -0.157955005764961
-389 0 0 -0.0149996001273394 -0.155554994940758
-388 0 0 -0.0146546997129917 -0.153136998414993
-387 0 0 -0.0143109001219273 -0.150701999664307
-386 0 0 -0.0139682004228234 -0.148249000310898
-385 0 0 -0.0136267999187112 -0.145778000354767
-384 0 0 -0.0132868997752666 -0.143289998173714
-383 0 0 -0.0129487002268434 -0.140784993767738
-382 0 0 -0.0126123996451497 -0.138262003660202
-381 0 0 -0.0122780995443463 -0.135721996426582
-380 0 0 -0.0119460998103023 -0.133166000247002
-379 0 0 -0.0116167003288865 -0.130594000220299
-378 0 0 -0.011289999820292 -0.128007993102074
-377 0 0 -0.0109663996845484 -0.125409007072449
-376 0 0 -0.0106463003903627 -0.122799001634121
-375 0 0 -0.0103299003094435 -0.120181001722813
-374 0 0 -0.0100176995620131 -0.117556996643543
-373 0 0 -0.00970998033881187 -0.114931002259254
-372 0 0 -0.00940726045519114 -0.112306997179985
-371 0 0 -0.00910995993763208 -0.109688997268677
-370 0 0 -0.0088185602799058 -0.10708200186491
-369 0 0 -0.00853351969271898 -0.104491002857685
-368 0 0 -0.00825531035661697 -0.101921997964382
-367 0 0 -0.00798436999320984 -0.0993805974721909
-366 0 0 -0.0077210902236402 -0.0968730971217155
-365 0 0 -0.00746581982821226 -0.0944050028920174
-364 0 0 -0.00721884984523058 -0.0919815003871918
-363 0 0 -0.00698038004338741 -0.089607298374176
-362 0 0 -0.00675051985308528 -0.0872865989804268
-361 0 0 -0.00652932981029153 -0.0850225985050201
-360 0 0 -0.0063167498447001 -0.0828178972005844
-359 0 0 -0.00611265981569886 -0.0806740000844002
-358 0 0 -0.00591689022257924 -0.0785920992493629
-357 0 0 -0.00572919985279441 -0.076572097837925
-356 0 0 -0.00554930977523327 -0.0746136009693146
-355 0 0 -0.00537690008059144 -0.072715699672699
-354 0 0 -0.00521164992824197 -0.0708770006895065
-353 0 0 -0.00505319982767105 -0.0690957009792328
-352 0 0 -0.00490122009068727 -0.0673697963356972
-351 0 0 -0.0047553600743413 -0.0656970962882042
-350 15 4 -0.00461527984589338 -0.0640754029154778
-349 0 0 -0.00448063993826509 -0.0625023022294044
-348 0 0 -0.00435113999992609 -0.0609754994511604
-347 0 0 -0.00422646990045905 -0.0594924986362457
-346 0 0 -0.00410633999854326 -0.058051198720932
-345 0 0 -0.00399048998951912 -0.0566493012011051
-344 0 0 -0.00387865002267063 -0.0552845001220703
-343 0 0 -0.00377059006132185 -0.0539547987282276
-342 0 0 -0.00366609008051455 -0.052658099681139
-341 0 0 -0.00356492004357278 -0.0513925999403
-340 0 0 -0.00346689997240901 -0.0501562990248203
-339 0 0 -0.00337183009833097 -0.0489474982023239
-338 0 0 -0.00327953998930752 -0.0477643981575966
-337 0 0 -0.00318987993523479 -0.0466055013239384
-336 0 0 -0.00310266995802522 -0.0454691015183926
-335 0 0 -0.00301778991706669 -0.0443538017570972
-334 0 0 -0.00293509010225534 -0.0432581007480621
-333 0 0 -0.00285443989560008 -0.0421806015074253
-332 0 0 -0.00277573009952903 -0.0411201007664204
-331 0 0 -0.00269884010776877 -0.0400751009583473
-330 0 0 -0.00262365001253784 -0.0390443988144398
-329 0 0 -0.00255006994120777 -0.0380267985165119
-328 0 0 -0.00247798999771476 -0.0370209999382496
-327 0 0 -0.00240731006488204 -0.0360259003937244
-326 0 0 -0.0023379500489682 -0.0350400991737843
-325 0 0 -0.00226982007734478 -0.0340626016259193
-324 0 0 -0.00220281002111733 -0.0330921001732349
-323 0 0 -0.00213685003109276 -0.0321272984147072
-322 0 0 -0.00207185000181198 -0.0311670992523432
-321 0 0 -0.00200772006064653 -0.0302099995315075
-320 0 0 -0.00194436998572201 -0.029254699125886
-319 0 0 -0.00188172003254294 -0.0282997991889715
-318 0 0 -0.00181965995579958 -0.0273435991257429
-317 0 0 -0.00175811001099646 -0.026384599506855
-316 0 0 -0.00169696996454149 -0.0254209004342556
-315 0 0 -0.00163611001335084 -0.0244504995644093
-314 0 0 -0.00157542002853006 -0.023471100255847
-313 0 0 -0.00151475996244699 -0.0224801003932953
-312 0 0 -0.00145397998858243 -0.0214744992554188
-311 0 0 -0.00139291002415121 -0.0204507000744343
-310 0 0 -0.00133133004419506 -0.0194047000259161
-309 0 0 -0.00128988001961261 -0.0186924003064632
-308 0 0 -0.00124799995683134 -0.0179660003632307
-307 0 0 -0.00120559998322278 -0.0172234997153282
-306 0 0 -0.00116254005115479 -0.0164621993899345
-305 0 0 -0.00111869000829756 -0.0156788993626833
-304 0 0 -0.00108892004936934 -0.0151428002864122
-303 0 0 -0.00105864997021854 -0.014593799598515
-302 0 0 -0.00102780002634972 -0.0140305003151298
-301 0 0 -0.000996283954009414 -0.0134508004412055
-300 14 4 -0.000963991973549128 -0.0128525998443365
-299 0 0 -0.000941967009566724 -0.0124420998618007
-298 0 0 -0.000919490994419903 -0.0120211001485586
-297 0 0 -0.000896507990546525 -0.0115884002298117
-296 0 0 -0.000872954027727246 -0.0111426999792457
-295 0 0 -0.000848748022690415 -0.010682400316
-294 0 0 -0.000832204008474946 -0.0103663997724652
-293 0 0 -0.00081529701128602 -0.0100423004478216
-292 0 0 -0.00079798698425293 -0.00970930978655815
-291 0 0 -0.000780231028329581 -0.00936651043593884
-290 0 0 -0.00076197599992156 -0.00901279971003532
-289 0 0 -0.00074315897654742 -0.00864687003195286
-288 0 0 -0.000730264990124851 -0.00839535985141993
-287 0 0 -0.000717061979230493 -0.00813715998083353
-286 0 0 -0.00070351897738874 -0.0078716604039073
-285 0 0 -0.000689600012265146 -0.00759808998554945
-284 0 0 -0.000675264978781343 -0.00731561006978154
-283 0 0 -0.000660462013911456 -0.00702317990362644
-282 0 0 -0.000650305999442935 -0.00682209990918636
-281 0 0 -0.000639896024949849 -0.00661562010645866
-280 0 0 -0.000629207992460579 -0.00640325993299484
-279 0 0 -0.000618214020505548 -0.00618444988504052
-278 0 0 -0.000606884015724063 -0.00595851009711623
-277 0 0 -0.000595177989453077 -0.00572466989979148
-276 0 0 -0.000587143993470818 -0.00556393014267087
-275 0 0 -0.000578908016905189 -0.00539895007386804
-274 0 0 -0.000570453004911542 -0.00522935995832086
-273 0 0 -0.000561757013201714 -0.00505472021177411
-272 0 0 -0.000552797981072217 -0.00487456982955337
-271 0 0 -0.000543546979315579 -0.00468832021579146
-270 0 0 -0.000533972983248532 -0.00449531013146043
-269 0 0 -0.000527392025105655 -0.00436249002814293
-268 0 0 -0.000520635978318751 -0.00422602985054255
-267 0 0 -0.000513691978994757 -0.00408563017845154
-266 0 0 -0.000506540003698319 -0.00394091010093689
-265 0 0 -0.000499161018524319 -0.00379146006889641
-264 0 0 -0.000491531973239034 -0.00363679998554289
-263 0 0 -0.000483624986372888 -0.00347636011429131
-262 0 0 -0.000475406995974481 -0.00330945011228323
-261 0 0 -0.000466838013380766 -0.00313525996170938
-260 0 0 -0.00045787199633196 -0.00295279989950359
-259 0 0 -0.000448448001407087 -0.00276084989309311
-258 0 0 -0.000438493007095531 -0.00255788001231849
-257 0 0 -0.000427913008024916 -0.00234196009114385
-256 0 0 -0.00041658800910227 -0.00211057998239994
-255 0 0 -0.000404357007937506 -0.00186044001020491
-254 0 0 -0.000391011009924114 -0.00158718996681273
-253 0 0 -0.000376275012968108 -0.00128515996038914
-252 0 0 -0.00034122500801459 -0.000565511989407241
-251 0 0 -0.000259326014202088 0.00112104997970164
-250 13 4 -0.00010429100075271 0.00431832997128367
-249 0 0 5.55767983314581E-05 0.00759370997548103
-248 0 0 0.000268177012912929 0.0118690002709627
-247 0 0 0.000587506976444274 0.0180485993623734
-246 0 0 0.000867141003254801 0.0232113003730774
-245 0 0 0.00113916001282632 0.0280434992164373
-244 0 0 0.00141676003113389 0.03282830119133
-243 0 0 0.00170839997008443 0.037746898829937
-242 0 0 0.00202114996500313 0.0429538004100323
-241 0 0 0.00236197002232075 0.0486095994710922
-240 0 0 0.0027381400577724 0.0549026988446712
-239 0 0 0.00315684010274708 0.0620656982064247
-238 0 0 0.00362291000783443 0.0703781992197037
-237 0 0 0.00413258001208305 0.0801203027367592
-236 0 0 0.00466183014214039 0.0914108008146286
-235 0 0 0.00515933008864522 0.103968001902103
-234 0 0 0.00556604983285069 0.117137998342514
-233 0 0 0.00584841007366776 0.130299001932144
-232 0 0 0.00600493000820279 0.143120005726814
231 12 2 0.00605218997225165 0.155502006411552
230 0 0 0.00601939996704459 0.16635200381279
229 0 0 0.00592064019292593 0.177953004837036
228 0 0 0.0057760002091527 0.189219996333122
227 0 0 0.00560306012630463 0.200205996632576
226 0 0 0.00541634019464254 0.210960000753403
225 0 0 0.00522746006026864 0.221523001790047
224 0 0 0.00504546985030174 0.231931999325752
223 0 0 0.00487715005874634 0.242217004299164
222 0 0 0.00472739012911916 0.252407014369965
221 0 0 0.00459952978417277 0.262526005506516
220 0 0 0.00449563004076481 0.2725969851017
219 0 0 0.00441678008064628 0.282640010118484
218 0 0 0.0043632797896862 0.292674005031586
217 0 0 0.00433486979454756 0.302715003490448
216 11 2 0.00432953983545303 0.309421002864838
-215 0 0 0.00433075986802578 0.312655001878738
-214 0 0 0.00434094993397593 0.31938499212265
-213 0 0 0.00436118990182877 0.326137989759445
-212 0 0 0.00439109979197383 0.332915991544724
-211 0 0 0.00443024979904294 0.339724987745285
-210 0 0 0.00446128007024527 0.344283014535904
-209 0 0 0.0044960998930037 0.348857998847961
-208 0 0 0.00453457981348038 0.353451013565063
-207 0 0 0.0045765801332891 0.358061999082565
-206 0 0 0.00462197000160813 0.36269399523735
-205 0 0 0.00467061018571258 0.367347002029419
-204 0 0 0.00472236983478069 0.372022986412048
-203 0 0 0.0047771199606359 0.376722991466522
-202 0 0 0.0048347101546824 0.381448000669479
-201 0 0 0.00489501981064677 0.386198997497559
-200 10 4 0.00495789991691709 0.390978008508682
-199 0 0 0.00502322008833289 0.395785987377167
-198 0 0 0.00509086018428206 0.400624006986618
-197 0 0 0.0051606697961688 0.40549299120903
-196 0 0 0.00523253018036485 0.410394996404648
-195 0 0 0.00530628999695182 0.41533100605011
-194 0 0 0.0053818398155272 0.420302003622055
-193 0 0 0.00545903015881777 0.425309985876083
-192 0 0 0.00553773017600179 0.430355995893478
-191 0 0 0.00561782019212842 0.435440987348557
-190 0 0 0.00569916004315019 0.44056698679924
-189 0 0 0.00578161980956793 0.44573500752449
-188 0 0 0.00586505979299545 0.450946986675262
-187 0 0 0.00594935985282063 0.456205010414124
-186 0 0 0.00603437982499599 0.461508005857468
-185 0 0 0.00611998001113534 0.466859996318817
-184 0 0 0.00617730990052223 0.470456004142761
-183 0 0 0.00623479019850492 0.474074006080627
-182 0 0 0.00629239995032549 0.477715998888016
-181 0 0 0.00635008001700044 0.481380999088287
-180 0 0 0.00640778988599777 0.485069990158081
-179 0 0 0.00646550022065639 0.488783001899719
-178 0 0 0.00652317004278302 0.492522001266479
-177 0 0 0.00658074021339417 0.496286988258362
-176 0 0 0.00663817999884486 0.50007700920105
-175 0 0 0.00669544003903866 0.503893971443176
-174 0 0 0.00675247982144356 0.507739007472992
-173 0 0 0.00680924998596311 0.511610984802246
-172 0 0 0.00686571979895234 0.515511989593506
-171 0 0 0.00692183012142777 0.519442021846771
-170 0 0 0.00697753019630909 0.523401021957397
-169 0 0 0.0070327902212739 0.527391016483307
-168 0 0 0.00708755012601614 0.531410992145538
-167 0 0 0.0071417698636651 0.535462021827698
-166 0 0 0.00719540007412434 0.539546012878418
-165 0 0 0.00724838022142649 0.543662011623383
-164 0 0 0.00730066979303956 0.547811985015869
-163 0 0 0.00735221989452839 0.551994979381561
-162 0 0 0.00740296998992562 0.556213021278381
-161 0 0 0.00745288003236055 0.560467004776001
-160 0 0 0.00750188017264009 0.564755976200104
-159 0 0 0.00754992989823222 0.569082021713257
-158 0 0 0.00759697007015347 0.573445975780487
-157 0 0 0.00764294015243649 0.577847003936768
-156 0 0 0.00768780009821057 0.582288026809692
-155 0 0 0.00773146981373429 0.586767971515656
-154 0 0 0.0077738999389112 0.591288983821869
-153 0 0 0.00781503040343523 0.595851004123688
-152 0 0 0.00785480998456478 0.600454986095428
-151 0 0 0.00789317023009062 0.605102002620697
-150 9 4 0.00793004035949707 0.609791994094849
-149 0 0 0.00796537008136511 0.614526987075806
-148 0 0 0.00799908954650164 0.619306981563568
-147 0 0 0.00803112983703613 0.624134004116058
-146 0 0 0.00806143973022699 0.629007995128632
-145 0 0 0.00808992981910706 0.633929014205933
-144 0 0 0.00811656005680561 0.638899981975555
-143 0 0 0.00814124010503292 0.64392101764679
-142 0 0 0.00816390011459589 0.648992002010345
-141 0 0 0.00818448979407549 0.65411502122879
-140 0 0 0.00820291973650455 0.65929102897644
-139 0 0 0.00821913033723831 0.664520025253296
-138 0 0 0.00823304988443851 0.669803977012634
-137 0 0 0.0082446001470089 0.675144016742706
-136 0 0 0.00825371034443378 0.680540978908539
-135 0 0 0.00826030969619751 0.685994982719421
-134 0 0 0.0082643199712038 0.691509008407593
-133 8 2 0.008265670388937 0.697081983089447
132 0 0 0.00826469995081425 0.701803982257843
131 0 0 0.00826098024845123 0.707490026950836
130 0 0 0.00825439020991325 0.713239014148712
129 0 0 0.00824485998600721 0.719052016735077
128 0 0 0.00823231972754002 0.724929988384247
127 0 0 0.00821670982986689 0.730875015258789
126 0 0 0.00819793995469809 0.736886024475098
125 0 0 0.00817595981061459 0.742967009544373
124 0 0 0.00815069023519754 0.749116003513336
123 0 0 0.00812206976115704 0.755336999893188
122 0 0 0.00809003971517086 0.761629998683929
121 0 0 0.00805453024804592 0.76799601316452
120 0 0 0.00801549013704062 0.774434983730316
119 0 0 0.00797285046428442 0.780951023101807
118 0 0 0.0079265795648098 0.787542998790741
117 0 0 0.00787661038339138 0.794211983680725
116 0 0 0.00782290007919073 0.800960004329681
115 0 0 0.007765410002321 0.807788014411926
114 0 0 0.00770410010591149 0.814697027206421
113 0 0 0.00763894012197852 0.821687996387482
112 0 0 0.00756989978253841 0.828761994838715
111 0 0 0.00749695999547839 0.835920989513397
110 0 0 0.00742009980604053 0.843164026737213
109 0 0 0.00733932014554739 0.850494027137756
108 0 0 0.00725460983812809 0.857910990715027
107 0 0 0.0071659698151052 0.865415990352631
106 0 0 0.00707342009991407 0.873009979724884
105 0 0 0.00697699002921581 0.880694985389709
104 0 0 0.0068766800686717 0.888468980789185
103 0 0 0.00677256006747484 0.896336019039154
102 0 0 0.00666465004906058 0.904295027256012
101 0 0 0.00655301986262202 0.912347018718719
100 7 4 0.00643773004412651 0.920493006706238
99 0 0 0.00631884997710586 0.928732991218567
98 0 0 0.00619647977873683 0.937068998813629
97 0 0 0.00607070978730917 0.945499002933502
96 0 0 0.00594164989888668 0.954025983810425
95 0 0 0.00580941000953317 0.962648987770081
94 0 0 0.00567412003874779 0.971369028091431
93 0 0 0.00553592992946506 0.980185985565186
92 0 0 0.00539497984573245 0.989099025726318
91 0 0 0.00525142997503281 0.998109996318817
90 0 0 0.00510546006262302 1.00722002983093
89 0 0 0.00495724985376 1.01642000675201
88 0 0 0.00480698980391026 1.02573001384735
87 0 0 0.00465488014742732 1.0351300239563
86 0 0 0.00450114021077752 1.04463005065918
85 0 0 0.00434598978608847 1.05421996116638
84 0 0 0.00418965006247163 1.06391000747681
83 0 0 0.00403237994760275 1.07369995117188
82 0 0 0.00387439993210137 1.08358001708984
81 0 0 0.00371597008779645 1.09354996681213
80 0 0 0.00355736003257334 1.10362005233765
79 0 0 0.00339882005937397 1.1137900352478
78 0 0 0.00324062001891434 1.12405002117157
77 0 0 0.00308304000645876 1.13440001010895
76 0 0 0.00292635010555387 1.14484000205994
75 0 0 0.00277081993408501 1.15536999702454
74 0 0 0.00261674006469548 1.16598999500275
73 0 0 0.00246438989415765 1.17669999599457
72 0 0 0.00231403997167945 1.1875
71 0 0 0.00216595991514623 1.19837999343872
70 0 0 0.00202044006437063 1.20934998989105
69 0 0 0.001877750037238 1.22039997577667
68 0 0 0.00173815002199262 1.2315399646759
67 0 0 0.00160191999748349 1.24275994300842
66 0 0 0.00146930001210421 1.25406002998352
65 0 0 0.00134055002126843 1.26545000076294
64 0 0 0.0012159199686721 1.27690994739532
63 0 0 0.00109564000740647 1.28843998908997
62 0 0 0.000979959033429623 1.30006003379822
61 0 0 0.000869091018103063 1.31175005435944
60 0 0 0.000763254007324576 1.32351005077362
59 0 0 0.000662653998006135 1.33535003662109
58 0 0 0.000567490991670638 1.34725999832153
57 0 0 0.000477953988593072 1.35924005508423
56 0 0 0.000394222006434575 1.3712899684906
55 0 0 0.000316463992930949 1.38340997695923
54 0 0 0.000244841008679941 1.39559996128082
53 0 0 0.000179504000698216 1.40786004066467
52 0 0 0.000120591001177672 1.42017996311188
51 0 0 6.82351019349881E-05 1.43255996704102
50 6 4 2.25553994823713E-05 1.44500994682312
49 0 0 -1.63369004440028E-05 1.45752000808716
48 0 0 -4.83402982354164E-05 1.47009003162384
47 0 0 -7.33627966837958E-05 1.48273003101349
46 0 0 -9.1321999207139E-05 1.49541997909546
45 0 0 -0.000102143996628001 1.50817000865936
-44 5 2 -0.000105763996543828 1.52098000049591
-43 0 0 -0.000103532998764422 1.53105998039246
-42 0 0 -9.41758989938535E-05 1.54396998882294
-41 0 0 -7.74811996961944E-05 1.55693995952606
-40 0 0 -5.34153004991822E-05 1.5699599981308
-39 0 0 -2.1952400857117E-05 1.58303999900818
-38 0 0 1.69264003488934E-05 1.59616994857788
-37 0 0 6.32328010397032E-05 1.60935997962952
-36 0 0 0.000116971998068038 1.62259995937347
-35 0 0 0.000178141999640502 1.63587999343872
-34 0 0 0.000246737006818876 1.64921998977661
-33 0 0 0.000322742009302601 1.66261005401611
-32 0 0 0.000406139006372541 1.67604994773865
-31 0 0 0.000496904016472399 1.68954002857208
-30 0 0 0.000595009012613446 1.70308005809784
-29 0 0 0.000700420001521707 1.71667003631592
-28 0 0 0.000813098973594606 1.730299949646
-27 0 0 0.000933004019316286 1.74398005008698
-26 0 0 0.00106009002774954 1.75770998001099
-25 0 0 0.00119431002531201 1.77147996425629
-24 0 0 0.00133560004178435 1.7853000164032
-23 0 0 0.00148392003029585 1.79916000366211
-22 0 0 0.00163921003695577 1.81307005882263
-21 0 0 0.00180139997974038 1.82702004909515
-20 0 0 0.00197042990475893 1.84101998806
-19 0 0 0.00214623007923365 1.85505998134613
-18 0 0 0.00232873996719718 1.86914002895355
-17 0 0 0.0025178799405694 1.8832700252533
-16 0 0 0.00271358992904425 1.89742994308472
-15 0 0 0.00291580008342862 1.91164004802704
-14 0 0 0.00312442006543279 1.92588996887207
-13 0 0 0.00333938002586365 1.94017994403839
-12 0 0 0.00356061989441514 1.954509973526
-11 0 0 0.00378804001957178 1.9688800573349
-10 0 0 0.00402157008647919 1.98327994346619
-9 0 0 0.00426113000139594 1.99773001670837
-8 0 0 0.00450664013624191 2.01221990585327
-7 0 0 0.00467358995229006 2.02189993858337
-6 0 0 0.00478632003068924 2.02835988998413
-5 0 0 0.00486211013048887 2.03267002105713
-4 0 0 0.00491291983053088 2.03555011749268
-3 0 0 0.00494692008942366 2.03747010231018
-2 0 0 0.00496964016929269 2.0387499332428
1 0 0 0.00499999988824129 2.04045009613037
1 0 0 0.00499999988824129 2.04045009613037
-2 0 0 0.0050304401665926 2.04216003417969
-3 0 0 0.00505331996828318 2.04344010353088
-4 0 0 0.00508773000910878 2.04536008834839
-5 0 0 0.00513951992616057 2.04823994636536
-6 0 0 0.00521762017160654 2.052570104599
-7 0 0 0.00533571001142263 2.05907011032104
-8 0 0 0.00551490997895598 2.06883001327515
-9 0 0 0.00578833976760507 2.08349990844727
-10 0 0 0.00606724014505744 2.09820008277893
-11 0 0 0.00635155010968447 2.11294007301331
-12 0 0 0.0066411797888577 2.12772011756897
-13 0 0 0.00693603977560997 2.14252996444702
-14 0 0 0.00723606022074819 2.15738010406494
-15 0 0 0.00754116009920835 2.17227005958557
-16 0 0 0.00785125978291035 2.18718004226685
-17 0 0 0.00816627964377403 2.20213007926941
-18 0 0 0.00848613958805799 2.21711993217468
-19 0 0 0.00881076045334339 2.23213005065918
-20 0 0 0.0091400695964694 2.24717998504639
-21 0 0 0.00947398971766233 2.26225996017456
-22 0 0 0.0098124397918582 2.27737998962402
-23 0 0 0.0101554002612829 2.29252004623413
-24 0 0 0.0105026001110673 2.30769991874695
-25 0 0 0.0108543001115322 2.32291007041931
-26 0 0 0.0112100997939706 2.33815002441406
-27 0 0 0.0115700997412205 2.35341000556946
-28 0 0 0.0119342003017664 2.36871004104614
-29 0 0 0.0123022999614477 2.38404011726379
-30 0 0 0.012674399651587 2.39938998222351
-31 0 0 0.0130503000691533 2.41477990150452
-32 0 0 0.0134300999343395 2.43019008636475
-33 0 0 0.0138135999441147 2.44563007354736
-34 0 0 0.0142007004469633 2.46110010147095
-35 0 0 0.0145915001630783 2.47659993171692
-36 0 0 0.0149857997894287 2.49212002754211
-37 0 0 0.0153836999088526 2.5076699256897
-38 0 0 0.0157849006354809 2.5232400894165
-39 0 0 0.0161895006895065 2.5388400554657
-40 0 0 0.0165973007678986 2.55447006225586
-41 0 0 0.0170083995908499 2.57012009620667
-42 0 0 0.0174227003008127 2.58579993247986
-43 0 0 0.0178401004523039 2.60150003433228
-44 0 0 0.0182606000453234 2.61721992492676
-45 0 0 0.0186839997768402 2.63297009468079
-46 0 0 0.0191104002296925 2.64874005317688
-47 0 0 0.019539600238204 2.66454005241394
-48 0 0 0.0199717003852129 2.68035006523132
-49 0 0 0.0204066000878811 2.69619011878967
-50 2 4 0.0208442006260157 2.71204996109009
-51 0 0 0.0212845001369715 2.72793006896973
-52 0 0 0.0217273999005556 2.74383997917175
-53 0 0 0.02217279933393 2.7597599029541
-54 0 0 0.0226208008825779 2.775710105896
-55 0 0 0.0230711996555328 2.79167008399963
-56 0 0 0.0235240999609232 2.80766010284424
-57 0 0 0.0239793006330729 2.82365989685059
-58 0 0 0.0244369003921747 2.83968997001648
-59 0 0 0.0248968005180359 2.8557300567627
-60 0 0 0.0253587998449802 2.87178993225098
-61 0 0 0.0258230995386839 2.88787007331848
-62 0 0 0.0262896008789539 2.90397000312805
-63 0 0 0.0267581008374691 2.92008996009827
-64 0 0 0.0272286999970675 2.9362199306488
-65 0 0 0.0277012996375561 2.95236992835999
-66 0 0 0.028176000341773 2.96853995323181
-67 0 0 0.0286525003612041 2.98473000526428
-68 0 0 0.0291310008615255 3.00093007087708
-69 0 0 0.0296113006770611 3.01714992523193
-70 0 0 0.0300935003906488 3.03338003158569
-71 0 0 0.0305774006992579 3.04962992668152
-72 0 0 0.0310632009059191 3.06589007377625
-73 0 0 0.0315506011247635 3.08217000961304
-74 0 0 0.0320396982133389 3.09845995903015
-75 0 0 0.0325305014848709 3.11476993560791
-76 0 0 0.0330228991806507 3.13108992576599
-77 0 0 0.0335168987512589 3.14742994308472
-78 0 0 0.0340123996138573 3.16377997398376
-79 0 0 0.0345094986259937 3.18014001846313
-80 0 0 0.0350080989301205 3.19652009010315
-81 0 0 0.0355080999433994 3.21290993690491
-82 0 0 0.0360095985233784 3.22931003570557
-83 0 0 0.0365124009549618 3.24571990966797
-84 0 0 0.0370167009532452 3.26215004920959
-85 0 0 0.0375223010778427 3.27858996391296
-86 0 0 0.0380292013287544 3.29503989219666
-87 0 0 0.0385374017059803 3.31150007247925
-88 0 0 0.0390468016266823 3.32798004150391
-89 0 0 0.0395575016736984 3.34446001052856
-90 0 0 0.0403258018195629 3.36921000480652
-91 0 0 0.0410967990756035 3.39398002624512
-92 0 0 0.0418704003095627 3.41877007484436
-93 0 0 0.0426464006304741 3.44358992576599
-94 0 0 0.0434249006211758 3.46843004226685
-95 0 0 0.0442056991159916 3.49328994750977
-96 0 0 0.0449886992573738 3.51817989349365
-97 0 0 0.0457740016281605 3.54308009147644
-98 0 0 0.0465614013373852 3.56800007820129
-99 0 0 0.0473508983850479 3.59294009208679
-100 3 4 0.0481422990560532 3.61789989471436
-101 0 0 0.0489357002079487 3.64287996292114
-102 0 0 0.0497310012578964 3.66787004470825
-103 4 9 0.0505281016230583 3.69288992881775
