-297 15 9 -0.0504318997263908 -0.38918998837471
-296 0 0 -0.0498420000076294 -0.384445011615753
-295 0 0 -0.0492532998323441 -0.379725992679596
-294 0 0 -0.0486653000116348 -0.375030010938644
-293 0 0 -0.0480776987969875 -0.370357006788254
-292 0 0 -0.0474902987480164 -0.365705996751785
-291 0 0 -0.0469028018414974 -0.361075013875961
-290 0 0 -0.0463147014379501 -0.356463998556137
-289 0 0 -0.0457258000969887 -0.351870000362396
-288 0 0 -0.0451359003782272 -0.347294002771378
-287 0 0 -0.0445443987846375 -0.342734009027481
-286 0 0 -0.0439511016011238 -0.338189005851746
-285 0 0 -0.0433556996285915 -0.333656996488571
-284 0 0 -0.0427578017115593 -0.32913801074028
-283 0 0 -0.0421570986509323 -0.324629992246628
-282 0 0 -0.0415530987083912 -0.320131987333298
-281 0 0 -0.0409455001354218 -0.315643012523651
-280 0 0 -0.0403340011835098 -0.311161011457443
-279 0 0 -0.0397181995213032 -0.306686013936996
-278 0 0 -0.0390977002680302 -0.30221500992775
-277 0 0 -0.0384720005095005 -0.297749012708664
-276 0 0 -0.0378408990800381 -0.293283998966217
-275 0 0 -0.0372039005160332 -0.288821011781693
-274 0 0 -0.0365606993436813 -0.284357011318207
-273 0 0 -0.0359109006822109 -0.279891014099121
-272 0 0 -0.0352540016174316 -0.275420993566513
-271 0 0 -0.0345897004008293 -0.270945996046066
-270 0 0 -0.0339176990091801 -0.26646500825882
-269 0 0 -0.033237598836422 -0.261974006891251
-268 0 0 -0.0325490012764931 -0.257474005222321
-267 0 0 -0.0320850983262062 -0.254465997219086
-266 0 0 -0.0316171981394291 -0.251453012228012
-265 0 0 -0.0311453007161617 -0.248432993888855
-264 0 0 -0.0306691005825996 -0.245406001806259
-263 0 0 -0.0301888007670641 -0.242370992898941
-262 0 0 -0.029704200103879 -0.239327996969223
-261 0 0 -0.0292151998728514 -0.236275002360344
-260 0 0 -0.0287218000739813 -0.233213007450104
-259 0 0 -0.0282240007072687 -0.230139002203941
-258 0 0 -0.0277217999100685 -0.227053999900818
-257 0 0 -0.0272151008248329 -0.223957002162933
-256 0 0 -0.0268747992813587 -0.221884995698929
-255 0 0 -0.0265324991196394 -0.219806998968124
-254 0 0 -0.026188300922513 -0.217722997069359
-253 0 0 -0.0258421003818512 -0.215632006525993
-252 0 0 -0.0254938993602991 -0.213533997535706
-251 0 0 -0.02514380030334 -0.211428999900818
-250 14 4 -0.0247919000685215 -0.209316998720169
-249 0 0 -0.0244379993528128 -0.207195997238159
-248 0 0 -0.024082200601697 -0.205068007111549
-247 0 0 -0.0237246993929148 -0.202931001782417
-246 0 0 -0.0233654007315636 -0.200785994529724
-245 0 0 -0.0230043008923531 -0.198631003499031
-244 0 0 -0.0226415004581213 -0.196467995643616
-243 0 0 -0.0222771000117064 -0.194294005632401
-242 0 0 -0.0219110995531082 -0.192110002040863
-241 0 0 -0.0215435996651649 -0.189915999770164
-240 0 0 -0.0211746003478765 -0.187711000442505
-239 0 0 -0.0208042003214359 -0.185494005680084
-238 0 0 -0.0204326007515192 -0.183265998959541
-237 0 0 -0.0200596991926432 -0.181025996804237
-236 0 0 -0.0196857992559671 -0.178773000836372
-235 0 0 -0.0193108003586531 -0.176507994532585
-234 0 0 -0.0189348999410868 -0.174228996038437
-233 0 0 -0.0185582991689444 -0.171936005353928
-232 0 0 -0.018180999904871 -0.169628992676735
-231 0 0 -0.0178031008690596 -0.167307004332542
-230 0 0 -0.017424900084734 -0.164969995617867
-229 0 0 -0.0170463994145393 -0.16261799633503
-228 0 0 -0.0166678000241518 -0.16024999320507
-227 0 0 -0.0162892993539572 -0.15786500275135
-226 0 0 -0.0159111004322767 -0.155463993549347
-225 0 0 -0.0155333001166582 -0.153045997023582
-224 0 0 -0.0151562001556158 -0.150609999895096
-223 0 0 -0.014779900200665 -0.148157000541687
-222 0 0 -0.0144047001376748 -0.145686000585556
-221 0 0 -0.0140308998525143 -0.143197998404503
-220 0 0 -0.0136585999280214 -0.140691995620728
-219 0 0 -0.0132881999015808 -0.138168007135391
-218 0 0 -0.0129199000075459 -0.135627999901772
-217 0 0 -0.0125542003661394 -0.133071005344391
-216 0 0 -0.0121911996975541 -0.130499005317688
-215 0 0 -0.0118313999846578 -0.127912998199463
-214 0 0 -0.0114753004163504 -0.125313997268677
-213 0 0 -0.0111231002956629 -0.12270399928093
-212 0 0 -0.0107752997428179 -0.120085999369621
-211 0 0 -0.0104325003921986 -0.117462001740932
-210 0 0 -0.0100950999185443 -0.114835999906063
-209 0 0 -0.0097636803984642 -0.112212002277374
-208 0 0 -0.00943874008953571 -0.109594002366066
-207 0 0 -0.009120830334723 -0.106987997889519
-206 0 0 -0.0088104996830225 -0.104397997260094
-205 0 0 -0.00850826036185026 -0.101829998195171
-204 0 0 -0.00821457989513874 -0.0992899015545845
-203 0 0 -0.0079298997297883 -0.0967838987708092
-202 0 0 -0.00765457004308701 -0.0943173989653587
-201 0 0 -0.00738885020837188 -0.0918956026434898
-200 13 4 -0.00713293999433517 -0.0895233973860741
-199 0 0 -0.0068869199603796 -0.0872047021985054
-198 0 0 -0.00665075983852148 -0.0849428996443748
-197 0 0 -0.00642438977956772 -0.0827402994036674
-196 0 0 -0.00620759977027774 -0.0805988013744354
-195 0 0 -0.00600014999508858 -0.0785190016031265
-194 0 0 -0.0058017298579216 -0.076501302421093
-193 0 0 -0.00561199011281133 -0.0745450034737587
-192 0 0 -0.00543054984882474 -0.0726493000984192
-191 0 0 -0.00525700999423862 -0.0708125978708267
-190 0 0 -0.00509095983579755 -0.0690333023667336
-189 0 0 -0.00493199005723 -0.0673094019293785
-188 0 0 -0.00477970996871591 -0.0656386017799377
-187 0 0 -0.0046337298117578 -0.0640185996890068
-186 0 0 -0.00449365982785821 -0.0624472983181477
-185 0 0 -0.00435914983972907 -0.0609220005571842
-184 0 0 -0.00422985991463065 -0.0594406016170979
-183 0 0 -0.00410547014325857 -0.0580007992684841
-182 0 0 -0.0039856699295342 -0.0566001981496811
-181 0 0 -0.00387018010951579 -0.0552367009222507
-180 0 0 -0.00375872990116477 -0.0539081990718842
-179 0 0 -0.00365107995457947 -0.0526126995682716
-178 0 0 -0.00354698998853564 -0.0513481982052326
-177 0 0 -0.0034462499897927 -0.0501128993928432
-176 0 0 -0.00334863993339241 -0.0489050000905991
-175 0 0 -0.00325399008579552 -0.047722801566124
-174 0 0 -0.00316210999153554 -0.0465646982192993
-173 0 0 -0.00307283992879093 -0.0454290993511677
-172 0 0 -0.00298601994290948 -0.0443144999444485
-171 0 0 -0.00290150009095669 -0.0432194992899895
-170 0 0 -0.00281914998777211 -0.0421427004039288
-169 0 0 -0.00273883994668722 -0.0410826988518238
-168 0 0 -0.00266044004820287 -0.0400382988154888
-167 0 0 -0.00258382991887629 -0.0390080995857716
-166 0 0 -0.00250890990719199 -0.0379909016191959
-165 0 0 -0.00243556988425553 -0.0369855016469955
-164 0 0 -0.0023636999540031 -0.0359907001256943
-163 0 0 -0.0022932100109756 -0.0350053012371063
-162 0 0 -0.00222400994971395 -0.0340281017124653
-161 0 0 -0.00215599010698497 -0.033057801425457
-160 0 0 -0.00208906992338598 -0.0320932008326054
-159 0 0 -0.00202314998023212 -0.0311331003904343
-158 0 0 -0.00195815996266901 -0.0301760993897915
-157 0 0 -0.00189397996291518 -0.0292208008468151
-156 0 0 -0.0018305400153622 -0.0282659009099007
-155 0 0 -0.00176774000283331 -0.0273097008466721
-154 0 0 -0.00170547002926469 -0.026350500062108
-153 0 0 -0.00164363998919725 -0.0253865998238325
-152 0 0 -0.00158211996313184 -0.0244159009307623
-151 0 0 -0.00152080005500466 -0.0234360992908478
-150 12 4 -0.00145952997263521 -0.0224446002393961
-149 0 0 -0.00139817001763731 -0.0214384999126196
-148 0 0 -0.0013365299673751 -0.020414000377059
-147 0 0 -0.00127440004143864 -0.0193671006709337
-146 0 0 -0.00123258994426578 -0.0186541005969048
-145 0 0 -0.00119036005344242 -0.017926899716258
-144 0 0 -0.00114760000724345 -0.0171834994107485
-143 0 0 -0.00110419001430273 -0.0164209995418787
-142 0 0 -0.00105999002698809 -0.0156366005539894
-141 0 0 -0.00102998001966625 -0.0150993997231126
-140 0 0 -0.000999478041194379 -0.0145493997260928
-139 0 0 -0.000968391017522663 -0.0139848003163934
-138 0 0 -0.0009366319864057 -0.013403800316155
-137 0 0 -0.000904090004041791 -0.0128039997071028
-136 0 0 -0.000881895015481859 -0.0123923001810908
-135 0 0 -0.000859242980368435 -0.0119698997586966
-134 0 0 -0.000836078019347042 -0.01153580006212
-133 0 0 -0.000812334008514881 -0.0110884001478553
-132 0 0 -0.000787932018283755 -0.0106261996552348
-131 0 0 -0.000771249993704259 -0.010308800265193
-130 0 0 -0.000754198001231998 -0.00998314004391432
-129 0 0 -0.000736737973056734 -0.00964848045259714
-128 0 0 -0.000718823983334005 -0.00930381007492542
-127 0 0 -0.000700399978086352 -0.00894801039248705
-126 0 0 -0.000681401987094432 -0.00857971981167793
-125 0 0 -0.000668380002025515 -0.0083264596760273
-124 0 0 -0.000655041018035263 -0.00806637015193701
-123 0 0 -0.000641354010440409 -0.00779876997694373
-122 0 0 -0.000627279980108142 -0.00752288987860084
-121 0 0 -0.000612777017522603 -0.00723783997818828
-120 0 0 -0.000597794016357511 -0.00694251991808414
-119 0 0 -0.000587506976444274 -0.00673931976780295
-118 0 0 -0.000576957012526691 -0.00653052981942892
-117 0 0 -0.000566118978895247 -0.00631562992930412
-116 0 0 -0.000554963015019894 -0.00609401986002922
-115 0 0 -0.000543456000741571 -0.00586498994380236
-114 0 0 -0.000531557016074657 -0.00562770012766123
-113 0 0 -0.000523381982930005 -0.00546442996710539
-112 0 0 -0.000514996005222201 -0.005296700168401
-111 0 0 -0.000506378011777997 -0.0051241097971797
-110 0 0 -0.000497506000101566 -0.00494618993252516
-109 0 0 -0.000488354009576142 -0.00476241996511817
-108 0 0 -0.000478892005048692 -0.00457216007634997
-107 0 0 -0.000472393992822617 -0.00444135023280978
-106 0 0 -0.000465730990981683 -0.00430706981569529
-105 0 0 -0.000458886992419139 -0.00416903989389539
-104 0 0 -0.000451847008662298 -0.00402692006900907
-103 0 0 -0.000444592995336279 -0.00388031988404691
-102 0 0 -0.000437101989518851 -0.00372879998758435
-101 0 0 -0.000429350009653717 -0.0035718500148505
-100 11 4 -0.000424022990046069 -0.00346388993784785
-99 0 0 -0.000418556010117754 -0.00335303996689618
-98 0 0 -0.000412938999943435 -0.00323906005360186
-97 0 0 -0.000407157989684492 -0.00312168011441827
-96 0 0 -0.000401199009502307 -0.00300059001892805
-95 0 0 -0.000395043985918164 -0.00287544005550444
-94 0 0 -0.000388674001442268 -0.00274581997655332
-93 0 0 -0.000382066005840898 -0.0026112599298358
-92 0 0 -0.000375192001229152 -0.0024711899459362
-91 0 0 -0.000368020992027596 -0.00232495996169746
-90 0 0 -0.000360514997737482 -0.00217176997102797
-89 0 0 -0.00035262800520286 -0.00201069004833698
-88 0 0 -0.000344305008184165 -0.00184058002196252
-87 0 0 -0.000335480988724157 -0.00166007003281265
-86 0 0 -0.000326075009070337 -0.0014675100101158
-85 0 0 -0.00031599699286744 -0.00126100995112211
-84 0 0 -0.000305144989397377 -0.0010384899796918
-83 0 0 -0.000293432007310912 -0.000798064982518554
-82 0 0 -0.000280820997431874 -0.000539006025064737
-81 0 0 -0.000253417994827032 2.46301005972782E-05
-80 0 0 -0.000201682996703312 0.001090919948183
-79 0 0 -8.47267001518048E-05 0.00350610003806651
-78 0 0 4.30362997576594E-05 0.0061386302113533
-77 0 0 0.000340400001732633 0.0121611999347806
-76 0 0 0.000556760001927614 0.0163998007774353
-75 0 0 0.000748629972804338 0.0200450997799635
-74 0 0 0.00093069497961551 0.023411400616169
-73 0 0 0.00110963999759406 0.0266433991491795
-72 0 0 0.00128941994626075 0.0298273004591465
-71 0 0 0.00147277000360191 0.0330241993069649
-70 0 0 0.00166190997697413 0.0362838990986347
-69 0 0 0.00185876002069563 0.0396517999470234
-68 0 0 0.00206514005549252 0.0431732982397079
-67 0 0 0.00228282995522022 0.0468968003988266
-66 0 0 0.00251356000080705 0.0508763007819653
-65 0 0 0.00275894999504089 0.0551740005612373
-64 0 0 0.00302034011110663 0.0598617009818554
-63 0 0 0.00329828006215394 0.0650210976600647
-62 0 0 0.00359181989915669 0.0707401037216187
-61 0 0 0.0038971200119704 0.0771005973219872
-60 0 0 0.00420578988268971 0.0841531977057457
-59 0 0 0.00450367014855146 0.0918804034590721
-58 0 0 0.00477202003821731 0.100169003009796
-57 0 0 0.00499209994450212 0.108824998140335
-56 0 0 0.00515091000124812 0.117636002600193
-55 0 0 0.00524380011484027 0.126429006457329
-54 10 2 0.00527335004881024 0.135097995400429
53 0 0 0.00525235012173653 0.142607003450394
52 0 0 0.0051834499463439 0.150922000408173
51 0 0 0.00507583981379867 0.159041002392769
50 9 4 0.0049388101324439 0.166971996426582
49 0 0 0.00478086993098259 0.174732998013496
48 0 0 0.00460956990718842 0.182337999343872
47 0 0 0.00443141022697091 0.189804002642632
46 0 0 0.00425190990790725 0.197146996855736
45 0 0 0.0040755900554359 0.204381003975868
44 0 0 0.00390615989454091 0.211520001292229
43 0 0 0.00374652002938092 0.218574002385139
42 0 0 0.00359893008135259 0.225556001067162
41 0 0 0.00346505991183221 0.232474997639656
40 0 0 0.00334608997218311 0.239340007305145
39 0 0 0.00324281002394855 0.246159002184868
38 0 0 0.0031556598842144 0.252939999103546
37 0 0 0.00308483000844717 0.259690999984741
36 0 0 0.00303027010522783 0.266416996717453
35 0 0 0.00299177994020283 0.273126006126404
34 0 0 0.00296901003457606 0.279821991920471
33 8 2 0.00296152988448739 0.286511987447739
-32 0 0 0.00296195992268622 0.28812900185585
-31 0 0 0.00297274999320507 0.294818013906479
-30 0 0 0.0029976200312376 0.301512986421585
-29 0 0 0.00303596002049744 0.308216989040375
-28 0 0 0.00308715994469821 0.314934998750687
-27 0 0 0.00315060000866652 0.321673005819321
-26 0 0 0.00322565995156765 0.328433007001877
-25 0 0 0.00331174000166357 0.335222005844116
-24 0 0 0.00337495002895594 0.339765012264252
-23 0 0 0.00344260991550982 0.344323009252548
-22 0 0 0.00351455993950367 0.348897993564606
-21 0 0 0.00359063991345465 0.353489995002747
-20 0 0 0.00367067009210587 0.35810199379921
-19 0 0 0.00375450006686151 0.362733989953995
-18 0 0 0.00384197989478707 0.367388010025024
-17 0 0 0.00393295986577868 0.372063994407654
-16 0 0 0.00402728980407119 0.376763999462128
-15 0 0 0.00412483001127839 0.381489008665085
-14 0 0 0.00422543007880449 0.386240988969803
-13 0 0 0.00432898011058569 0.391019999980927
-12 0 0 0.00443531991913915 0.395828008651733
-11 0 0 0.00454432982951403 0.400665998458862
-10 0 0 0.00465589994564652 0.405535012483597
-9 0 0 0.00476989010348916 0.410438001155853
-8 0 0 0.00484716985374689 0.413724005222321
-7 0 0 0.00489924009889364 0.41592401266098
-6 0 0 0.00493420008569956 0.417394995689392
-5 0 0 0.00495760003104806 0.418377012014389
-4 0 0 0.0049732499755919 0.419032007455826
-3 0 0 0.00498371012508869 0.419470012187958
-2 0 0 0.00499068992212415 0.419761002063751
1 0 0 0.00499999988824129 0.420150011777878
1 0 0 0.00499999988824129 0.420150011777878
-2 0 0 0.00500932987779379 0.420540004968643
-3 0 0 0.00501633016392589 0.420832008123398
-4 0 0 0.00502684991806746 0.421270996332169
-5 0 0 0.00504266005009413 0.421929001808167
-6 0 0 0.00506643997505307 0.422917008399963
-7 0 0 0.00510226003825665 0.424403011798859
-8 0 0 0.00515630980953574 0.426638007164001
-9 0 0 0.00523809995502234 0.430004000663757
-10 0 0 0.00536232022568583 0.435086995363235
-11 0 0 0.00548828998580575 0.44021001458168
-12 0 0 0.00561589980497956 0.445374995470047
-13 0 0 0.00574503000825644 0.45058399438858
-14 0 0 0.00587558979168534 0.455837994813919
-15 0 0 0.00600747019052505 0.461138010025024
-16 0 0 0.00614055991172791 0.466486990451813
-17 0 0 0.00627477001398802 0.471884995698929
-18 0 0 0.00640997011214495 0.477335005998611
-19 0 0 0.00654608011245728 0.482838004827499
-20 0 0 0.00668297987431288 0.488395005464554
-21 0 0 0.00682057021185756 0.494008988142014
-22 0 0 0.00695873983204365 0.499680012464523
-23 0 0 0.00709739001467824 0.505411982536316
-24 0 0 0.00723640015348792 0.511205971240997
-25 0 0 0.00737567013129592 0.517063021659851
-26 0 0 0.00751507980749011 0.522987008094788
-27 0 0 0.00765452021732926 0.52897697687149
-28 0 0 0.00779386982321739 0.535037994384766
-29 0 0 0.00793301034718752 0.541170001029968
-30 0 0 0.00807182025164366 0.547376990318298
-31 0 0 0.00821018032729626 0.553659021854401
-32 0 0 0.00834794994443655 0.560020983219147
-33 0 0 0.00848500989377499 0.566462993621826
-34 0 0 0.0086212195456028 0.572987973690033
-35 0 0 0.00875644013285637 0.579599022865295
-36 0 0 0.00889053009450436 0.586297988891602
-37 0 0 0.00902334041893482 0.59308797121048
-38 0 0 0.00915472023189068 0.599970996379852
-39 0 0 0.00928451027721167 0.606950998306274
-40 0 0 0.00941255036741495 0.614030003547668
-41 0 0 0.0095386803150177 0.621209979057312
-42 0 0 0.00966272037476301 0.628495991230011
-43 0 0 0.00978448987007141 0.635888993740082
-44 0 0 0.00990382954478264 0.643392980098724
-45 0 0 0.010020500048995 0.651010990142822
-46 0 0 0.0101343998685479 0.658747017383575
-47 0 0 0.010245299898088 0.666603028774261
-48 0 0 0.0103529002517462 0.67458301782608
-49 0 0 0.0104571003466845 0.682690024375916
-50 2 4 0.0105576002970338 0.690927982330322
-51 0 0 0.0106543004512787 0.69930100440979
-52 0 0 0.0107468999922276 0.707812011241913
-53 0 0 0.0108351996168494 0.716464996337891
-54 0 0 0.0109190000221133 0.725262999534607
-55 0 0 0.0109980003908277 0.734210014343262
-56 0 0 0.0110719995573163 0.743310987949371
-57 0 0 0.0111408000811934 0.752568006515503
-58 0 0 0.0112041002139449 0.761986017227173
-59 0 0 0.0112618003040552 0.771569013595581
-60 0 0 0.0113134998828173 0.781319975852966
-61 0 0 0.0113591002300382 0.791243016719818
-62 0 0 0.0113982995972037 0.801343023777008
-63 0 0 0.0114310001954436 0.811622023582458
-64 0 0 0.0114569002762437 0.822085022926331
-65 0 0 0.0114759001880884 0.832733988761902
-66 0 0 0.0114877996966243 0.843575000762939
-67 0 0 0.0114924004301429 0.854610025882721
68 3 2 0.0114924004301429 0.856009006500244
69 0 0 0.0114887002855539 0.867265999317169
70 0 0 0.0114775002002716 0.878723978996277
71 0 0 0.0114585999399424 0.890386998653412
72 0 0 0.0114321000874043 0.902254998683929
73 0 0 0.0113979000598192 0.914332985877991
74 0 0 0.0113559998571873 0.926621973514557
75 0 0 0.0113065997138619 0.939125001430511
76 0 0 0.0112495003268123 0.95184201002121
77 0 0 0.0111851003021002 0.964776992797852
78 0 0 0.0111135002225637 0.977928996086121
79 0 0 0.0110347997397184 0.991298973560333
80 0 0 0.0109494002535939 1.00488996505737
81 0 0 0.0108575001358986 1.01870000362396
82 0 0 0.0107594998553395 1.03271996974945
83 0 0 0.0106559004634619 1.04697000980377
84 0 0 0.0105469999834895 1.06142997741699
85 0 0 0.0104334000498056 1.07611000537872
86 0 0 0.0103155998513103 1.09100997447968
87 0 0 0.010194200091064 1.10610997676849
88 0 0 0.0100699001923203 1.12143003940582
89 0 0 0.00994319003075361 1.13695001602173
90 0 0 0.00981486961245537 1.15268003940582
91 0 0 0.0096856402233243 1.16860997676849
92 0 0 0.00955623015761375 1.18473994731903
93 0 0 0.0094274003058672 1.20106995105743
94 0 0 0.00929990969598293 1.21758997440338
95 0 0 0.00917453039437532 1.23429000377655
96 0 0 0.00905205029994249 1.2511899471283
97 0 0 0.00893323961645365 1.26826000213623
98 0 0 0.00881886016577482 1.2855099439621
99 0 0 0.00870965979993343 1.30292999744415
100 4 4 0.0086063900962472 1.32052004337311
101 0 0 0.00850975979119539 1.33827996253967
102 0 0 0.00842047017067671 1.3561999797821
103 0 0 0.00833917036652565 1.37426996231079
104 0 0 0.0082665104418993 1.39250004291534
105 0 0 0.00820309016853571 1.41087996959686
106 0 0 0.00814948044717312 1.42940998077393
107 0 0 0.00810621026903391 1.44807994365692
108 0 0 0.00807377975434065 1.46689999103546
109 0 0 0.00805264990776777 1.48584997653961
110 0 0 0.00804325006902218 1.50493001937866
-111 5 2 0.008042779751122 1.51030004024506
-112 0 0 0.00804894044995308 1.52954995632172
-113 0 0 0.00806766003370285 1.54893004894257
-114 0 0 0.00809923000633717 1.56842994689941
-115 0 0 0.00814391020685434 1.58806002140045
-116 0 0 0.00820195022970438 1.60781002044678
-117 0 0 0.00827352982014418 1.62767994403839
-118 0 0 0.00835881009697914 1.64766001701355
-119 0 0 0.00845794007182121 1.66775000095367
-120 0 0 0.00857102032750845 1.68796002864838
-121 0 0 0.00869811978191137 1.70827996730804
-122 0 0 0.00883928965777159 1.72870004177094
-123 0 0 0.00899455044418573 1.74923002719879
-124 0 0 0.00916390959173441 1.7698700428009
-125 0 0 0.00934734009206295 1.79059994220734
-126 0 0 0.0095448000356555 1.81143999099731
-127 0 0 0.00975621957331896 1.83238005638123
-128 0 0 0.00998154003173113 1.85341000556946
-129 0 0 0.0102206002920866 1.87453997135162
-130 0 0 0.0104734003543854 1.89576995372772
-131 0 0 0.0107397995889187 1.91709005832672
-132 0 0 0.0110194999724627 1.93850004673004
-133 0 0 0.0113124996423721 1.96000003814697
-134 0 0 0.0116186998784542 1.98160004615784
-135 0 0 0.0119377002120018 2.0032799243927
-136 0 0 0.0122696002945304 2.02503991127014
-137 0 0 0.0126139996573329 2.04689002037048
-138 0 0 0.0129707995802164 2.06883001327515
-139 0 0 0.0133397998288274 2.09085011482239
-140 0 0 0.0137208001688123 2.11295008659363
-141 0 0 0.0141136003658175 2.13512992858887
-142 0 0 0.0145180001854897 2.15739011764526
-143 0 0 0.0149336997419596 2.17972993850708
-144 0 0 0.0153606003150344 2.20214009284973
-145 0 0 0.0157983992248774 2.22463011741638
-146 0 0 0.0162470005452633 2.24718999862671
-147 0 0 0.0167060997337103 2.26982998847961
-148 0 0 0.0171754993498325 2.29253005981445
-149 0 0 0.017654899507761 2.31531000137329
-150 6 4 0.0181443002074957 2.33816003799438
-151 0 0 0.0186432003974915 2.36106991767883
-152 0 0 0.0191517006605864 2.38404989242554
-153 0 0 0.0196692999452353 2.4070999622345
-154 0 0 0.0201958995312452 2.43021011352539
-155 0 0 0.0207314006984234 2.45338010787964
-156 0 0 0.0212754998356104 2.47660994529724
-157 0 0 0.0218279007822275 2.49991011619568
-158 0 0 0.0223884992301464 2.52326011657715
-159 0 0 0.0229572001844645 2.54666996002197
-160 0 0 0.0235335994511843 2.57013988494873
-161 0 0 0.0241176001727581 2.59366989135742
-162 0 0 0.0247090999037027 2.6172399520874
-163 0 0 0.0253077000379562 2.64088010787964
-164 0 0 0.0259134992957115 2.66456007957458
-165 0 0 0.0265260003507137 2.68829011917114
-166 0 0 0.0271453000605106 2.71208000183105
-167 0 0 0.0277711004018784 2.73590993881226
-168 0 0 0.0284032002091408 2.75978994369507
-169 0 0 0.0290414001792669 2.78372001647949
-170 0 0 0.0296857003122568 2.80768990516663
-171 0 0 0.0303358994424343 2.83170008659363
-172 0 0 0.0309916995465755 2.85576009750366
-173 0 0 0.0316529981791973 2.87985992431641
-174 0 0 0.0323197990655899 2.90401005744934
-175 0 0 0.0329918004572392 2.92818999290466
-176 0 0 0.033668901771307 2.95240998268127
-177 0 0 0.0343509018421173 2.97667002677917
-178 0 0 0.035037700086832 3.00096011161804
-179 0 0 0.0357293002307415 3.02530002593994
-180 0 0 0.0364254005253315 3.04965996742249
-181 0 0 0.037125900387764 3.07406997680664
-182 0 0 0.0378306992352009 3.09850001335144
-183 0 0 0.0385397002100945 3.12297010421753
-184 0 0 0.0392527990043163 3.14746999740601
-185 0 0 0.0399697981774807 3.17199993133545
-186 0 0 0.0406907014548779 3.19655990600586
-187 0 0 0.0414153002202511 3.22114992141724
-188 0 0 0.0421435013413429 3.24576997756958
-189 0 0 0.042875200510025 3.27041006088257
-190 0 0 0.0436104014515877 3.29508996009827
-191 0 0 0.0443487986922264 3.31978011131287
-192 0 0 0.0450905002653599 3.34451007843018
-193 0 0 0.0458353981375694 3.36926007270813
-194 0 0 0.0465832985937595 3.39403009414673
-195 0 0 0.0473341010510921 3.41881990432739
-196 0 0 0.048087801784277 3.4436399936676
-197 0 0 0.0488443002104759 3.46848011016846
-198 0 0 0.0496034994721413 3.4933500289917
-199 7 9 0.050365399569273 3.51822996139526
