-275 16 9 -0.0502130016684532 -0.404790997505188
-274 0 0 -0.0496041998267174 -0.399951994419098
-273 0 0 -0.0489973016083241 -0.395141988992691
-272 0 0 -0.0483919009566307 -0.39035901427269
-271 0 0 -0.0477880015969276 -0.385603010654449
-270 0 0 -0.0471850000321865 -0.380870997905731
-269 0 0 -0.0465827994048595 -0.376163989305496
-268 0 0 -0.0459811016917229 -0.371479988098145
-267 0 0 -0.045379601418972 -0.366818010807037
-266 0 0 -0.0447780005633831 -0.362177014350891
-265 0 0 -0.0441759005188942 -0.357555001974106
-264 0 0 -0.0435732007026672 -0.352952003479004
-263 0 0 -0.04296949878335 -0.348367005586624
-262 0 0 -0.0423645004630089 -0.343796998262405
-261 0 0 -0.0417579002678394 -0.339242994785309
-260 0 0 -0.0411495007574558 -0.334701985120773
-259 0 0 -0.0405388996005058 -0.330173999071121
-258 0 0 -0.0399257987737656 -0.325657993555069
-257 0 0 -0.0393100008368492 -0.321152001619339
-256 0 0 -0.0386912003159523 -0.31665500998497
-255 0 0 -0.0380689986050129 -0.31216698884964
-254 0 0 -0.0374432988464832 -0.307684004306793
-253 0 0 -0.0368136018514633 -0.303207010030746
-252 0 0 -0.0361797995865345 -0.2987340092659
-251 0 0 -0.0355415008962154 -0.294263005256653
-250 15 4 -0.0348985008895397 -0.289793998003006
-249 0 0 -0.0342505984008312 -0.28532400727272
-248 0 0 -0.0335974991321564 -0.280853003263474
-247 0 0 -0.0329390987753868 -0.276378005743027
-246 0 0 -0.0322748981416225 -0.27189901471138
-245 0 0 -0.0316050015389919 -0.26741299033165
-244 0 0 -0.0309290997684002 -0.262917995452881
-243 0 0 -0.0302470996975899 -0.258414000272751
-242 0 0 -0.02978890016675 -0.255403995513916
-241 0 0 -0.0293279998004436 -0.252389013767242
-240 0 0 -0.02886419929564 -0.249366998672485
-239 0 0 -0.0283975005149841 -0.246337994933128
-238 0 0 -0.0279281008988619 -0.243301004171371
-237 0 0 -0.0274557005614042 -0.240255996584892
-236 0 0 -0.0269805993884802 -0.237202003598213
-235 0 0 -0.0265025999397039 -0.234137997031212
-234 0 0 -0.0260217990726233 -0.231062993407249
-233 0 0 -0.0255382992327213 -0.227976992726326
-232 0 0 -0.0250519998371601 -0.224878996610641
-231 0 0 -0.0247264001518488 -0.222807005047798
-230 0 0 -0.0243995003402233 -0.220727995038033
-229 0 0 -0.0240716002881527 -0.218643993139267
-228 0 0 -0.0237425994127989 -0.216552004218102
-227 0 0 -0.0234124008566141 -0.214453995227814
-226 0 0 -0.0230812001973391 -0.212348997592926
-225 0 0 -0.0227489992976189 -0.210236996412277
-224 0 0 -0.0224158000200987 -0.208116993308067
-223 0 0 -0.0220816992223263 -0.205988004803658
-222 0 0 -0.0217467006295919 -0.203851997852325
-221 0 0 -0.0214108005166054 -0.201707005500793
-220 0 0 -0.0210740994662046 -0.199552997946739
-219 0 0 -0.0207365993410349 -0.197390004992485
-218 0 0 -0.0203984007239342 -0.195216998457909
-217 0 0 -0.0200596004724503 -0.193032994866371
-216 0 0 -0.0197200998663902 -0.190840005874634
-215 0 0 -0.0193802006542683 -0.188636004924774
-214 0 0 -0.0190398003906012 -0.186419993638992
-213 0 0 -0.0186988990753889 -0.184193000197411
-212 0 0 -0.0183578003197908 -0.181953996419907
-211 0 0 -0.0180163998156786 -0.179702997207642
-210 0 0 -0.0176748000085354 -0.177438005805016
-209 0 0 -0.0173332002013922 -0.175161004066467
-208 0 0 -0.0169914998114109 -0.172868996858597
-207 0 0 -0.0166500005871058 -0.170563995838165
-206 0 0 -0.0163086000829935 -0.168244004249573
-205 0 0 -0.0159676000475883 -0.165909007191658
-204 0 0 -0.0156268998980522 -0.163558006286621
-203 0 0 -0.0152866998687387 -0.161191999912262
-202 0 0 -0.0149472001940012 -0.158809006214142
-201 0 0 -0.0146083002910018 -0.156408995389938
-200 14 4 -0.014270399697125 -0.153992995619774
-199 0 0 -0.0139333996921778 -0.151558995246887
-198 0 0 -0.0135976001620293 -0.149107992649078
-197 0 0 -0.0132630001753569 -0.146639004349709
-196 0 0 -0.0129298996180296 -0.144152000546455
-195 0 0 -0.0125984000042081 -0.14164699614048
-194 0 0 -0.0122688002884388 -0.139125004410744
-193 0 0 -0.0119410995393991 -0.136584997177124
-192 0 0 -0.0116156004369259 -0.134029000997543
-191 0 0 -0.0112926000729203 -0.13145600259304
-190 0 0 -0.0109724001958966 -0.128868997097015
-189 0 0 -0.0106551004573703 -0.126268997788429
-188 0 0 -0.0103411003947258 -0.123657003045082
-187 0 0 -0.0100307995453477 -0.121035002171993
-186 0 0 -0.00972445029765368 -0.118407003581524
-185 0 0 -0.00942250993102789 -0.115776002407074
-184 0 0 -0.00912537984549999 -0.113145001232624
-183 0 0 -0.00883350986987352 -0.110518001019955
-182 0 0 -0.0085473395884037 -0.107900999486446
-181 0 0 -0.00826734025031328 -0.10529900342226
-180 0 0 -0.00799395982176065 -0.102716997265816
-179 0 0 -0.00772764021530747 -0.100161999464035
-178 0 0 -0.00746876979246736 -0.0976381003856659
-177 0 0 -0.0072177299298346 -0.0951526015996933
-176 0 0 -0.00697478000074625 -0.0927103981375694
-175 0 0 -0.00674015982076526 -0.0903166010975838
-174 0 0 -0.00651398999616504 -0.0879755020141602
-173 0 0 -0.0062963399104774 -0.0856906026601791
-172 0 0 -0.00608718022704124 -0.0834646001458168
-171 0 0 -0.00588640011847019 -0.0812996029853821
-170 0 0 -0.00569383008405566 -0.079196497797966
-169 0 0 -0.00550926011055708 -0.0771557986736298
-168 0 0 -0.00533240009099245 -0.0751771032810211
-167 0 0 -0.0051629701629281 -0.073259599506855
-166 0 0 -0.00500062992796302 -0.0714019984006882
-165 0 0 -0.00484505016356707 -0.0696026012301445
-164 0 0 -0.00469589000567794 -0.0678593963384628
-163 0 0 -0.00455278996378183 -0.066170297563076
-162 0 0 -0.0044154399074614 -0.0645330026745796
-161 0 0 -0.00428349012508988 -0.0629450976848602
-160 0 0 -0.00415663002058864 -0.0614042989909649
-159 0 0 -0.00403458019718528 -0.0599082000553608
-158 0 0 -0.00391703005880117 -0.0584544017910957
-157 0 0 -0.00380371999926865 -0.0570407994091511
-156 0 0 -0.00369438994675875 -0.0556650012731552
-155 0 0 -0.00358881009742618 -0.0543249994516373
-154 0 0 -0.0034867599606514 -0.0530185997486115
-153 0 0 -0.00338800996541977 -0.0517439991235733
-152 0 0 -0.0032923799008131 -0.0504991002380848
-151 0 0 -0.00319968000985682 -0.0492823012173176
-150 13 4 -0.00310974009335041 -0.0480916984379292
-149 0 0 -0.00302238995209336 -0.0469258017838001
-148 0 0 -0.00293748010881245 -0.0457829013466835
-147 0 0 -0.00285486993379891 -0.0446614995598793
-146 0 0 -0.00277442997321486 -0.0435601994395256
-145 0 0 -0.00269602006301284 -0.0424774996936321
-144 0 0 -0.00261953007429838 -0.0414121001958847
-143 0 0 -0.00254485011100769 -0.0403626002371311
-142 0 0 -0.00247186003252864 -0.0393278002738953
-141 0 0 -0.0024004599545151 -0.038306500762701
-140 0 0 -0.00233056000433862 -0.0372973009943962
-139 0 0 -0.00226206006482244 -0.0362990982830524
-138 0 0 -0.00219487003050745 -0.0353107005357742
-137 0 0 -0.0021289000287652 -0.0343308001756668
-136 0 0 -0.00206405995413661 -0.0333582982420921
-135 0 0 -0.00200027995742857 -0.0323918983340263
-134 0 0 -0.00193746003787965 -0.0314303003251553
-133 0 0 -0.00187551998533309 -0.0304722990840673
-132 0 0 -0.00181438005529344 -0.0295164994895458
-131 0 0 -0.0017539500258863 -0.0285614002496004
-130 0 0 -0.0016941400244832 -0.0276056006550789
-129 0 0 -0.00163486995734274 -0.02664740011096
-128 0 0 -0.00157603004481643 -0.0256849993020296
-127 0 0 -0.00151752005331218 -0.0247163996100426
-126 0 0 -0.00145922997035086 -0.0237394999712706
-125 0 0 -0.00140104000456631 -0.0227518007159233
-124 0 0 -0.00134279998019338 -0.0217502992600203
-123 0 0 -0.00128434004727751 -0.0207317005842924
-122 0 0 -0.0012254900066182 -0.0196920000016689
-121 0 0 -0.00118592998478562 -0.0189848002046347
-120 0 0 -0.00114601000677794 -0.0182642992585897
-119 0 0 -0.00110563996713609 -0.0175285004079342
-118 0 0 -0.00106470996979624 -0.0167750008404255
-117 0 0 -0.00102308997884393 -0.0160009991377592
-116 0 0 -0.000994883012026548 -0.0154718002304435
-115 0 0 -0.00096624402794987 -0.0149306999519467
-114 0 0 -0.000937107019126415 -0.0143763003870845
-113 0 0 -0.000907392997760326 -0.0138066997751594
-112 0 0 -0.000877010985277593 -0.0132200000807643
-111 0 0 -0.000856329977978021 -0.0128180999308825
-110 0 0 -0.000835262995678931 -0.0124065997079015
-109 0 0 -0.000813763996120542 -0.0119845997542143
-108 0 0 -0.000791780010331422 -0.0115507002919912
-107 0 0 -0.000769247009884566 -0.0111036999151111
-106 0 0 -0.000746091012842953 -0.0106418998911977
-105 0 0 -0.000730262021534145 -0.0103246998041868
-104 0 0 -0.000714083027560264 -0.00999942980706692
-103 0 0 -0.000697518000379205 -0.00966511014848948
-102 0 0 -0.000680522003676742 -0.00932082999497652
-101 0 0 -0.000663043989334255 -0.00896545965224504
-100 12 4 -0.000645023013930768 -0.00859765987843275
-99 0 0 -0.0006326719885692 -0.00834476016461849
-98 0 0 -0.000620021019130945 -0.00808504968881607
-97 0 0 -0.000607040012255311 -0.00781788025051355
-96 0 0 -0.000593693985138088 -0.00754247000440955
-95 0 0 -0.000579942017793655 -0.00725793978199363
-94 0 0 -0.000565734982956201 -0.0069632101804018
-93 0 0 -0.00055598298786208 -0.00676043005660176
-92 0 0 -0.000545981980394572 -0.00655210018157959
-91 0 0 -0.000535709026735276 -0.00633771019056439
-90 0 0 -0.000525136012583971 -0.0061166500672698
-89 0 0 -0.000514231971465051 -0.00588823016732931
-88 0 0 -0.00050295697292313 -0.00565162021666765
-87 0 0 -0.000495213025715202 -0.00548883993178606
-86 0 0 -0.000487268989672884 -0.00532164983451366
-85 0 0 -0.000479106005514041 -0.00514962989836931
-84 0 0 -0.000470703991595656 -0.0049723400734365
-83 0 0 -0.000462038995465264 -0.0047892602160573
-82 0 0 -0.000453082000603899 -0.0045997598208487
-81 0 0 -0.000446932011982426 -0.00446949992328882
-80 0 0 -0.000440625997725874 -0.00433582020923495
-79 0 0 -0.000434151006629691 -0.00419843010604382
-78 0 0 -0.000427491992013529 -0.00405699014663696
-77 0 0 -0.000420630996813998 -0.00391115015372634
-76 0 0 -0.000413547997595742 -0.00376045005396008
-75 0 0 -0.000406220991862938 -0.00360438995994627
-74 0 0 -0.000398620992200449 -0.00344238011166453
-73 0 0 -0.000390716013498604 -0.00327369989827275
-72 0 0 -0.000382466008886695 -0.00309748994186521
-71 0 0 -0.000373821996618062 -0.00291269994340837
-70 0 0 -0.000364725012332201 -0.00271801999770105
-69 0 0 -0.000355099997250363 -0.00251182005740702
-68 0 0 -0.000344850006513298 -0.00229201000183821
-67 0 0 -0.000333848991431296 -0.00205585011281073
-66 0 0 -0.000321931991493329 -0.00179974001366645
-65 0 0 -0.000308876013150439 -0.00151884998194873
-64 0 0 -0.000294392986688763 -0.00120692001655698
-63 0 0 -0.000259733991697431 -0.000459100992884487
-62 0 0 -0.000182121002580971 0.00122026994358748
-61 0 0 -9.46955988183618E-05 0.00311468006111681
-60 0 0 7.99893041403266E-06 0.0053344601765275
-59 0 0 0.000248503987677395 0.0104563999921083
-58 0 0 0.000569581985473633 0.0170169994235039
-57 0 0 0.000841466011479497 0.0222934000194073
-56 0 0 0.0011031300527975 0.0271607991307974
-55 0 0 0.00136879994533956 0.0319399982690811
-54 0 0 0.00164703000336885 0.0368230007588863
-53 0 0 0.00194471003487706 0.041966300457716
-52 0 0 0.00226846989244223 0.0475279986858368
-51 0 0 0.00262524001300335 0.0536900982260704
-50 11 4 0.00302194990217686 0.0606770999729633
-49 0 0 0.00346384011209011 0.0687621980905533
-48 0 0 0.00394912017509341 0.078235000371933
-47 0 0 0.00445839017629623 0.0892639979720116
-46 0 0 0.00494534010067582 0.10165199637413
-45 0 0 0.00535076018422842 0.114784002304077
-44 0 0 0.0056360699236393 0.127997994422913
-43 0 0 0.00579555006697774 0.140909001231194
42 10 2 0.00584392016753554 0.153383001685143
41 0 0 0.0058218901976943 0.162174001336098
40 0 0 0.00573083013296127 0.17391699552536
39 0 0 0.00558870006352663 0.185304999351501
38 0 0 0.00541407987475395 0.196392998099327
37 0 0 0.00522253010421991 0.207231998443604
36 0 0 0.00502663012593985 0.217865005135536
35 0 0 0.00483627989888191 0.228330999612808
34 0 0 0.00465899985283613 0.238663002848625
33 0 0 0.00450032996013761 0.248888999223709
32 0 0 0.00436409981921315 0.259036988019943
31 0 0 0.00425285007804632 0.269127994775772
30 0 0 0.00416798982769251 0.279184013605118
29 0 0 0.00411013979464769 0.28922501206398
28 0 0 0.00407927017658949 0.299266993999481
-27 9 2 0.00407344987615943 0.305970996618271
-26 0 0 0.00407344987615943 0.306124985218048
-25 0 0 0.00407944992184639 0.312842011451721
-24 0 0 0.00409669009968638 0.319577008485794
-23 0 0 0.00412485981360078 0.326332986354828
-22 0 0 0.00414953986182809 0.330852001905441
-21 0 0 0.00417880015447736 0.335384011268616
-20 0 0 0.00421252986416221 0.33992999792099
-19 0 0 0.00425062002614141 0.344491004943848
-18 0 0 0.00429293978959322 0.349068999290466
-17 0 0 0.0043393699452281 0.353664010763168
-16 0 0 0.00438980013132095 0.35827898979187
-15 0 0 0.00444409996271133 0.362915009260178
-14 0 0 0.00450213998556137 0.367570996284485
-13 0 0 0.00456380983814597 0.372251003980637
-12 0 0 0.00462898006662726 0.376953989267349
-11 0 0 0.00469753006473184 0.381682991981506
-10 0 0 0.00476934993639588 0.386438012123108
-9 0 0 0.00484432000666857 0.391220986843109
-8 0 0 0.0048959800042212 0.394425004720688
-7 0 0 0.00493115978315473 0.396569013595581
-6 0 0 0.0049549201503396 0.398001998662949
-5 0 0 0.00497091002762318 0.398957997560501
-4 0 0 0.00498163001611829 0.399596005678177
-3 0 0 0.00498879980295897 0.400022000074387
-2 0 0 0.0049935900606215 0.400305986404419
1 0 0 0.00499999988824129 0.400685012340546
1 0 0 0.00499999988824129 0.400685012340546
-2 0 0 0.0050064199604094 0.40106400847435
-3 0 0 0.00501124979928136 0.401349008083344
-4 0 0 0.00501852016896009 0.401775002479553
-5 0 0 0.00502945017069578 0.402415990829468
-6 0 0 0.00504594016820192 0.403378009796143
-7 0 0 0.00507086981087923 0.404823988676071
-8 0 0 0.00510870991274714 0.406996995210648
-9 0 0 0.00516645004972816 0.410270005464554
-10 0 0 0.00525519996881485 0.415208011865616
-11 0 0 0.00534640997648239 0.420181006193161
-12 0 0 0.00543997995555401 0.425190001726151
-13 0 0 0.00553579023107886 0.430238008499146
-14 0 0 0.00563372997567058 0.435324996709824
-15 0 0 0.00573369022458792 0.440452992916107
-16 0 0 0.00583556015044451 0.445623010396957
-17 0 0 0.0059392498806119 0.450836002826691
-18 0 0 0.00604462996125221 0.456095010042191
-19 0 0 0.0061515998095274 0.461400985717773
-20 0 0 0.00626004999503493 0.466755002737045
-21 0 0 0.00636987993493676 0.472158998250961
-22 0 0 0.00648098019883037 0.477613985538483
-23 0 0 0.00659323018044233 0.483123004436493
-24 0 0 0.00670653022825718 0.488685995340347
-25 0 0 0.00682076998054981 0.494305998086929
-26 0 0 0.00693583022803068 0.499985009431839
-27 0 0 0.00705160992220044 0.505722999572754
-28 0 0 0.00716798007488251 0.511524021625519
-29 0 0 0.00728484010323882 0.517387986183167
-30 0 0 0.0074020498432219 0.523319005966187
-31 0 0 0.00751951010897756 0.529317021369934
-32 0 0 0.00763709004968405 0.535385012626648
-33 0 0 0.00775466999039054 0.541526019573212
-34 0 0 0.00787209998816252 0.54773998260498
-35 0 0 0.00798927992582321 0.554031014442444
-36 0 0 0.00810605008155107 0.560401022434235
-37 0 0 0.00822228007018566 0.566852986812592
-38 0 0 0.0083378404378891 0.573387026786804
-39 0 0 0.00845257006585598 0.580007970333099
-40 0 0 0.00856633018702269 0.586717009544373
-41 0 0 0.00867895036935806 0.593517005443573
-42 0 0 0.00879028998315334 0.600412011146545
-43 0 0 0.00890018045902252 0.607402980327606
-44 0 0 0.00900845043361187 0.614493012428284
-45 0 0 0.00911493040621281 0.621685028076172
-46 0 0 0.00921943970024586 0.628983020782471
-47 0 0 0.00932180043309927 0.636389017105103
-48 0 0 0.0094218198210001 0.643905997276306
-49 0 0 0.00951930973678827 0.651538014411926
-50 2 4 0.00961406994611025 0.659287989139557
-51 0 0 0.00970588997006416 0.667159020900726
-52 0 0 0.00979456957429647 0.675153970718384
-53 0 0 0.00987990014255047 0.683278024196625
-54 0 0 0.00996164977550507 0.691532015800476
-55 0 0 0.0100395996123552 0.699922025203705
-56 0 0 0.010113500058651 0.708450973033905
-57 0 0 0.0101832002401352 0.71712201833725
-58 0 0 0.0102484002709389 0.725938975811005
-59 0 0 0.0103088999167085 0.734906017780304
-60 0 0 0.0103644002228975 0.744027018547058
-61 0 0 0.0104147000238299 0.753305017948151
-62 0 0 0.0104596000164747 0.762745022773743
-63 0 0 0.0104988003149629 0.772350013256073
-64 0 0 0.0105322003364563 0.782124996185303
-65 0 0 0.0105593996122479 0.792071998119354
-66 0 0 0.0105803003534675 0.802196979522705
-67 0 0 0.0105945998802781 0.812502026557922
-68 0 0 0.010602300055325 0.822991013526917
69 3 2 0.0106034995988011 0.829348027706146
70 0 0 0.0105999996885657 0.840139985084534
71 0 0 0.0105892000719905 0.851125001907349
72 0 0 0.0105710998177528 0.862308025360107
73 0 0 0.0105456002056599 0.873690009117126
74 0 0 0.0105125000700355 0.885276019573212
75 0 0 0.0104718003422022 0.897068023681641
76 0 0 0.0104235000908375 0.909067988395691
77 0 0 0.0103674996644258 0.921280026435852
78 0 0 0.0103037999942899 0.933704972267151
79 0 0 0.0102326003834605 0.946344971656799
80 0 0 0.0101539995521307 0.959201991558075
81 0 0 0.0100680999457836 0.972276985645294
82 0 0 0.00997503008693457 0.985570013523102
83 0 0 0.00987518019974232 0.999083995819092
84 0 0 0.00976877007633448 1.01282000541687
85 0 0 0.00965617038309574 1.02676999568939
86 0 0 0.00953774992376566 1.04094004631042
87 0 0 0.00941396038979292 1.05533003807068
88 0 0 0.0092852795496583 1.06993997097015
89 0 0 0.00915224011987448 1.08475995063782
90 0 0 0.00901541020721197 1.09979999065399
91 0 0 0.00887542031705379 1.11504995822906
92 0 0 0.00873291026800871 1.13050997257233
93 0 0 0.00858855992555618 1.14617002010345
94 0 0 0.00844307988882065 1.16203999519348
95 0 0 0.00829721987247467 1.17811000347137
96 0 0 0.00815172027796507 1.19438004493713
97 0 0 0.00800735969096422 1.21083998680115
98 0 0 0.00786492042243481 1.22748994827271
99 0 0 0.00772516988217831 1.2443300485611
100 4 4 0.00758890016004443 1.26136004924774
101 0 0 0.00745688984170556 1.27856004238129
102 0 0 0.00732989981770515 1.29593002796173
103 0 0 0.00720867980271578 1.3134800195694
104 0 0 0.00709395995363593 1.33118999004364
105 0 0 0.00698644015938044 1.34906995296478
106 0 0 0.00688681984320283 1.36710000038147
107 0 0 0.00679574022069573 1.38530004024506
108 0 0 0.00671382015570998 1.40364003181458
109 0 0 0.00664165010675788 1.42212998867035
110 0 0 0.00657976977527142 1.44077003002167
111 0 0 0.00652871979400516 1.45955002307892
112 0 0 0.00648894999176264 1.4784699678421
113 0 0 0.0064609101973474 1.49751996994019
114 0 0 0.00644501019269228 1.51671004295349
-115 5 2 0.00644126022234559 1.53155994415283
-116 0 0 0.00644767982885242 1.55097997188568
-117 0 0 0.00646715983748436 1.57052004337311
-118 0 0 0.00649994006380439 1.59018003940582
-119 0 0 0.00654625985771418 1.60995995998383
-120 0 0 0.00660631014034152 1.6298600435257
-121 0 0 0.00668023992329836 1.64987003803253
-122 0 0 0.00676820008084178 1.66999995708466
-123 0 0 0.00687025999650359 1.69024002552032
-124 0 0 0.00698651978746057 1.71059000492096
-125 0 0 0.00711701018735766 1.73104000091553
-126 0 0 0.00726174982264638 1.75161004066467
-127 0 0 0.00742074009031057 1.77226996421814
-128 0 0 0.007593949791044 1.79304003715515
-129 0 0 0.00778133003041148 1.81391000747681
-130 0 0 0.00798281002789736 1.83486998081207
-131 0 0 0.00819831993430853 1.85593998432159
-132 0 0 0.00842775963246822 1.87709999084473
-133 0 0 0.00867099966853857 1.89835000038147
-134 0 0 0.00892791990190744 1.91970002651215
-135 0 0 0.00919837970286608 1.94114005565643
-136 0 0 0.00948221981525421 1.96266996860504
-137 0 0 0.00977929029613733 1.98429000377655
-138 0 0 0.0100894002243876 2.00600004196167
-139 0 0 0.0104123996570706 2.02779006958008
-140 0 0 0.0107480995357037 2.04966998100281
-141 0 0 0.0110962996259332 2.07163000106812
-142 0 0 0.0114567000418901 2.09367990493774
-143 0 0 0.011829299852252 2.11579990386963
-144 0 0 0.0122137004509568 2.13801002502441
-145 0 0 0.0126098999753594 2.16029000282288
-146 0 0 0.0130174001678824 2.18265008926392
-147 0 0 0.0134362997487187 2.20509004592896
-148 0 0 0.0138661004602909 2.22760009765625
-149 0 0 0.0143068004399538 2.25019001960754
-150 6 4 0.0147580998018384 2.27285003662109
-151 0 0 0.0152196995913982 2.29557991027832
-152 0 0 0.0156915001571178 2.31838011741638
-153 0 0 0.0161732994019985 2.34124994277954
-154 0 0 0.0166647005826235 2.36418008804321
-155 0 0 0.0171656999737024 2.38718008995056
-156 0 0 0.0176759995520115 2.41024994850159
-157 0 0 0.0181952994316816 2.43337988853455
-158 0 0 0.0187235996127129 2.45656991004944
-159 0 0 0.0192604996263981 2.47983002662659
-160 0 0 0.0198058001697063 2.50313997268677
-161 0 0 0.0203594993799925 2.52651000022888
-162 0 0 0.0209210999310017 2.54994010925293
-163 0 0 0.0214907005429268 2.57343006134033
-164 0 0 0.0220679007470608 2.59697008132935
-165 0 0 0.0226525999605656 2.62056994438171
-166 0 0 0.0232445001602173 2.64422011375427
-167 0 0 0.0238435994833708 2.66792011260986
-168 0 0 0.0244495999068022 2.69166994094849
-169 0 0 0.0250624008476734 2.7154700756073
-170 0 0 0.0256817005574703 2.73932003974915
-171 0 0 0.026307400316 2.7632200717926
-172 0 0 0.0269393008202314 2.78715991973877
-173 0 0 0.0275772996246815 2.81115007400513
-174 0 0 0.0282211992889643 2.83518004417419
-175 0 0 0.0288708005100489 2.85925006866455
-176 0 0 0.029526099562645 2.88336992263794
-177 0 0 0.0301866997033358 2.90752005577087
-178 0 0 0.0308526996523142 2.93172001838684
-179 0 0 0.0315238013863564 2.95595002174377
-180 0 0 0.0321999005973339 2.98023009300232
-181 0 0 0.0328808985650539 3.00453996658325
-182 0 0 0.0335666984319687 3.02887988090515
-183 0 0 0.034256998449564 3.05326008796692
-184 0 0 0.0349517986178398 3.0776801109314
-185 0 0 0.0356509983539581 3.10211992263794
-186 0 0 0.0363542996346951 3.12660002708435
-187 0 0 0.0370618999004364 3.15110993385315
-188 0 0 0.0377734005451202 3.17564988136292
-189 0 0 0.0384887009859085 3.20022988319397
-190 0 0 0.0392079018056393 3.22482991218567
-191 0 0 0.0399307012557983 3.24945998191833
-192 0 0 0.0406570993363857 3.27411007881165
-193 0 0 0.0413869991898537 3.29878997802734
-194 0 0 0.042120199650526 3.32349991798401
-195 0 0 0.0428567007184029 3.34823989868164
-196 0 0 0.0435964018106461 3.37298989295959
-197 0 0 0.0443391986191273 3.39777994155884
-198 0 0 0.0450850017368793 3.4225800037384
-199 0 0 0.0458336994051933 3.44741010665894
-200 7 4 0.0465851984918118 3.47225999832153
-201 0 0 0.0473394989967346 3.49712991714478
-202 0 0 0.0480963997542858 3.52202010154724
-203 0 0 0.0488560013473034 3.54693007469177
-204 0 0 0.0496180988848209 3.57186007499695
-205 8 9 0.050382599234581 3.59681010246277
