-342 19 9 -0.0500002987682819 -0.38934600353241
-341 0 0 -0.0492696985602379 -0.383731007575989
-340 0 0 -0.0485399998724461 -0.37814998626709
-339 0 0 -0.0478108003735542 -0.372602999210358
-338 0 0 -0.0470816008746624 -0.367087006568909
-337 0 0 -0.0463518016040325 -0.361600011587143
-336 0 0 -0.0456212013959885 -0.356139987707138
-335 0 0 -0.0448890998959541 -0.3507060110569
-334 0 0 -0.0441551990807056 -0.345295995473862
-333 0 0 -0.0434187985956669 -0.339906990528107
-332 0 0 -0.042679701000452 -0.334538012742996
-331 0 0 -0.0419371984899044 -0.329187005758286
-330 0 0 -0.0411910004913807 -0.323852002620697
-329 0 0 -0.0404403991997242 -0.318531006574631
-328 0 0 -0.0396852008998394 -0.313221007585526
-327 0 0 -0.0389247015118599 -0.30792099237442
-326 0 0 -0.0381585992872715 -0.302628993988037
-325 0 0 -0.0373863987624645 -0.297342002391815
-324 0 0 -0.036607600748539 -0.292057991027832
-323 0 0 -0.0358217991888523 -0.28677499294281
-322 0 0 -0.035028699785471 -0.281489998102188
-321 0 0 -0.0342277996242046 -0.276201009750366
-320 0 0 -0.0336893983185291 -0.272671014070511
-319 0 0 -0.0331473015248775 -0.269138008356094
-318 0 0 -0.0326015017926693 -0.265599995851517
-317 0 0 -0.0320517010986805 -0.262055993080139
-316 0 0 -0.0314981006085873 -0.258506000041962
-315 0 0 -0.0309404991567135 -0.254947990179062
-314 0 0 -0.0303787998855114 -0.251383006572723
-313 0 0 -0.0298129990696907 -0.247806996107101
-312 0 0 -0.0292431991547346 -0.24422200024128
-311 0 0 -0.0286692995578051 -0.240624994039536
-310 0 0 -0.0280913002789021 -0.237016007304192
-309 0 0 -0.0277037005871534 -0.234602004289627
-308 0 0 -0.0273142997175455 -0.232181996107101
-307 0 0 -0.0269230995327234 -0.229754999279976
-306 0 0 -0.0265302006155252 -0.227320998907089
-305 0 0 -0.0261355992406607 -0.224879994988441
-304 0 0 -0.0257392004132271 -0.222430005669594
-303 0 0 -0.0253411997109652 -0.219971999526024
-302 0 0 -0.0249416008591652 -0.217504993081093
-301 0 0 -0.0245402995496988 -0.215029001235962
-300 18 4 -0.0241375006735325 -0.212542995810509
-299 0 0 -0.0237332005053759 -0.210047006607056
-298 0 0 -0.023327499628067 -0.20754100382328
-297 0 0 -0.0229205004870892 -0.205023005604744
-296 0 0 -0.0225121006369591 -0.202492997050285
-295 0 0 -0.0221024993807077 -0.199950993061066
-294 0 0 -0.0216917004436255 -0.197395995259285
-293 0 0 -0.0212798994034529 -0.194828003644943
-292 0 0 -0.0208670999854803 -0.192246004939079
-291 0 0 -0.0204534009099007 -0.189649000763893
-290 0 0 -0.0200389996170998 -0.187037006020546
-289 0 0 -0.0196238998323679 -0.184409007430077
-288 0 0 -0.019208300858736 -0.181765004992485
-287 0 0 -0.018792200833559 -0.179103001952171
-286 0 0 -0.0183758996427059 -0.176422998309135
-285 0 0 -0.0179593991488218 -0.173723995685577
-284 0 0 -0.0175429005175829 -0.171005994081497
-283 0 0 -0.0171265993267298 -0.168267995119095
-282 0 0 -0.0167104993015528 -0.16550999879837
-281 0 0 -0.016295000910759 -0.162728995084763
-280 0 0 -0.01587999984622 -0.159926995635033
-279 0 0 -0.0154659999534488 -0.157101005315781
-278 0 0 -0.0150530003011227 -0.154251992702484
-277 0 0 -0.0146412001922727 -0.151379004120827
-276 0 0 -0.0142309004440904 -0.148481994867325
-275 0 0 -0.0138224000111222 -0.145560994744301
-274 0 0 -0.0134159000590444 -0.142614006996155
-273 0 0 -0.0130116995424032 -0.139642998576164
-272 0 0 -0.0126101998612285 -0.136648997664452
-271 0 0 -0.0122116003185511 -0.133631005883217
-270 0 0 -0.011816400103271 -0.130591005086899
-269 0 0 -0.0114251002669334 -0.127532005310059
-268 0 0 -0.0110379997640848 -0.124454997479916
-267 0 0 -0.0106557998806238 -0.121363997459412
-266 0 0 -0.0102791003882885 -0.118262998759747
-265 0 0 -0.00990855041891336 -0.115157999098301
-264 0 0 -0.0095448000356555 -0.112055003643036
-263 0 0 -0.00918866042047739 -0.108961001038551
-262 0 0 -0.00884091015905142 -0.105884000658989
-261 0 0 -0.00850233994424343 -0.10283400118351
-260 0 0 -0.00817370973527431 -0.0998191982507706
-259 0 0 -0.0078557301312685 -0.0968500003218651
-258 0 0 -0.00754899019375443 -0.0939356982707977
-257 0 0 -0.00725397001951933 -0.091084897518158
-256 0 0 -0.00697098998352885 -0.0883049964904785
-255 0 0 -0.00670020002871752 -0.0856024026870728
-254 0 0 -0.00644160015508533 -0.0829816982150078
-253 0 0 -0.00619503017514944 -0.0804458037018776
-252 0 0 -0.00596019020304084 -0.0779962986707687
-251 0 0 -0.00573669001460075 -0.0756331980228424
-250 17 4 -0.00552402995526791 -0.0733556002378464
-249 0 0 -0.00532170012593269 -0.0711615011096001
-248 0 0 -0.00512913009151816 -0.0690480023622513
-247 0 0 -0.0049457298591733 -0.0670119971036911
-246 0 0 -0.00477092992514372 -0.065049797296524
-245 0 0 -0.00460417987778783 -0.0631576031446457
-244 0 0 -0.00444491999223828 -0.0613317005336285
-243 0 0 -0.00429265014827251 -0.0595678985118866
-242 0 0 -0.00414688000455499 -0.0578626990318298
-241 0 0 -0.00400716997683048 -0.0562122017145157
-240 0 0 -0.00387307000346482 -0.0546128004789352
-239 0 0 -0.00374420010484755 -0.0530611984431744
-238 0 0 -0.00362020009197295 -0.0515539981424809
-237 0 0 -0.0035007200203836 -0.0500881001353264
-236 0 0 -0.00338543998077512 -0.0486606992781162
-235 0 0 -0.00327408011071384 -0.0472686998546124
-234 0 0 -0.00316637009382248 -0.0459096990525723
-233 0 0 -0.00306204007938504 -0.0445811003446579
-232 0 0 -0.00296088005416095 -0.0432804003357887
-231 0 0 -0.0028626499697566 -0.0420051999390125
-230 0 0 -0.00276715005747974 -0.040753498673439
-229 0 0 -0.00267420010641217 -0.0395230017602444
-228 0 0 -0.00258359010331333 -0.0383116006851196
-227 0 0 -0.00249517010524869 -0.0371172986924648
-226 0 0 -0.00240875990130007 -0.03593809902668
-225 0 0 -0.00232421001419425 -0.0347720012068748
-224 0 0 -0.00224136002361774 -0.0336169004440308
-223 0 0 -0.00216005998663604 -0.0324707999825478
-222 0 0 -0.00208014994859695 -0.0313316993415356
-221 0 0 -0.00200149999000132 -0.0301974005997181
-220 0 0 -0.00192395003978163 -0.0290654990822077
-219 0 0 -0.00184734002687037 -0.0279337000101805
-218 0 0 -0.00177152000833303 -0.0267993006855249
-217 0 0 -0.00169629999436438 -0.0256594996899366
-216 0 0 -0.00162150000687689 -0.0245110001415014
-215 0 0 -0.00154692004434764 -0.0233500003814697
-214 0 0 -0.00147231994196773 -0.022172199562192
-213 0 0 -0.00142244005110115 -0.0213751997798681
-212 0 0 -0.001372340018861 -0.0205665994435549
-211 0 0 -0.00132190005388111 -0.0197445005178452
-210 0 0 -0.00127101002726704 -0.0189063008874655
-209 0 0 -0.00121951999608427 -0.0180491991341114
-208 0 0 -0.00116724998224527 -0.0171696990728378
-207 0 0 -0.0011318699689582 -0.0165688991546631
-206 0 0 -0.00109597004484385 -0.0159546993672848
-205 0 0 -0.00105946999974549 -0.0153254000470042
-204 0 0 -0.00102226005401462 -0.014678799547255
-203 0 0 -0.00098420400172472 -0.0140123004093766
-202 0 0 -0.000958292977884412 -0.0135554997250438
-201 0 0 -0.000931883987504989 -0.0130872996523976
-200 16 4 -0.000904913002159446 -0.0126066002994776
-199 0 0 -0.00087730202358216 -0.0121117001399398
-198 0 0 -0.000848960014991462 -0.0116007998585701
-197 0 0 -0.000829603988677263 -0.0112501997500658
-196 0 0 -0.000809834979008883 -0.0108906999230385
-195 0 0 -0.000789607001934201 -0.0105215003713965
-194 0 0 -0.000768866972066462 -0.0101413996890187
-193 0 0 -0.000747552025131881 -0.00974918995052576
-192 0 0 -0.000725586025509983 -0.00934338010847569
-191 0 0 -0.00071053602732718 -0.00906439963728189
-190 0 0 -0.000695123977493495 -0.00877793040126562
-189 0 0 -0.000679315009620041 -0.0084832301363349
-188 0 0 -0.000663063023239374 -0.00817944016307592
-187 0 0 -0.000646318017970771 -0.00786554999649525
-186 0 0 -0.000629018992185593 -0.00754032982513309
-185 0 0 -0.00061714299954474 -0.00731651997193694
-184 0 0 -0.000604961009230465 -0.00708652008324862
-183 0 0 -0.000592446012888104 -0.00684974016621709
-182 0 0 -0.00057956000091508 -0.00660549011081457
-181 0 0 -0.000566265021916479 -0.00635294988751411
-180 0 0 -0.000552510027773678 -0.00609115976840258
-179 0 0 -0.000543056987226009 -0.00591093022376299
-178 0 0 -0.000533353013452142 -0.00572567991912365
-177 0 0 -0.000523375987540931 -0.00553493015468121
-176 0 0 -0.000513098028022796 -0.00533815985545516
-175 0 0 -0.000502486014738679 -0.00513473013415933
-174 0 0 -0.000491503975354135 -0.00492388987913728
-173 0 0 -0.000483954994706437 -0.00477878004312515
-172 0 0 -0.00047620601253584 -0.00462969020009041
-171 0 0 -0.000468239013571292 -0.00447625014930964
-170 0 0 -0.000460034003481269 -0.00431805988773704
-169 0 0 -0.000451566011179239 -0.00415465980768204
-168 0 0 -0.000442808988736942 -0.00398549996316433
-167 0 0 -0.000436794012784958 -0.003869199892506
-166 0 0 -0.00043062400072813 -0.00374983996152878
-165 0 0 -0.000424286990892142 -0.00362715008668602
-164 0 0 -0.000417767994804308 -0.00350086996331811
-163 0 0 -0.000411051005357876 -0.00337064010091126
-162 0 0 -0.000404115999117494 -0.00323612010106444
-161 0 0 -0.0003969419922214 -0.00309684011153877
-160 0 0 -0.000389502994948998 -0.00295232003554702
-159 0 0 -0.000381768011720851 -0.00280193006619811
-158 0 0 -0.000373701011994854 -0.00264498009346426
-157 0 0 -0.000365259009413421 -0.00248059001751244
-156 0 0 -0.00035638699773699 -0.00230773002840579
-155 0 0 -0.000347022985806689 -0.0021251100115478
-154 0 0 -0.000337083998601884 -0.00193114997819066
-153 0 0 -0.000326473003951833 -0.00172388995997608
-152 0 0 -0.00031506599043496 -0.00150092004332691
-151 0 0 -0.000302717002341524 -0.00125931994989514
-150 15 4 -0.000289263000013307 -0.000995896058157086
-149 0 0 -0.000258518994087353 -0.00039315500180237
-148 0 0 -0.000191507002455182 0.000923504994716495
-147 0 0 3.62204991688486E-05 0.00540061015635729
-146 0 0 0.000157383998157457 0.00776435993611813
-145 0 0 0.000253284990321845 0.00961736962199211
-144 0 0 0.000336516997776926 0.011209599673748
-143 0 0 0.000411999004427344 0.0126390997320414
-142 0 0 0.000482248986372724 0.0139563996344805
-141 0 0 0.000548759009689093 0.0151915000751615
-140 0 0 0.000612496980465949 0.0163640007376671
-139 0 0 0.000674134993460029 0.0174873005598783
-138 0 0 0.000734163972083479 0.018571600317955
-137 0 0 0.000792954000644386 0.019624300301075
-136 0 0 0.000850796001031995 0.0206514000892639
-135 0 0 0.000907921988982707 0.0216575991362333
-134 0 0 0.000964524981100112 0.0226469002664089
-133 0 0 0.00102077005431056 0.0236224997788668
-132 0 0 0.00107678002677858 0.0245872996747494
-131 0 0 0.00113268999848515 0.025543600320816
-130 0 0 0.00118858995847404 0.0264935996383429
-129 0 0 0.0012445900356397 0.0274392999708652
-128 0 0 0.00130076997447759 0.0283824000507593
-127 0 0 0.00135720998514444 0.0293243993073702
-126 0 0 0.00141397002153099 0.0302668996155262
-125 0 0 0.00147112994454801 0.0312112998217344
-124 0 0 0.00152875005733222 0.032158799469471
-123 0 0 0.00156745000276715 0.0327927991747856
-122 0 0 0.00160641002003103 0.0334292016923428
-121 0 0 0.00164562999270856 0.034068301320076
-120 0 0 0.00168513995595276 0.0347103998064995
-119 0 0 0.00172494002617896 0.0353557989001274
-118 0 0 0.00176507001742721 0.0360050983726978
-117 0 0 0.00180554005783051 0.0366582982242107
-116 0 0 0.00184635003097355 0.0373159982264042
-115 0 0 0.00188753998372704 0.0379785001277924
-114 0 0 0.00192911003250629 0.0386460013687611
-113 0 0 0.00197107996791601 0.0393190011382103
-112 0 0 0.00201346003450453 0.0399978011846542
-111 0 0 0.00205628992989659 0.0406828001141548
-110 0 0 0.0020995601080358 0.0413742996752262
-109 0 0 0.00214329990558326 0.0420726984739304
-108 0 0 0.00218753004446626 0.0427782982587814
-107 0 0 0.00223226007074118 0.0434915013611317
-106 0 0 0.00227751000784338 0.0442127995193005
-105 0 0 0.00230797007679939 0.0446983017027378
-104 0 0 0.00233867997303605 0.0451877005398273
-103 0 0 0.00236962991766632 0.0456811003386974
-102 0 0 0.00240083993412554 0.0461785010993481
-101 0 0 0.00243231002241373 0.0466802008450031
-100 14 4 0.00246403994970024 0.0471863001585007
-99 0 0 0.00249603996053338 0.0476968996226788
-98 0 0 0.00252832006663084 0.0482120998203754
-97 0 0 0.00256088003516197 0.0487320981919765
-96 0 0 0.0025937301106751 0.0492568984627724
-95 0 0 0.00262686004862189 0.0497868992388248
-94 0 0 0.00266029010526836 0.0503219999372959
-93 0 0 0.00269403005950153 0.0508624017238617
-92 0 0 0.00272806989960372 0.0514083988964558
-91 0 0 0.00276243011467159 0.0519598983228207
-90 0 0 0.00279709999449551 0.0525172986090183
-89 0 0 0.00283210002817214 0.0530807003378868
-88 0 0 0.00286742998287082 0.0536500997841358
-87 0 0 0.0029030900914222 0.0542258992791176
-86 0 0 0.00293908989988267 0.0548080988228321
-85 0 0 0.0029754398856312 0.0553968995809555
-84 0 0 0.00301213003695011 0.0559924989938736
-83 0 0 0.00304917991161346 0.0565950982272625
-82 0 0 0.00307407998479903 0.0570008009672165
-81 0 0 0.00309914001263678 0.0574097000062466
-80 0 0 0.0031243700068444 0.0578218996524811
-79 0 0 0.00314975995570421 0.0582375004887581
-78 0 0 0.00317531009204686 0.0586564987897873
-77 0 0 0.00320102996192873 0.059078898280859
-76 0 0 0.0032269200310111 0.0595047995448112
-75 0 0 0.00325297005474567 0.0599342994391918
-74 0 0 0.00327920005656779 0.0603674985468388
-73 0 0 0.00330560002475977 0.0608043000102043
-72 0 0 0.00333216995932162 0.0612449012696743
-71 0 0 0.00335891009308398 0.0616892985999584
-70 0 0 0.00338581996038556 0.0621374994516373
-69 0 0 0.00341291003860533 0.0625896975398064
-68 0 0 0.00344018009491265 0.063045896589756
-67 0 0 0.00346761988475919 0.0635060966014862
-66 0 0 0.00349523010663688 0.0639704018831253
-65 0 0 0.00352302007377148 0.0644389018416405
-64 0 0 0.00355099001899362 0.0649115964770317
-63 0 0 0.0035791399423033 0.065388597548008
-62 0 0 0.00360746006481349 0.0658698976039886
-61 0 0 0.00363595993258059 0.0663556978106499
-60 0 0 0.0036646299995482 0.0668459013104439
-59 0 0 0.00369348004460335 0.0673405975103378
-58 0 0 0.00372251006774604 0.067840002477169
-57 0 0 0.00375171005725861 0.0683439001441002
-56 0 0 0.00378108001314104 0.068852499127388
-55 0 0 0.00381061993539333 0.0693658962845802
-54 0 0 0.00384034006856382 0.0698840990662575
-53 0 0 0.00387021992355585 0.0704071968793869
-52 0 0 0.00390026997774839 0.0709351971745491
-51 0 0 0.0039304899983108 0.0714680999517441
-50 13 4 0.00396087020635605 0.0720060020685196
-49 0 0 0.00398120982572436 0.072367399930954
-48 0 0 0.00400162022560835 0.0727311000227928
-47 0 0 0.00402210000902414 0.0730969980359077
-46 0 0 0.00404265010729432 0.0734653025865555
-45 0 0 0.0040632700547576 0.0738357976078987
-44 0 0 0.00408395007252693 0.074208602309227
-43 0 0 0.00410469993948936 0.0745837986469269
-42 0 0 0.00412550987675786 0.0749612972140312
-41 0 0 0.00414639012888074 0.07534109801054
-40 0 0 0.00416732998564839 0.0757232010364532
-39 0 0 0.00418832013383508 0.0761077031493187
-38 0 0 0.00420938013121486 0.0764945968985558
-37 0 0 0.00423048995435238 0.0768838003277779
-36 0 0 0.00425165984779596 0.0772754997014999
-35 0 0 0.00427288003265858 0.0776693969964981
-34 0 0 0.00429415004327893 0.0780657976865768
-33 0 0 0.00431548012420535 0.0784645974636078
-32 0 0 0.00433684978634119 0.0788656994700432
-31 0 0 0.00435827020555735 0.0792692005634308
-30 0 0 0.00437973020598292 0.0796751976013184
-29 0 0 0.00440124003216624 0.0800834968686104
-28 0 0 0.00442278012633324 0.0804942026734352
-27 0 0 0.00444437004625797 0.0809073001146317
-26 0 0 0.00446597998961806 0.0813227966427803
-25 0 0 0.00448764022439718 0.081740602850914
-24 0 0 0.00450932001695037 0.0821608975529671
-23 0 0 0.00453103007748723 0.0825835019350052
-22 0 0 0.00455276016145945 0.0830084010958672
-21 0 0 0.00457452004775405 0.0834356993436813
-20 0 0 0.00459629995748401 0.0838653966784477
-19 0 0 0.00461809011176229 0.0842974036931992
-18 0 0 0.00463989982381463 0.0847316980361938
-17 0 0 0.0046617197804153 0.0851683020591736
-16 0 0 0.00468354020267725 0.0856072008609772
-15 0 0 0.00470536993816495 0.0860484018921852
-14 0 0 0.00472720991820097 0.0864918008446693
-13 0 0 0.00474904011934996 0.0869375020265579
-12 0 0 0.00477086007595062 0.0873854011297226
-11 0 0 0.00479268003255129 0.0878354012966156
-10 0 0 0.0048144799657166 0.0882877036929131
-9 0 0 0.00483627011999488 0.0887420997023582
-8 0 0 0.00485803978517652 0.0891987010836601
-7 0 0 0.00487978011369705 0.089657299220562
-6 0 0 0.00490149995312095 0.0901181027293205
-5 0 0 0.00492318999022245 0.090580902993679
-4 0 0 0.00494485022500157 0.0910457000136375
-3 0 0 0.00496646016836166 0.0915123969316483
-2 0 0 0.00498085003346205 0.0918247029185295
1 0 0 0.00499999988824129 0.0922423973679543
1 0 0 0.00499999988824129 0.0922423973679543
-2 0 0 0.00501911994069815 0.0926617011427879
-3 0 0 0.0050334301777184 0.0929770991206169
-4 0 0 0.00505483988672495 0.093451701104641
-5 0 0 0.00507621001452208 0.0939280986785889
-6 0 0 0.00509750004857779 0.0944064036011696
-7 0 0 0.00511873979121447 0.0948863998055458
-8 0 0 0.00513989990577102 0.0953679978847504
-9 0 0 0.00516099017113447 0.0958513990044594
-10 0 0 0.00518199987709522 0.0963364019989967
-11 0 0 0.00520292995497584 0.0968229994177818
-12 0 0 0.00522377993911505 0.0973111018538475
-13 0 0 0.00524452980607748 0.0978007018566132
-14 0 0 0.00526520004495978 0.0982917994260788
-15 0 0 0.00528575992211699 0.0987842977046967
-16 0 0 0.00530622992664576 0.0992781966924667
-17 0 0 0.00532657979056239 0.0997733995318413
-18 0 0 0.00534683978185058 0.100270003080368
-19 0 0 0.0053669698536396 0.100767999887466
-20 0 0 0.00538699980825186 0.101267002522945
-21 0 0 0.00540689984336495 0.101767003536224
-22 0 0 0.00542668020352721 0.102268002927303
-23 0 0 0.00544633995741606 0.102770000696182
-24 0 0 0.00546586001291871 0.103274002671242
-25 0 0 0.0054852501489222 0.103777997195721
-26 0 0 0.00550450989976525 0.10428299754858
-27 0 0 0.00552362017333508 0.10479000210762
-28 0 0 0.00554260006174445 0.10529699921608
-29 0 0 0.00556142022833228 0.105803996324539
-30 0 0 0.00558010023087263 0.106312997639179
-31 0 0 0.00559862982481718 0.106821998953819
-32 0 0 0.00561700016260147 0.107331998646259
-33 0 0 0.00563522009178996 0.107842996716499
-34 0 0 0.00565327983349562 0.10835400223732
-35 0 0 0.00567117007449269 0.10886599868536
-36 0 0 0.00568890012800694 0.109378002583981
-37 0 0 0.00570646021515131 0.109890997409821
-38 0 0 0.00572386011481285 0.110403999686241
-39 0 0 0.0057410798035562 0.110918000340462
-40 0 0 0.00575812999159098 0.111432000994682
-41 0 0 0.00577499996870756 0.111946001648903
-42 0 0 0.00579169997945428 0.112461000680923
-43 0 0 0.00580821000039577 0.112975001335144
-44 0 0 0.0058245500549674 0.113490000367165
-45 0 0 0.00584070011973381 0.114005997776985
-46 0 0 0.00585666997358203 0.114520996809006
-47 0 0 0.00587246008217335 0.115036003291607
-48 0 0 0.00588806020095944 0.115552000701427
-49 0 0 0.005903460085392 0.116067998111248
-50 2 4 0.00591869000345469 0.116582997143269
-51 0 0 0.00593372015282512 0.11709900200367
-52 0 0 0.00594855006784201 0.11761400103569
-53 0 0 0.00596319977194071 0.118129998445511
-54 0 0 0.00597765017300844 0.118644997477531
-55 0 0 0.00599191011860967 0.119159996509552
-56 0 0 0.00600598007440567 0.119675002992153
-57 0 0 0.00601984979584813 0.120190002024174
-58 0 0 0.00603352021425962 0.120705001056194
-59 0 0 0.00604700017720461 0.121220000088215
-60 0 0 0.00606029015034437 0.121734000742435
-61 0 0 0.00607337011024356 0.122248001396656
-62 0 0 0.00608626008033752 0.122761003673077
-63 0 0 0.00610521994531155 0.123530998826027
-64 0 0 0.00612374022603035 0.124301001429558
-65 0 0 0.00614181999117136 0.125069007277489
-66 0 0 0.00615944992750883 0.125835999846458
-67 0 0 0.0061766398139298 0.126603007316589
-68 0 0 0.00619337987154722 0.127369001507759
-69 0 0 0.00620969012379646 0.128132998943329
-70 0 0 0.00622555008158088 0.128895998001099
-71 0 0 0.00624097976833582 0.129658997058868
-72 0 0 0.00625596987083554 0.130419999361038
-73 0 0 0.00627053016796708 0.131180003285408
-74 0 0 0.00628466019406915 0.131937995553017
-75 0 0 0.00629835017025471 0.132696002721786
-76 0 0 0.00631162011995912 0.133451998233795
-77 0 0 0.00632447004318237 0.134206995368004
-78 0 0 0.00633689993992448 0.134959995746613
-79 0 0 0.0063489000312984 0.135711997747421
-80 0 0 0.00636050011962652 0.13646200299263
-81 0 0 0.00637168018147349 0.137211993336678
-82 0 0 0.00638245977461338 0.137959003448486
-83 0 0 0.00639283005148172 0.138705998659134
-84 0 0 0.00640279985964298 0.139449998736382
-85 0 0 0.00641237990930676 0.140193998813629
-86 0 0 0.00642155995592475 0.140936002135277
-87 0 0 0.00643036002293229 0.141675993800163
-88 0 0 0.00643876986578107 0.142415001988411
-89 0 0 0.00644680019468069 0.143151998519897
-90 0 0 0.00645445985719562 0.143887996673584
-91 0 0 0.00646174978464842 0.144621998071671
-92 0 0 0.0064686699770391 0.145355001091957
-93 0 0 0.00647521996870637 0.146086007356644
-94 0 0 0.00648141978308558 0.146816000342369
-95 0 0 0.00648726988583803 0.147543996572495
-96 0 0 0.00649537984281778 0.148633003234863
-97 0 0 0.00650272984057665 0.149718999862671
-98 0 0 0.00650931987911463 0.150802001357079
-99 0 0 0.00651516998186707 0.151880994439125
-100 3 4 0.00652030017226934 0.152957007288933
-101 0 0 0.0065247300080955 0.154028996825218
-102 0 0 0.00652845995500684 0.155098006129265
-103 0 0 0.0065315100364387 0.15616400539875
-104 0 0 0.00653391005471349 0.157225996255875
-105 0 0 0.00653566000983119 0.15828600525856
-106 0 0 0.00653677992522717 0.159342005848885
-107 0 0 0.00653728982433677 0.160393998026848
108 4 2 0.00653732987120748 0.160761997103691
109 0 0 0.00653704022988677 0.161810994148254
110 0 0 0.00653551984578371 0.163378000259399
111 0 0 0.00653275987133384 0.164937004446983
112 0 0 0.00652879988774657 0.166490003466606
113 0 0 0.00652369996532798 0.168036997318268
114 0 0 0.00651750015094876 0.16957600414753
115 0 0 0.00651024980470538 0.17111000418663
116 0 0 0.00650200992822647 0.17263700067997
117 0 0 0.00649282010272145 0.174156993627548
118 0 0 0.00648271990939975 0.175671994686127
119 0 0 0.00647176010534167 0.177181005477905
120 0 0 0.00645999005064368 0.178683996200562
121 0 0 0.00644744979217649 0.180180996656418
122 0 0 0.0064341900870204 0.181673005223274
123 0 0 0.00642023980617523 0.183158993721008
124 0 0 0.00640563992783427 0.184640005230904
125 0 0 0.00639043981209397 0.186115995049477
126 0 0 0.00637467997148633 0.18758599460125
127 0 0 0.00635837996378541 0.189052000641823
128 0 0 0.0063416101038456 0.190512999892235
129 0 0 0.0063243699260056 0.191969007253647
130 0 0 0.0063067302107811 0.193421006202698
131 0 0 0.00628869980573654 0.194867998361588
132 0 0 0.00627032015472651 0.196309998631477
133 0 0 0.00624216999858618 0.198466002941132
134 0 0 0.0062134200707078 0.200613006949425
135 0 0 0.00618417002260685 0.202750995755196
136 0 0 0.00615451019257307 0.204879999160767
137 0 0 0.00612455001100898 0.207001000642776
138 0 0 0.00609437003731728 0.209114000201225
139 0 0 0.00606406014412642 0.211218997836113
140 0 0 0.00603369018062949 0.213317006826401
141 0 0 0.00600335001945496 0.215406998991966
142 0 0 0.00597310997545719 0.217491000890732
143 0 0 0.00594303989782929 0.219568997621536
144 0 0 0.00591319985687733 0.221640005707741
145 0 0 0.00588366994634271 0.223704993724823
146 0 0 0.00585449021309614 0.225765004754066
147 0 0 0.00581151014193892 0.228844001889229
148 0 0 0.00576964020729065 0.23191100358963
149 0 0 0.00572904013097286 0.23496800661087
150 5 4 0.00568983983248472 0.238014996051788
151 0 0 0.00565219018608332 0.241053000092506
152 0 0 0.00561620993539691 0.244082003831863
153 0 0 0.00558198988437653 0.247103005647659
154 0 0 0.00554963992908597 0.250117003917694
155 0 0 0.00551924016326666 0.253123998641968
156 0 0 0.0054908599704504 0.256125003099442
157 0 0 0.00546457013115287 0.259121000766754
158 0 0 0.00542917009443045 0.263606011867523
159 0 0 0.00539874006062746 0.268081992864609
160 0 0 0.00537340994924307 0.272549986839294
161 0 0 0.00535325985401869 0.277013003826141
162 0 0 0.00533834006637335 0.281473010778427
163 0 0 0.00532867014408112 0.285930007696152
164 0 0 0.00532427988946438 0.290385991334915
165 6 2 0.00532398000359535 0.291886985301971
-166 0 0 0.00532659981399775 0.296344995498657
-167 0 0 0.00534025998786092 0.303036987781525
-168 0 0 0.00536542991176248 0.309740006923676
-169 0 0 0.00540188001468778 0.316457986831665
-170 0 0 0.00544930016621947 0.32319700717926
-171 0 0 0.00550736021250486 0.329959005117416
-172 0 0 0.00557572022080421 0.336751013994217
-173 0 0 0.00565398996695876 0.343575000762939
-174 0 0 0.00574180018156767 0.350434988737106
-175 0 0 0.00583874015137553 0.35733699798584
-176 0 0 0.00594442989677191 0.364284008741379
-177 0 0 0.00605846010148525 0.371280014514923
-178 0 0 0.00618042983114719 0.378329008817673
-179 0 0 0.00630994979292154 0.385435998439789
-180 0 0 0.00644664000719786 0.392603993415833
-181 0 0 0.00659009022638202 0.399838000535965
-182 0 0 0.00673994002863765 0.407142013311386
-183 0 0 0.00689580990001559 0.414519995450974
-184 0 0 0.00705733010545373 0.421977996826172
-185 0 0 0.00722414022311568 0.429518014192581
-186 0 0 0.00739587005227804 0.437146991491318
-187 0 0 0.00757218012586236 0.444867998361588
-188 0 0 0.00775268999859691 0.452686995267868
-189 0 0 0.00793706998229027 0.460608005523682
-190 0 0 0.00812495965510607 0.468638002872467
-191 0 0 0.00831599999219179 0.476779997348785
-192 0 0 0.00850985012948513 0.485040992498398
-193 0 0 0.00870613008737564 0.493427008390427
-194 0 0 0.00890448968857527 0.501941978931427
-195 0 0 0.00910456012934446 0.510594010353088
-196 0 0 0.00930595025420189 0.519388973712921
-197 0 0 0.0095082800835371 0.528333008289337
-198 0 0 0.00971116032451391 0.53743302822113
-199 0 0 0.00991415977478027 0.54669600725174
-200 7 4 0.0101169003173709 0.556129992008209
-201 0 0 0.0103187998756766 0.565742015838623
-202 0 0 0.0105195995420218 0.575541019439697
-203 0 0 0.0107186995446682 0.585533976554871
-204 0 0 0.0109155997633934 0.595730006694794
-205 0 0 0.0111098000779748 0.606139004230499
-206 0 0 0.0113006997853518 0.616769015789032
-207 0 0 0.0114877996966243 0.627629995346069
-208 0 0 0.0116705996915698 0.63873302936554
-209 0 0 0.0118482001125813 0.650086998939514
-210 0 0 0.012020300142467 0.661704003810883
-211 0 0 0.012185899540782 0.673593997955322
-212 0 0 0.0123445000499487 0.685769021511078
-213 0 0 0.0124952998012304 0.698240995407104
-214 0 0 0.0126376003026962 0.711022019386292
-215 0 0 0.0127705996856093 0.724123001098633
-216 0 0 0.0128936003893614 0.737559020519257
-217 0 0 0.0130056999623775 0.751340985298157
-218 0 0 0.0131061999127269 0.765482008457184
-219 0 0 0.0131943002343178 0.779995977878571
-220 0 0 0.0132691999897361 0.794894993305206
-221 0 0 0.0133303003385663 0.810191988945007
-222 0 0 0.0133768003433943 0.825900018215179
-223 0 0 0.013408100232482 0.842029988765717
-224 0 0 0.0134236998856068 0.858594000339508
225 8 2 0.0134253995493054 0.866412997245789
226 0 0 0.0134172001853585 0.883632004261017
227 0 0 0.0133923003450036 0.901310980319977
228 0 0 0.0133507000282407 0.919458985328674
229 0 0 0.0132924001663923 0.938081979751587
230 0 0 0.0132176000624895 0.957186996936798
231 0 0 0.0131267998367548 0.976778984069824
232 0 0 0.0130206001922488 0.996860027313232
233 0 0 0.0128998998552561 1.01742994785309
234 0 0 0.0127659002318978 1.03849995136261
235 0 0 0.0126198995858431 1.06005001068115
236 0 0 0.0124634997919202 1.08208000659943
237 0 0 0.0122985998168588 1.10459995269775
238 0 0 0.0121269999071956 1.12758994102478
239 0 0 0.0119511997327209 1.15103995800018
240 0 0 0.011773300357163 1.17495000362396
241 0 0 0.011595900170505 1.19930005073547
242 0 0 0.01142149977386 1.2240799665451
243 0 0 0.0112525997683406 1.24927997589111
244 0 0 0.0110918004065752 1.27488994598389
245 0 0 0.0109417997300625 1.30088996887207
246 0 0 0.0108048003166914 1.32727003097534
247 0 0 0.0106833996251225 1.35403001308441
248 0 0 0.0105798002332449 1.38112998008728
249 0 0 0.0104961004108191 1.40858995914459
250 9 4 0.0104342000558972 1.43637001514435
251 0 0 0.0103959003463387 1.46447002887726
252 0 0 0.0103826997801661 1.49289000034332
-253 10 2 0.0103826997801661 1.49296998977661
-254 0 0 0.0103962002322078 1.52169001102448
-255 0 0 0.0104374997317791 1.55069005489349
-256 0 0 0.0105076003819704 1.5799800157547
-257 0 0 0.0106073003262281 1.60953998565674
-258 0 0 0.0107373995706439 1.63935995101929
-259 0 0 0.0108983004465699 1.66945004463196
-260 0 0 0.011090399697423 1.69977998733521
-261 0 0 0.0113139003515244 1.73036003112793
-262 0 0 0.0115689001977444 1.7611700296402
-263 0 0 0.0118554001674056 1.79221999645233
-264 0 0 0.0121732000261545 1.8235000371933
-265 0 0 0.0125222001224756 1.85499000549316
-266 0 0 0.0129019003361464 1.88671004772186
-267 0 0 0.0133121004328132 1.91863000392914
-268 0 0 0.0137521997094154 1.95077002048492
-269 0 0 0.0142217995598912 1.98310995101929
-270 0 0 0.0147203002125025 2.01564002037048
-271 0 0 0.0152470003813505 2.04836988449097
-272 0 0 0.0158013999462128 2.08129000663757
-273 0 0 0.0163828004151583 2.11438989639282
-274 0 0 0.0169904995709658 2.14767003059387
-275 0 0 0.0176238007843494 2.18112993240356
-276 0 0 0.0182818993926048 2.21477007865906
-277 0 0 0.0189641993492842 2.24856996536255
-278 0 0 0.0196700002998114 2.2825300693512
-279 0 0 0.0203984994441271 2.31665992736816
-280 0 0 0.0211490001529455 2.35093998908997
-281 0 0 0.0219206996262074 2.38537001609802
-282 0 0 0.0227129999548197 2.41995000839233
-283 0 0 0.0235251002013683 2.45466995239258
-284 0 0 0.0243564005941153 2.48953008651733
-285 0 0 0.0252061001956463 2.52451992034912
-286 0 0 0.0260735992342234 2.55964994430542
-287 0 0 0.0269582998007536 2.59489989280701
-288 0 0 0.0278594996780157 2.63027000427246
-289 0 0 0.0287765003740788 2.66577005386353
-290 0 0 0.0297088008373976 2.70137000083923
-291 0 0 0.030655799433589 2.73709011077881
-292 0 0 0.0316169001162052 2.77291989326477
-293 0 0 0.0325914993882179 2.80885004997253
-294 0 0 0.0335790999233723 2.84488010406494
-295 0 0 0.0345790982246399 2.88100004196167
-296 0 0 0.0355911999940872 2.91722011566162
-297 0 0 0.0366147011518478 2.95352005958557
-298 0 0 0.0376491993665695 2.98991990089417
-299 0 0 0.0386941991746426 3.02639007568359
-300 11 4 0.0397492982447147 3.06294989585876
-301 0 0 0.0408141985535622 3.09958004951477
-302 0 0 0.0418881997466087 3.13628005981445
-303 0 0 0.0429712012410164 3.17305994033813
-304 0 0 0.0440627001225948 3.20989990234375
-305 0 0 0.0451623015105724 3.24680995941162
-306 0 0 0.0462696999311447 3.2837700843811
-307 0 0 0.04738450050354 3.32080006599426
-308 0 0 0.048506498336792 3.35788989067078
-309 0 0 0.049635399132967 3.39503002166748
-310 12 9 0.0507706999778748 3.43222999572754
