-340 19 9 -0.0505036003887653 -0.39122399687767
-339 0 0 -0.0496786013245583 -0.384898990392685
-338 0 0 -0.0488548018038273 -0.378618001937866
-337 0 0 -0.0480315983295441 -0.372379004955292
-336 0 0 -0.0472081005573273 -0.3661789894104
-335 0 0 -0.0463838987052441 -0.360017001628876
-334 0 0 -0.0455582998692989 -0.353888005018234
-333 0 0 -0.0447304993867874 -0.347790002822876
-332 0 0 -0.0439000017940998 -0.341722011566162
-331 0 0 -0.0430659987032413 -0.335678994655609
-330 0 0 -0.0422279015183449 -0.329658985137939
-329 0 0 -0.0413849018514156 -0.323659986257553
-328 0 0 -0.0405365005135536 -0.31767800450325
-327 0 0 -0.039681900292635 -0.311710000038147
-326 0 0 -0.0391083993017673 -0.307738989591599
-325 0 0 -0.0385317988693714 -0.303770989179611
-324 0 0 -0.0379517003893852 -0.299807012081146
-323 0 0 -0.0373679995536804 -0.295845985412598
-322 0 0 -0.0367804989218712 -0.291884988546371
-321 0 0 -0.0361891016364098 -0.287925004959106
-320 0 0 -0.0355935990810394 -0.283964991569519
-319 0 0 -0.034993801265955 -0.280003011226654
-318 0 0 -0.0343896001577377 -0.276037991046906
-317 0 0 -0.0337807983160019 -0.272069990634918
-316 0 0 -0.0331671983003616 -0.268095999956131
-315 0 0 -0.032548900693655 -0.264117002487183
-314 0 0 -0.0319256000220776 -0.260129988193512
-313 0 0 -0.0312973000109196 -0.256134986877441
-312 0 0 -0.030663900077343 -0.25212898850441
-311 0 0 -0.0302386991679668 -0.249452993273735
-310 0 0 -0.0298113003373146 -0.246770992875099
-309 0 0 -0.0293815992772579 -0.244083002209663
-308 0 0 -0.028949499130249 -0.241389006376266
-307 0 0 -0.0285151991993189 -0.238688006997108
-306 0 0 -0.0280786007642746 -0.235980004072189
-305 0 0 -0.0276397000998259 -0.233263999223709
-304 0 0 -0.027198500931263 -0.230540007352829
-303 0 0 -0.0267551001161337 -0.227807000279427
-302 0 0 -0.0263096000999212 -0.225064992904663
-301 0 0 -0.0258617997169495 -0.2223130017519
-300 18 4 -0.0254120007157326 -0.219549998641014
-299 0 0 -0.0249601006507874 -0.216776996850967
-298 0 0 -0.0245063006877899 -0.21399100124836
-297 0 0 -0.0240505002439022 -0.21119399368763
-296 0 0 -0.0235929992049932 -0.208382993936539
-295 0 0 -0.0231337007135153 -0.205559000372887
-294 0 0 -0.0226726997643709 -0.202720999717712
-293 0 0 -0.0222101993858814 -0.199867993593216
-292 0 0 -0.0217463001608849 -0.196998000144958
-291 0 0 -0.021281199529767 -0.194113001227379
-290 0 0 -0.0208148006349802 -0.191210001707077
-289 0 0 -0.0203475002199411 -0.188288003206253
-288 0 0 -0.0198794007301331 -0.185348004102707
-287 0 0 -0.0194106008857489 -0.182387992739677
-286 0 0 -0.0189414005726576 -0.179407000541687
-285 0 0 -0.0184717997908592 -0.176404997706413
-284 0 0 -0.018002200871706 -0.173380002379417
-283 0 0 -0.0175327993929386 -0.170332998037338
-282 0 0 -0.0170638002455235 -0.167261004447937
-281 0 0 -0.0165954008698463 -0.164164006710052
-280 0 0 -0.0161279998719692 -0.161042004823685
-279 0 0 -0.0156618002802134 -0.157894000411034
-278 0 0 -0.0151971997693181 -0.154718995094299
-277 0 0 -0.0147344004362822 -0.151518002152443
-276 0 0 -0.0142740001901984 -0.148289993405342
-275 0 0 -0.013816200196743 -0.145035997033119
-274 0 0 -0.0133616998791695 -0.141755998134613
-273 0 0 -0.0129107004031539 -0.138450995087624
-272 0 0 -0.0124639999121428 -0.135123997926712
-271 0 0 -0.0120222000405192 -0.131777003407478
-270 0 0 -0.0115857999771833 -0.128414005041122
-269 0 0 -0.0111557999625802 -0.125037997961044
-268 0 0 -0.0107329003512859 -0.121656998991966
-267 0 0 -0.010317999869585 -0.118276998400688
-266 0 0 -0.00991212017834187 -0.114905998110771
-265 0 0 -0.00951626989990473 -0.111555002629757
-264 0 0 -0.00913146045058966 -0.108232997357845
-263 0 0 -0.00875866040587425 -0.104952000081539
-262 0 0 -0.00839877966791391 -0.101724997162819
-261 0 0 -0.00805258005857468 -0.0985611975193024
-260 0 0 -0.00772065995261073 -0.0954722017049789
-259 0 0 -0.00740339979529381 -0.0924668982625008
-258 0 0 -0.00710095977410674 -0.0895527005195618
-257 0 0 -0.00681329006329179 -0.0867346972227097
-256 0 0 -0.00654012989252806 -0.0840163007378578
-255 0 0 -0.00628106016665697 -0.0813988968729973
-254 0 0 -0.00603550998494029 -0.0788820013403893
-253 0 0 -0.00580283999443054 -0.0764641016721725
-252 0 0 -0.00558234006166458 -0.0741420984268188
-251 0 0 -0.00537326978519559 -0.0719126015901566
-250 17 4 -0.00517489016056061 -0.0697712972760201
-249 0 0 -0.0049864798784256 -0.06771370023489
-248 0 0 -0.00480733020231128 -0.0657351016998291
-247 0 0 -0.00463677989318967 -0.0638308972120285
-246 0 0 -0.00447421008720994 -0.0619962997734547
-245 0 0 -0.00431902008131146 -0.0602269992232323
-244 0 0 -0.00417069019749761 -0.0585184991359711
-243 0 0 -0.00402869982644916 -0.0568667985498905
-242 0 0 -0.00389260007068515 -0.0552680008113384
-241 0 0 -0.00376196997240186 -0.0537182986736298
-240 0 0 -0.0036363999824971 -0.0522142983973026
-239 0 0 -0.00351554993540049 -0.0507526993751526
-238 0 0 -0.00339907989837229 -0.0493304990231991
-237 0 0 -0.00328667997382581 -0.0479446984827518
-236 0 0 -0.00317807006649673 -0.0465926006436348
-235 0 0 -0.00307300011627376 -0.0452716015279293
-234 0 0 -0.00297122006304562 -0.0439792014658451
-233 0 0 -0.0028725101146847 -0.0427131988108158
-232 0 0 -0.00277666002511978 -0.0414712987840176
-231 0 0 -0.00268348003737628 -0.040251400321722
-230 0 0 -0.00259276991710067 -0.0390513017773628
-229 0 0 -0.00250436994247139 -0.0378692001104355
-228 0 0 -0.0024181199260056 -0.0367030017077923
-227 0 0 -0.00233384990133345 -0.0355508998036385
-226 0 0 -0.0022514199372381 -0.0344108007848263
-225 0 0 -0.00217068009078503 -0.0332809016108513
-224 0 0 -0.00209147995337844 -0.032159298658371
-223 0 0 -0.00201370008289814 -0.0310439001768827
-222 0 0 -0.00193717994261533 -0.0299325995147228
-221 0 0 -0.00186178996227682 -0.0288232993334532
-220 0 0 -0.00178737996611744 -0.0277136005461216
-219 0 0 -0.00171380001120269 -0.0266009997576475
-218 0 0 -0.00164089002646506 -0.0254826005548239
-217 0 0 -0.00156848004553467 -0.0243554003536701
-216 0 0 -0.00149636995047331 -0.0232158005237579
-215 0 0 -0.00142434996087104 -0.0220595002174377
-214 0 0 -0.00135217001661658 -0.02088169939816
-213 0 0 -0.00130381004419178 -0.0200814995914698
-212 0 0 -0.00125513004604727 -0.0192668996751308
-211 0 0 -0.00120603002142161 -0.018435399979353
-210 0 0 -0.00115635001566261 -0.0175838991999626
-209 0 0 -0.00110591005068272 -0.0167088005691767
-208 0 0 -0.00107175996527076 -0.0161099992692471
-207 0 0 -0.00103710999246687 -0.0154970996081829
-206 0 0 -0.0010018500033766 -0.0148681998252869
-205 0 0 -0.000965889019425958 -0.0142208999022841
-204 0 0 -0.000929086992982775 -0.0135524002835155
-203 0 0 -0.000904006010387093 -0.0130933998152614
-202 0 0 -0.000878420018125325 -0.0126221999526024
-201 0 0 -0.000852262019179761 -0.0121373003348708
-200 16 4 -0.000825446972157806 -0.0116371000185609
-199 0 0 -0.000797874992713332 -0.0111194998025894
-198 0 0 -0.000779015012085438 -0.010763400234282
-197 0 0 -0.000759720976930112 -0.0103975003585219
-196 0 0 -0.00073994102422148 -0.0100207002833486
-195 0 0 -0.000719616014976054 -0.00963180977851152
-194 0 0 -0.000698672025464475 -0.00922918040305376
-193 0 0 -0.000684323022142053 -0.00895226001739502
-192 0 0 -0.000669629022013396 -0.00866779033094645
-191 0 0 -0.0006545539945364 -0.00837501045316458
-190 0 0 -0.00063905498245731 -0.0080730402842164
-189 0 0 -0.000623082974925637 -0.00776083022356033
-188 0 0 -0.000606577028520405 -0.00743714021518826
-187 0 0 -0.00059523998061195 -0.00721421977505088
-186 0 0 -0.000583608984015882 -0.00698499009013176
-185 0 0 -0.000571653014048934 -0.00674882996827364
-184 0 0 -0.000559338019229472 -0.00650503020733595
-183 0 0 -0.000546621973626316 -0.0062527097761631
-182 0 0 -0.000533455982804298 -0.00599086983129382
-181 0 0 -0.000524398987181485 -0.00581040978431702
-180 0 0 -0.000515096005983651 -0.00562473013997078
-179 0 0 -0.000505521020386368 -0.00543334009125829
-178 0 0 -0.000495647022034973 -0.00523565011098981
-177 0 0 -0.000485438999021426 -0.00503095984458923
-176 0 0 -0.000474858999950811 -0.00481845997273922
-175 0 0 -0.000467575999209657 -0.00467196013778448
-174 0 0 -0.000460089009720832 -0.00452121021226048
-173 0 0 -0.000452378997579217 -0.00436579994857311
-172 0 0 -0.000444423989392817 -0.00420527020469308
-171 0 0 -0.000436197005910799 -0.00403905985876918
-170 0 0 -0.000427668011980131 -0.0038665400352329
-169 0 0 -0.000421795004513115 -0.00374764995649457
-168 0 0 -0.000415757996961474 -0.00362533004954457
-167 0 0 -0.000409542000852525 -0.00349928997457027
-166 0 0 -0.00040312999044545 -0.00336917000822723
-165 0 0 -0.000396502000512555 -0.00323454989120364
-164 0 0 -0.000389633991289884 -0.00309496000409126
-163 0 0 -0.000384907994884998 -0.00299885007552803
-162 0 0 -0.000380054989363998 -0.00290008005686104
-161 0 0 -0.000375061994418502 -0.00279840989969671
-160 0 0 -0.00036991699016653 -0.00269361003302038
-159 0 0 -0.000364606996299699 -0.00258537009358406
-158 0 0 -0.000359114987077191 -0.00247334991581738
-157 0 0 -0.00035342198680155 -0.00235716998577118
-156 0 0 -0.000347505992976949 -0.00223635998554528
-155 0 0 -0.000341339997248724 -0.00211037998087704
-154 0 0 -0.00033489300403744 -0.00197857990860939
-153 0 0 -0.000328127003740519 -0.0018401900306344
-152 0 0 -0.000320999010000378 -0.00169426994398236
-151 0 0 -0.000313452008413151 -0.00153969996608794
-150 15 4 -0.000305419991491362 -0.00137511000502855
-149 0 0 -0.000296826008707285 -0.00119887001346797
-148 0 0 -0.000287578994175419 -0.00100912002380937
-147 0 0 -0.000277587998425588 -0.000803962000645697
-146 0 0 -0.000266785995336249 -0.000582007982302457
-145 0 0 -0.000242901995079592 -9.07735011423938E-05
-144 0 0 -0.000159115996211767 0.00163586996495724
-143 0 0 -7.21907999832183E-05 0.00342787988483906
-142 0 0 0.000112052999611478 0.0071999398060143
-141 0 0 0.000235632003750652 0.00968976970762014
-140 0 0 0.000338440993800759 0.011727100238204
-139 0 0 0.000430293992394581 0.0135177001357079
-138 0 0 0.000515420979354531 0.0151509996503592
-137 0 0 0.000596100988332182 0.0166753996163607
-136 0 0 0.000673728005494922 0.0181205999106169
-135 0 0 0.000749234983231872 0.0195065997540951
-134 0 0 0.000823283975478262 0.0208477005362511
-133 0 0 0.000896368001122028 0.0221544001251459
-132 0 0 0.000968872976955026 0.0234351009130478
-131 0 0 0.00104111002292484 0.0246962998062372
-130 0 0 0.00108923995867372 0.0255290009081364
-129 0 0 0.00113743997644633 0.0263570006936789
-128 0 0 0.00118576001841575 0.0271815992891788
-127 0 0 0.00123426003847271 0.0280038006603718
-126 0 0 0.00128297996707261 0.0288248006254435
-125 0 0 0.00133199000265449 0.029645599424839
-124 0 0 0.0013813100522384 0.0304671991616488
-123 0 0 0.00143100996501744 0.0312904007732868
-122 0 0 0.00148110999725759 0.0321162007749081
-121 0 0 0.0015316599747166 0.0329453013837337
-120 0 0 0.00158269004896283 0.0337787009775639
-119 0 0 0.00163426005747169 0.0346169993281364
-118 0 0 0.00168639002367854 0.0354611985385418
-117 0 0 0.00173911999445409 0.0363118015229702
-116 0 0 0.00179248000495136 0.0371698997914791
-115 0 0 0.00182843999937177 0.0377462990581989
-114 0 0 0.00186469999607652 0.0383265987038612
-113 0 0 0.00190129003021866 0.0389109998941422
-112 0 0 0.00193820998538285 0.0394997000694275
-111 0 0 0.00197548000141978 0.0400930009782314
-110 0 0 0.00201310007832944 0.0406909994781017
-109 0 0 0.00205108989030123 0.0412940010428429
-108 0 0 0.0020894599147141 0.0419024005532265
-107 0 0 0.00212822994217277 0.0425162985920906
-106 0 0 0.00216738996095955 0.0431359000504017
-105 0 0 0.00220697000622749 0.0437617003917694
-104 0 0 0.00224698008969426 0.0443936996161938
-103 0 0 0.00228742999024689 0.0450324006378651
-102 0 0 0.00232831994071603 0.0456779003143311
-101 0 0 0.00236968998797238 0.046330701559782
-100 14 4 0.00241152988746762 0.0469909012317657
-99 0 0 0.00245384988375008 0.0476588010787964
-98 0 0 0.00249669002369046 0.0483349002897739
-97 0 0 0.00254003005102277 0.0490192994475365
-96 0 0 0.00256922002881765 0.0494805015623569
-95 0 0 0.00259865005500615 0.0499456003308296
-94 0 0 0.00262832990847528 0.0504148006439209
-93 0 0 0.00265825004316866 0.0508881993591785
-92 0 0 0.00268842000514269 0.0513659007847309
-91 0 0 0.00271885003894567 0.0518480017781258
-90 0 0 0.0027495299000293 0.0523345991969109
-89 0 0 0.00278048007749021 0.0528259016573429
-88 0 0 0.00281170010566711 0.0533219017088413
-87 0 0 0.00284318998456001 0.0538228005170822
-86 0 0 0.00287495995871723 0.0543286018073559
-85 0 0 0.00290700001642108 0.0548395998775959
-84 0 0 0.00293932994827628 0.0553557984530926
-83 0 0 0.00297194998711348 0.0558773018419743
-82 0 0 0.00300485990010202 0.0564044006168842
-81 0 0 0.00303806993179023 0.0569370985031128
-80 0 0 0.00307157007046044 0.0574754998087883
-79 0 0 0.00310538010671735 0.0580197982490063
-78 0 0 0.00313950004056096 0.0585701987147331
-77 0 0 0.00317393010482192 0.0591268017888069
-76 0 0 0.00320868007838726 0.059689600020647
-75 0 0 0.0032437399495393 0.0602589994668961
-74 0 0 0.00327912997454405 0.0608350001275539
-73 0 0 0.00331484992057085 0.0614177994430065
-72 0 0 0.00333884009160101 0.0618101991713047
-71 0 0 0.00336297997273505 0.0622056983411312
-70 0 0 0.00338727002963424 0.0626043006777763
-69 0 0 0.00341170001775026 0.0630062967538834
-68 0 0 0.00343628996051848 0.0634113997220993
-67 0 0 0.00346103007905185 0.0638199001550674
-66 0 0 0.00348591990768909 0.0642317980527878
-65 0 0 0.00351095991209149 0.0646471008658409
-64 0 0 0.00353615009225905 0.065065898001194
-63 0 0 0.00356149999424815 0.0654881969094276
-62 0 0 0.00358699006028473 0.0659141018986702
-61 0 0 0.00361265009269118 0.0663435980677605
-60 0 0 0.00363845005631447 0.0667767003178596
-59 0 0 0.00366440997458994 0.0672136023640633
-58 0 0 0.00369053008034825 0.0676542967557907
-57 0 0 0.00371679989621043 0.0680987983942032
-56 0 0 0.00374322989955544 0.0685470998287201
-55 0 0 0.00376980006694794 0.0689994022250175
-54 0 0 0.00379653996787965 0.069455698132515
-53 0 0 0.00382342003285885 0.0699160024523735
-52 0 0 0.00385046005249023 0.0703803971409798
-51 0 0 0.00387766002677381 0.0708488970994949
-50 13 4 0.00390499993227422 0.0713215991854668
-49 0 0 0.00393249979242682 0.0717985033988953
-48 0 0 0.00396014004945755 0.0722796991467476
-47 0 0 0.00398794002830982 0.0727652981877327
-46 0 0 0.00401588017120957 0.0732552036643028
-45 0 0 0.00404396979138255 0.0737494975328445
-44 0 0 0.0040722000412643 0.0742482990026474
-43 0 0 0.00410056998953223 0.0747516006231308
-42 0 0 0.00412908988073468 0.0752594023942947
-41 0 0 0.00415774015709758 0.0757718980312347
-40 0 0 0.00418653013184667 0.0762889012694359
-39 0 0 0.00421545002609491 0.0768107026815414
-38 0 0 0.00424449983984232 0.0773371011018753
-37 0 0 0.00427368003875017 0.0778682976961136
-36 0 0 0.00430297991260886 0.0784042999148369
-35 0 0 0.00432258006185293 0.078764297068119
-34 0 0 0.00434223003685474 0.0791264027357101
-33 0 0 0.00436194008216262 0.0794906988739967
-32 0 0 0.0043816901743412 0.07985720038414
-31 0 0 0.00440149009227753 0.0802258029580116
-30 0 0 0.00442133983597159 0.0805966034531593
-29 0 0 0.00444123009219766 0.0809696018695831
-28 0 0 0.00446117017418146 0.0813447013497353
-27 0 0 0.00448114983737469 0.0817221030592918
-26 0 0 0.00450117001309991 0.0821015983819962
-25 0 0 0.00452122977003455 0.0824834033846855
-24 0 0 0.00454131979495287 0.0828673020005226
-23 0 0 0.0045614498667419 0.0832533985376358
-22 0 0 0.00458161998540163 0.0836417973041534
-21 0 0 0.00460181990638375 0.0840322971343994
-20 0 0 0.00462205009534955 0.0844250991940498
-19 0 0 0.00464229984208941 0.0848200023174286
-18 0 0 0.00466259010136127 0.0852172002196312
-17 0 0 0.00468289013952017 0.0856166034936905
-16 0 0 0.00470321998000145 0.0860181003808975
-15 0 0 0.00472356984391809 0.0864218026399612
-14 0 0 0.00474392995238304 0.0868277996778488
-13 0 0 0.00476431008428335 0.0872358977794647
-12 0 0 0.0047846999950707 0.087646096944809
-11 0 0 0.00480510015040636 0.0880585983395576
-10 0 0 0.00482551008462906 0.0884732007980347
-9 0 0 0.00484592001885176 0.0888898968696594
-8 0 0 0.00486632995307446 0.0893087014555931
-7 0 0 0.00488673988729715 0.0897296965122223
-6 0 0 0.00490714982151985 0.0901528000831604
-5 0 0 0.00492756022140384 0.0905779972672462
-4 0 0 0.00494795013219118 0.091005302965641
-3 0 0 0.0049683297984302 0.0914345979690552
-2 0 0 0.00498190987855196 0.0917219966650009
1 0 0 0.00499999988824129 0.0921064987778664
1 0 0 0.00499999988824129 0.0921064987778664
-2 0 0 0.00501808011904359 0.0924926996231079
-3 0 0 0.00503162993118167 0.0927833020687103
-4 0 0 0.00505192996934056 0.0932210013270378
-5 0 0 0.00507220020517707 0.0936606004834175
-6 0 0 0.0050924401730299 0.0941020995378494
-7 0 0 0.00511264009401202 0.0945456027984619
-8 0 0 0.00513281021267176 0.094990998506546
-9 0 0 0.0051529398187995 0.0954381972551346
-10 0 0 0.00517302006483078 0.0958874002099037
-11 0 0 0.00519305979833007 0.096338301897049
-12 0 0 0.00521303992718458 0.096790999174118
-13 0 0 0.00523297023028135 0.0972454994916916
-14 0 0 0.00525284977629781 0.0977018028497696
-15 0 0 0.00527265993878245 0.0981597006320953
-16 0 0 0.00529241003096104 0.0986192971467972
-17 0 0 0.00531208980828524 0.0990805998444557
-18 0 0 0.00533170020207763 0.099543496966362
-19 0 0 0.00535123981535435 0.100008003413677
-20 0 0 0.0053706900216639 0.100473999977112
-21 0 0 0.00539006991311908 0.100942000746727
-22 0 0 0.0054093599319458 0.101410999894142
-23 0 0 0.00542856985703111 0.101880997419357
-24 0 0 0.00544768013060093 0.102352999150753
-25 0 0 0.00546670006588101 0.102825999259949
-26 0 0 0.00548561988398433 0.103301003575325
-27 0 0 0.00550444005057216 0.103776998817921
-28 0 0 0.00552316009998322 0.104253999888897
-29 0 0 0.00554176978766918 0.104732997715473
-30 0 0 0.00556027004495263 0.10521200299263
-31 0 0 0.00557865016162395 0.105692997574806
-32 0 0 0.00559691991657019 0.106174997985363
-33 0 0 0.00561506999656558 0.10665799677372
-34 0 0 0.00563309993594885 0.107142001390457
-35 0 0 0.00565099995583296 0.107628002762794
-36 0 0 0.00566877983510494 0.108113996684551
-37 0 0 0.00568642001599073 0.108600996434689
-38 0 0 0.00570392981171608 0.109089002013206
-39 0 0 0.00572131015360355 0.109577000141144
-40 0 0 0.00573854008689523 0.110067002475262
-41 0 0 0.00575564010068774 0.110556997358799
-42 0 0 0.00577259017154574 0.111048996448517
-43 0 0 0.00578938983380795 0.111539997160435
-44 0 0 0.00580604979768395 0.112033002078533
-45 0 0 0.00582255981862545 0.112525999546051
-46 0 0 0.0058389101177454 0.113020002841949
-47 0 0 0.00585511000826955 0.113513998687267
-48 0 0 0.00587115017697215 0.114009000360966
-49 0 0 0.00588703993707895 0.114505000412464
-50 2 4 0.00590276019647717 0.115001000463963
-51 0 0 0.00591831980273128 0.115497000515461
-52 0 0 0.00593372015282512 0.115993998944759
-53 0 0 0.0059489500708878 0.116490997374058
-54 0 0 0.00596401980146766 0.116988003253937
-55 0 0 0.00597890978679061 0.117486000061035
-56 0 0 0.00599364005029202 0.117983996868134
-57 0 0 0.00600819010287523 0.118482001125813
-58 0 0 0.00602257996797562 0.118980996310711
-59 0 0 0.0060367900878191 0.11947900056839
-60 0 0 0.00605081999674439 0.119978003203869
-61 0 0 0.00606467993929982 0.120476998388767
-62 0 0 0.00607836013659835 0.120976001024246
-63 0 0 0.00609186990186572 0.121475003659725
-64 0 0 0.00610519014298916 0.121973998844624
-65 0 0 0.00611833995208144 0.122473999857903
-66 0 0 0.00613131001591682 0.122973002493382
-67 0 0 0.00614409008994699 0.12347199767828
-68 0 0 0.00615670019760728 0.123971000313759
-69 0 0 0.00616911984980106 0.124470002949238
-70 0 0 0.00618741987273097 0.125219002366066
-71 0 0 0.00620529986917973 0.125966995954514
-72 0 0 0.00622277986258268 0.126715004444122
-73 0 0 0.00623983982950449 0.12746199965477
-74 0 0 0.00625649001449347 0.128208994865417
-75 0 0 0.00627272995188832 0.128956004977226
-76 0 0 0.00628856010735035 0.129701003432274
-77 0 0 0.00630398001521826 0.130447000265121
-78 0 0 0.00631899014115334 0.131191000342369
-79 0 0 0.0063335900194943 0.131935000419617
-80 0 0 0.00634778011590242 0.132678002119064
-81 0 0 0.00636157020926476 0.133420005440712
-82 0 0 0.00637495005503297 0.134160995483398
-83 0 0 0.00638794014230371 0.134901002049446
-84 0 0 0.00640051998198032 0.135640993714333
-85 0 0 0.00641269981861115 0.13637900352478
-86 0 0 0.00642448989674449 0.137116000056267
-87 0 0 0.00643589021638036 0.137852996587753
-88 0 0 0.00644689006730914 0.13858799636364
-89 0 0 0.00645750993862748 0.139321997761726
-90 0 0 0.00646774983033538 0.140055000782013
-91 0 0 0.0064775999635458 0.1407870054245
-92 0 0 0.00648707989603281 0.141517996788025
-93 0 0 0.00649617984890938 0.142247006297112
-94 0 0 0.00650491006672382 0.142976000905037
-95 0 0 0.00651327986270189 0.143702998757362
-96 0 0 0.00652127992361784 0.144428998231888
-97 0 0 0.0065289200283587 0.145153000950813
-98 0 0 0.0065362099558115 0.145877003669739
-99 0 0 0.00654313992708921 0.146598994731903
-100 3 4 0.00654972996562719 0.147319003939629
-101 0 0 0.00655596982687712 0.148038998246193
-102 0 0 0.00656187022104859 0.148756995797157
-103 0 0 0.00656743999570608 0.149473994970322
-104 0 0 0.00657266983762383 0.150189995765686
-105 0 0 0.00657757977023721 0.15090399980545
-106 0 0 0.00658433977514505 0.151972994208336
-107 0 0 0.00659037986770272 0.153040006756783
-108 0 0 0.00659572007134557 0.154102995991707
-109 0 0 0.00660037994384766 0.155163004994392
-110 0 0 0.00660437997430563 0.156220003962517
-111 0 0 0.00660772016271949 0.157275006175041
-112 0 0 0.00661040982231498 0.158325999975204
-113 0 0 0.00661248993128538 0.159374997019768
-114 0 0 0.00661394977942109 0.160420000553131
-115 0 0 0.00661482010036707 0.161463007330894
-116 0 0 0.00661511020734906 0.162503004074097
117 4 2 0.00661511020734906 0.162512004375458
118 0 0 0.0066148298792541 0.16354900598526
119 0 0 0.00661339005455375 0.165098994970322
120 0 0 0.006610750220716 0.166642993688583
121 0 0 0.00660696998238564 0.168181002140045
122 0 0 0.00660210009664297 0.169713005423546
123 0 0 0.00659618014469743 0.171239003539085
124 0 0 0.00658927019685507 0.172758996486664
125 0 0 0.00658140005543828 0.174272999167442
126 0 0 0.00657262979075313 0.17578099668026
127 0 0 0.0065629999153316 0.177284002304077
128 0 0 0.00655255001038313 0.178781002759933
129 0 0 0.00654132990166545 0.180272996425629
130 0 0 0.00652936985716224 0.181758999824524
131 0 0 0.00651672994717956 0.183240994811058
132 0 0 0.00650343997403979 0.184716999530792
133 0 0 0.00648953020572662 0.186187997460365
134 0 0 0.00647505978122354 0.187655001878738
135 0 0 0.00646005989983678 0.18911600112915
136 0 0 0.00644455989822745 0.190573006868362
137 0 0 0.00642859982326627 0.192026004195213
138 0 0 0.00641222018748522 0.193473994731903
139 0 0 0.00639544986188412 0.194918006658554
140 0 0 0.00637832982465625 0.196356996893883
141 0 0 0.00636088009923697 0.197791993618011
142 0 0 0.00634315004572272 0.19922399520874
143 0 0 0.00632514990866184 0.200651004910469
144 0 0 0.00629774015396833 0.20278500020504
145 0 0 0.00626990990713239 0.20490999519825
146 0 0 0.00624174997210503 0.20702800154686
147 0 0 0.00621336000040174 0.209136992692947
148 0 0 0.00618482986465096 0.211238995194435
149 0 0 0.00615622010082006 0.213333994150162
150 5 4 0.00612762989476323 0.215422004461288
151 0 0 0.00609913002699614 0.217502996325493
152 0 0 0.00607076985761523 0.219577997922897
153 0 0 0.00604264019057155 0.221646994352341
154 0 0 0.00601480016484857 0.223710000514984
155 0 0 0.00598730007186532 0.225767001509666
156 0 0 0.00596019998192787 0.227818995714188
157 0 0 0.00593355018645525 0.229865998029709
158 0 0 0.00590740982443094 0.231907993555069
159 0 0 0.00586924003437161 0.234962001442909
160 0 0 0.00583245977759361 0.238006994128227
161 0 0 0.00579719990491867 0.241042003035545
162 0 0 0.00576358009129763 0.244068995118141
163 0 0 0.00573169998824596 0.247088000178337
164 0 0 0.00570166995748878 0.250099986791611
165 0 0 0.00567355984821916 0.253105014562607
166 0 0 0.00564745999872684 0.256105005741119
167 0 0 0.0056234197691083 0.259099006652832
168 0 0 0.00560150993987918 0.262088000774384
169 0 0 0.00558177987113595 0.265073001384735
170 0 0 0.00556425983086228 0.268054991960526
171 0 0 0.00554220005869865 0.272520989179611
172 0 0 0.00552529003471136 0.276982009410858
173 0 0 0.00551356980577111 0.281439989805222
174 0 0 0.00550709012895823 0.285894989967346
175 6 2 0.0055056600831449 0.289180994033813
-176 0 0 0.0055082798935473 0.293635994195938
-177 0 0 0.00552194006741047 0.300323009490967
-178 0 0 0.00554715003818274 0.307018011808395
-179 0 0 0.00558369001373649 0.313728004693985
-180 0 0 0.00563128991052508 0.320455014705658
-181 0 0 0.00568964006379247 0.327205002307892
-182 0 0 0.00575838983058929 0.333981990814209
-183 0 0 0.00583718996495008 0.340790003538132
-184 0 0 0.00592566002160311 0.347633987665176
-185 0 0 0.00602339999750257 0.354515999555588
-186 0 0 0.00613002991303802 0.361443012952805
-187 0 0 0.00624515023082495 0.368416011333466
-188 0 0 0.00636836979538202 0.375441014766693
-189 0 0 0.00649929000064731 0.382521986961365
-190 0 0 0.00663752015680075 0.389663010835648
-191 0 0 0.00678267981857061 0.396867990493774
-192 0 0 0.00693438993766904 0.404141008853912
-193 0 0 0.00709227006882429 0.411485999822617
-194 0 0 0.00725595001131296 0.418909013271332
-195 0 0 0.00742508005350828 0.426412999629974
-196 0 0 0.00759928999468684 0.434002995491028
-197 0 0 0.00777821987867355 0.441684007644653
-198 0 0 0.00796153023838997 0.449459999799728
-199 0 0 0.00814886018633842 0.457336992025375
-200 7 4 0.00833985954523087 0.465319007635117
-201 0 0 0.00853418000042439 0.47341200709343
-202 0 0 0.00873146019876003 0.481622010469437
-203 0 0 0.00893136020749807 0.489953011274338
-204 0 0 0.00913351029157639 0.498412013053894
-205 0 0 0.00933755002915859 0.507004976272583
-206 0 0 0.00954310037195683 0.515738010406494
-207 0 0 0.00974978972226381 0.52461701631546
-208 0 0 0.00995721016079187 0.533649027347565
-209 0 0 0.0101650003343821 0.542841970920563
-210 0 0 0.0103727001696825 0.552201986312866
-211 0 0 0.0105798002332449 0.56173700094223
-212 0 0 0.0107859997078776 0.571453988552094
-213 0 0 0.0109908003360033 0.581363022327423
-214 0 0 0.0111935995519161 0.591471016407013
-215 0 0 0.0113939996808767 0.601787984371185
-216 0 0 0.01159149967134 0.612321019172668
-217 0 0 0.0117854001000524 0.623081982135773
-218 0 0 0.0119751999154687 0.634079992771149
-219 0 0 0.0121603002771735 0.645323991775513
-220 0 0 0.0123399998992682 0.656826972961426
-221 0 0 0.0125137995928526 0.668596982955933
-222 0 0 0.0126807997003198 0.680648028850555
-223 0 0 0.0128405001014471 0.692990005016327
-224 0 0 0.012992000207305 0.705636024475098
-225 0 0 0.0131345996633172 0.718596994876862
-226 0 0 0.0132675999775529 0.731886982917786
-227 0 0 0.0133900996297598 0.745517015457153
-228 0 0 0.0135014001280069 0.759500980377197
-229 0 0 0.0136006996035576 0.773850977420807
-230 0 0 0.0136872995644808 0.788580000400543
-231 0 0 0.0137603003531694 0.803701996803284
-232 0 0 0.0138191999867558 0.819229006767273
-233 0 0 0.0138632003217936 0.835173010826111
-234 0 0 0.0138918003067374 0.851544976234436
-235 0 0 0.0139044001698494 0.868358016014099
236 8 2 0.0139050995931029 0.87311202287674
237 0 0 0.013896799646318 0.890501976013184
238 0 0 0.013871899805963 0.908354997634888
239 0 0 0.0138304000720382 0.926679015159607
240 0 0 0.0137723004445434 0.945479989051819
241 0 0 0.0136980004608631 0.964765012264252
242 0 0 0.0136078996583819 0.984538018703461
243 0 0 0.0135027999058366 1.00479996204376
244 0 0 0.0133838001638651 1.02555000782013
245 0 0 0.01325189974159 1.04680001735687
246 0 0 0.0131085999310017 1.06851994991302
247 0 0 0.0129557000473142 1.09073996543884
248 0 0 0.0127950003370643 1.11342000961304
249 0 0 0.0126286000013351 1.13657999038696
250 9 4 0.0124586997553706 1.16019999980927
251 0 0 0.0122878002002835 1.1842600107193
252 0 0 0.012118199840188 1.20877003669739
253 0 0 0.0119527000933886 1.23370003700256
254 0 0 0.0117936003953218 1.2590399980545
255 0 0 0.0116435997188091 1.2847900390625
256 0 0 0.0115050999447703 1.31093001365662
257 0 0 0.0113807003945112 1.3374400138855
258 0 0 0.0112725999206305 1.36432003974915
259 0 0 0.0111830998212099 1.39154005050659
260 0 0 0.0111140999943018 1.41910994052887
261 0 0 0.0110675003379583 1.44700002670288
262 0 0 0.0110451001673937 1.47520995140076
-263 10 2 0.0110432002693415 1.48600995540619
-264 0 0 0.011056499555707 1.51463997364044
-265 0 0 0.0110972998663783 1.54356002807617
-266 0 0 0.0111664002761245 1.57276999950409
-267 0 0 0.0112650003284216 1.60224997997284
-268 0 0 0.0113936001434922 1.63199996948242
-269 0 0 0.0115529000759125 1.66199994087219
-270 0 0 0.0117431003600359 1.69226002693176
-271 0 0 0.0119647001847625 1.72276997566223
-272 0 0 0.0122175998985767 1.75352001190186
-273 0 0 0.0125019997358322 1.78450000286102
-274 0 0 0.0128175998106599 1.81570994853973
-275 0 0 0.0131642995402217 1.84713995456696
-276 0 0 0.0135417999699712 1.87879002094269
-277 0 0 0.0139498002827168 1.91065001487732
-278 0 0 0.0143876997753978 1.94272994995117
-279 0 0 0.0148550998419523 1.97500002384186
-280 0 0 0.0153515003621578 2.00747990608215
-281 0 0 0.0158762000501156 2.04014992713928
-282 0 0 0.0164285991340876 2.07300996780396
-283 0 0 0.0170080997049809 2.10606002807617
-284 0 0 0.0176139995455742 2.13929009437561
-285 0 0 0.0182456001639366 2.17269992828369
-286 0 0 0.0189021993428469 2.20627999305725
-287 0 0 0.0195829998701811 2.24003005027771
-288 0 0 0.0202874001115561 2.27394008636475
-289 0 0 0.0210146997123957 2.30802011489868
-290 0 0 0.021764000877738 2.34225988388062
-291 0 0 0.0225345995277166 2.37664008140564
-292 0 0 0.0233260001987219 2.41118001937866
-293 0 0 0.0241372995078564 2.44584989547729
-294 0 0 0.0249678008258343 2.48066997528076
-295 0 0 0.0258169993758202 2.51563000679016
-296 0 0 0.0266839992254972 2.55070996284485
-297 0 0 0.0275682993233204 2.58593010902405
-298 0 0 0.0284691005945206 2.62125992774963
-299 0 0 0.0293860007077456 2.65671992301941
-300 11 4 0.0303181000053883 2.69229006767273
-301 0 0 0.0312650986015797 2.72797989845276
-302 0 0 0.032226201146841 2.76377010345459
-303 0 0 0.0332010015845299 2.79966998100281
-304 0 0 0.03418879956007 2.83566999435425
-305 0 0 0.0351890996098518 2.87175989151001
-306 0 0 0.036201499402523 2.90794992446899
-307 0 0 0.0372254997491837 2.94423007965088
-308 0 0 0.0382605008780956 2.98060011863708
-309 0 0 0.0393061004579067 3.01705002784729
-310 0 0 0.040361899882555 3.05358004570007
-311 0 0 0.0414273999631405 3.09018993377686
-312 0 0 0.0425021983683109 3.12686991691589
-313 0 0 0.0435860008001328 3.16361999511719
-314 0 0 0.0446783006191254 3.20043992996216
-315 0 0 0.0457787998020649 3.23732995986938
-316 0 0 0.0468872003257275 3.27428007125854
-317 0 0 0.0480029992759228 3.31129002571106
-318 0 0 0.0491260997951031 3.34836006164551
-319 12 9 0.05025589838624 3.38547992706299
