-268 16 9 -0.050381101667881 -0.408477008342743
-267 0 0 -0.0497732013463974 -0.40361300110817
-266 0 0 -0.0491674989461899 -0.398777991533279
-265 0 0 -0.0485635995864868 -0.393972009420395
-264 0 0 -0.0479613989591599 -0.389192998409271
-263 0 0 -0.0473604016005993 -0.384440988302231
-262 0 0 -0.0467604994773865 -0.379712998867035
-261 0 0 -0.0461613014340401 -0.375010013580322
-260 0 0 -0.0455624982714653 -0.370328992605209
-259 0 0 -0.0449638999998569 -0.365669995546341
-258 0 0 -0.0443651005625725 -0.361030995845795
-257 0 0 -0.0437658987939358 -0.356411993503571
-256 0 0 -0.0431660003960133 -0.35181000828743
-255 0 0 -0.0425649993121624 -0.347225993871689
-254 0 0 -0.0419627986848354 -0.342658013105392
-253 0 0 -0.0413588993251324 -0.338104993104935
-252 0 0 -0.0407531000673771 -0.33356499671936
-251 0 0 -0.0401449985802174 -0.329037994146347
-250 15 4 -0.0395345017313957 -0.324521988630295
-249 0 0 -0.0389211997389793 -0.320015996694565
-248 0 0 -0.0383047983050346 -0.315519005060196
-247 0 0 -0.0376850999891758 -0.311028987169266
-246 0 0 -0.0370615981519222 -0.306544989347458
-245 0 0 -0.0364343002438545 -0.302067011594772
-244 0 0 -0.0358026996254921 -0.297592014074326
-243 0 0 -0.0351665988564491 -0.293119013309479
-242 0 0 -0.0345258004963398 -0.288646996021271
-241 0 0 -0.0338799990713596 -0.284173995256424
-240 0 0 -0.0332290008664131 -0.279698997735977
-239 0 0 -0.0325725004076958 -0.27522000670433
-238 0 0 -0.0319104008376598 -0.270736008882523
-237 0 0 -0.0312424004077911 -0.266243994235992
-236 0 0 -0.0305684991180897 -0.261743992567062
-235 0 0 -0.0298883002251387 -0.257232993841171
-234 0 0 -0.0292019005864859 -0.25271001458168
-233 0 0 -0.0287408009171486 -0.249686002731323
-232 0 0 -0.0282768998295069 -0.246655002236366
-231 0 0 -0.027810100466013 -0.243615999817848
-230 0 0 -0.0273403991013765 -0.240568995475769
-229 0 0 -0.026867900043726 -0.23751300573349
-228 0 0 -0.026392599567771 -0.234447002410889
-227 0 0 -0.0259144995361567 -0.231370002031326
-226 0 0 -0.0254335999488831 -0.228282004594803
-225 0 0 -0.0249499995261431 -0.225181996822357
-224 0 0 -0.0244638007134199 -0.22206899523735
-223 0 0 -0.0239748992025852 -0.218941003084183
-222 0 0 -0.0236476007848978 -0.216848000884056
-221 0 0 -0.023319199681282 -0.214747995138168
-220 0 0 -0.0229896996170282 -0.212641000747681
-219 0 0 -0.0226591993123293 -0.210527002811432
-218 0 0 -0.0223277006298304 -0.208404004573822
-217 0 0 -0.0219951998442411 -0.206274002790451
-216 0 0 -0.0216618999838829 -0.204135000705719
-215 0 0 -0.0213275998830795 -0.201986998319626
-214 0 0 -0.0209925007075071 -0.199829995632172
-213 0 0 -0.0206566005945206 -0.197663992643356
-212 0 0 -0.0203200001269579 -0.195488005876541
-211 0 0 -0.0199826993048191 -0.193301007151604
-210 0 0 -0.0196446999907494 -0.191103994846344
-209 0 0 -0.0193061996251345 -0.188896000385284
-208 0 0 -0.0189672000706196 -0.186675995588303
-207 0 0 -0.0186278000473976 -0.18444399535656
-206 0 0 -0.0182879995554686 -0.182199999690056
-205 0 0 -0.0179478991776705 -0.17994299530983
-204 0 0 -0.0176075007766485 -0.177671998739243
-203 0 0 -0.0172669999301434 -0.175387993454933
-202 0 0 -0.0169264990836382 -0.173089995980263
-201 0 0 -0.0165860000997782 -0.17077599465847
-200 14 4 -0.016245499253273 -0.168447002768517
-199 0 0 -0.015905300155282 -0.166102007031441
-198 0 0 -0.015565300360322 -0.163741007447243
-197 0 0 -0.0152257001027465 -0.161363005638123
-196 0 0 -0.0148865999653935 -0.15896700322628
-195 0 0 -0.0145480995997787 -0.156553000211716
-194 0 0 -0.0142102995887399 -0.154119998216629
-193 0 0 -0.0138732995837927 -0.15166799724102
-192 0 0 -0.0135372998192906 -0.149196997284889
-191 0 0 -0.0132023002952337 -0.146705001592636
-190 0 0 -0.0128685003146529 -0.1441929936409
-189 0 0 -0.0125360004603863 -0.141660004854202
-188 0 0 -0.0122050000354648 -0.139106005430222
-187 0 0 -0.0118755996227264 -0.136530995368958
-186 0 0 -0.0115481000393629 -0.133934006094933
-185 0 0 -0.0112226000055671 -0.131317004561424
-184 0 0 -0.0108994003385305 -0.128679007291794
-183 0 0 -0.0105785997584462 -0.12602199614048
-182 0 0 -0.0102605000138283 -0.123346000909805
-181 0 0 -0.00994540005922318 -0.120653003454208
-180 0 0 -0.00963366962969303 -0.117945000529289
-179 0 0 -0.00932561978697777 -0.115223996341228
-178 0 0 -0.00902163982391357 -0.112493999302387
-177 0 0 -0.00872217025607824 -0.109757997095585
-176 0 0 -0.00842765998095274 -0.107022002339363
-175 0 0 -0.00813861005008221 -0.104289002716541
-174 0 0 -0.00785551965236664 -0.101567000150681
-173 0 0 -0.00757892988622189 -0.0988612025976181
-172 0 0 -0.00730935018509626 -0.0961790010333061
-171 0 0 -0.0070472601801157 -0.0935273021459579
-170 0 0 -0.00679311016574502 -0.090913400053978
-169 0 0 -0.00654726987704635 -0.0883440002799034
-168 0 0 -0.00631004013121128 -0.0858253985643387
-167 0 0 -0.00608160998672247 -0.0833629965782166
-166 0 0 -0.00586206978186965 -0.0809613987803459
-165 0 0 -0.00565144000574946 -0.078624002635479
-164 0 0 -0.0054496000520885 -0.0763532966375351
-163 0 0 -0.00525637995451689 -0.0741505995392799
-162 0 0 -0.00507153011858463 -0.0720162019133568
-161 0 0 -0.00489475019276142 -0.069949597120285
-160 0 0 -0.0047256899997592 -0.0679498016834259
-159 0 0 -0.00456397980451584 -0.066014900803566
-158 0 0 -0.00440924009308219 -0.0641426965594292
-157 0 0 -0.0042610801756382 -0.0623308010399342
-156 0 0 -0.00411912007257342 -0.0605764985084534
-155 0 0 -0.00398297980427742 -0.0588768981397152
-154 0 0 -0.00385230011306703 -0.0572291985154152
-153 0 0 -0.00372672011144459 -0.0556304007768631
-152 0 0 -0.0036059299018234 -0.0540776997804642
-151 0 0 -0.00348961004056036 -0.0525682009756565
-150 13 4 -0.0033774699550122 -0.0510991998016834
-149 0 0 -0.00326922000385821 -0.049668200314045
-148 0 0 -0.00316461990587413 -0.0482725016772747
-147 0 0 -0.0030634100548923 -0.0469096004962921
-146 0 0 -0.00296537997201085 -0.0455772988498211
-145 0 0 -0.00287031009793282 -0.0442732982337475
-144 0 0 -0.00277799996547401 -0.0429953001439571
-143 0 0 -0.00268825003877282 -0.0417411997914314
-142 0 0 -0.00260089989751577 -0.0405091010034084
-141 0 0 -0.00251578004099429 -0.0392968989908695
-140 0 0 -0.00243272003717721 -0.038102600723505
-139 0 0 -0.00235156994313002 -0.0369243994355202
-138 0 0 -0.00227219006046653 -0.035760298371315
-137 0 0 -0.00219442998059094 -0.0346084982156754
-136 0 0 -0.00211815000511706 -0.0334669016301632
-135 0 0 -0.00204321998171508 -0.0323337987065315
-134 0 0 -0.00196950999088585 -0.0312070995569229
-133 0 0 -0.00189687998499721 -0.0300846006721258
-132 0 0 -0.00182518002111465 -0.0289641991257668
-131 0 0 -0.00175428995862603 -0.0278436001390219
-130 0 0 -0.00168403994757682 -0.0267200991511345
-129 0 0 -0.00161429005675018 -0.0255909003317356
-128 0 0 -0.00154484994709492 -0.0244529992341995
-127 0 0 -0.00147552997805178 -0.0233025997877121
-126 0 0 -0.00142929004505277 -0.0225267000496387
-125 0 0 -0.00138292997144163 -0.0217419993132353
-124 0 0 -0.00133637001272291 -0.0209468007087708
-123 0 0 -0.00128952995873988 -0.0201392006129026
-122 0 0 -0.00124229001812637 -0.0193172004073858
-121 0 0 -0.00119453005027026 -0.018478000536561
-120 0 0 -0.00114609999582171 -0.0176187995821238
-119 0 0 -0.00111336004920304 -0.0170329008251429
-118 0 0 -0.00108018005266786 -0.0164352003484964
-117 0 0 -0.00104649004060775 -0.0158241000026464
-116 0 0 -0.00101220002397895 -0.0151977995410562
-115 0 0 -0.000977210002020001 -0.0145541001111269
-114 0 0 -0.000953437993302941 -0.0141142001375556
-113 0 0 -0.00092925998615101 -0.0136644998565316
-112 0 0 -0.000904625980183482 -0.0132040996104479
-111 0 0 -0.000879478000570089 -0.0127317002043128
-110 0 0 -0.000853749981615692 -0.0122458999976516
-109 0 0 -0.000827361014671624 -0.0117450999096036
-108 0 0 -0.000809354009106755 -0.0114019000902772
-107 0 0 -0.000790975987911224 -0.0110504003241658
-106 0 0 -0.000772189989220351 -0.0106897000223398
-105 0 0 -0.000752951018512249 -0.0103190997615457
-104 0 0 -0.000733204011339694 -0.00993730966001749
-103 0 0 -0.000712886976543814 -0.00954306032508612
-102 0 0 -0.000698990013916045 -0.00927255023270845
-101 0 0 -0.000684780010487884 -0.00899527035653591
-100 12 4 -0.000670229026582092 -0.00871059019118547
-99 0 0 -0.000655299983918667 -0.00841780006885529
-98 0 0 -0.000639953999780118 -0.00811604969203472
-97 0 0 -0.000624142994638532 -0.00780434999614954
-96 0 0 -0.000613317009992898 -0.00759046012535691
-95 0 0 -0.000602239975705743 -0.00737123005092144
-94 0 0 -0.000590890005696565 -0.00714618992060423
-93 0 0 -0.000579241022933275 -0.00691480981186032
-92 0 0 -0.000567263981793076 -0.00667648995295167
-91 0 0 -0.000554924015887082 -0.0064305099658668
-90 0 0 -0.000542182009667158 -0.00617602979764342
-89 0 0 -0.000533439975697547 -0.00600116979330778
-88 0 0 -0.000524481001775712 -0.00582175003364682
-87 0 0 -0.000515285995788872 -0.00563737982884049
-86 0 0 -0.0005058340029791 -0.00544760003685951
-85 0 0 -0.000496099994052202 -0.00525191007182002
-84 0 0 -0.000486053992062807 -0.00504969013854861
-83 0 0 -0.000479167007142678 -0.00491091003641486
-82 0 0 -0.000472114013973624 -0.00476867007091641
-81 0 0 -0.000464884011307731 -0.00462270993739367
-80 0 0 -0.000457460002508014 -0.00447271019220352
-79 0 0 -0.000449826009571552 -0.00431832019239664
-78 0 0 -0.000441962009062991 -0.00415915017947555
-77 0 0 -0.000433845998486504 -0.00399472005665302
-76 0 0 -0.000425450998591259 -0.00382448988966644
-75 0 0 -0.000416747003328055 -0.00364783010445535
-74 0 0 -0.000407698011258617 -0.00346398004330695
-73 0 0 -0.000398259988287464 -0.00327204004861414
-72 0 0 -0.000388379005016759 -0.00307092000730336
-71 0 0 -0.000377991993445903 -0.00285927997902036
-70 0 0 -0.000367019005352631 -0.00263546011410654
-69 0 0 -0.000355358002707362 -0.00239739008247852
-68 0 0 -0.000342884013662115 -0.00214244006201625
-67 0 0 -0.000329434988088906 -0.00186726998072118
-66 0 0 -0.000314809993142262 -0.00156771996989846
-65 0 0 -0.000298770988592878 -0.00123886996880174
-64 0 0 -0.000281095009995624 -0.000876012025400996
-63 0 0 -0.00026172399520874 -0.00047795899445191
-62 0 0 -0.000219990994082764 0.000380954996217042
-61 0 0 -0.000150369000039063 0.00181658996734768
-60 0 0 -8.83951997820986E-07 0.00489983987063169
-59 0 0 0.000292971992166713 0.010890600271523
-58 0 0 0.000669125991407782 0.0182808004319668
-57 0 0 0.000988214975222945 0.0242705997079611
-56 0 0 0.00129903003107756 0.0299008004367352
-55 0 0 0.00161983002908528 0.0355658009648323
-54 0 0 0.00196246989071369 0.0415284000337124
-53 0 0 0.00233727996237576 0.0480334013700485
-52 0 0 0.00275428988970816 0.0553574003279209
-51 0 0 0.00322202988900244 0.0638310015201569
-50 11 4 0.00374159007333219 0.0738075003027916
-49 0 0 0.00429265014827251 0.0854856967926025
-48 0 0 0.00482041016221046 0.0985833033919334
-47 0 0 0.00525557016953826 0.112320996820927
-46 0 0 0.00555780995637178 0.125963002443314
-45 0 0 0.00572504010051489 0.139155998826027
44 10 2 0.00577548006549478 0.151818007230759
43 0 0 0.00577508006244898 0.152982994914055
42 0 0 0.00572538003325462 0.165103003382683
41 0 0 0.00560896005481482 0.17679899930954
40 0 0 0.00544684985652566 0.188136994838715
39 0 0 0.00525700021535158 0.199177995324135
38 0 0 0.00505416002124548 0.209976002573967
37 0 0 0.00485019013285637 0.220574006438255
36 0 0 0.0046542901545763 0.231012001633644
35 0 0 0.00447337981313467 0.241320997476578
34 0 0 0.00431249989196658 0.25152999162674
33 0 0 0.00417507020756602 0.261665999889374
32 0 0 0.00406327983364463 0.27175098657608
31 0 0 0.00397827988490462 0.281805008649826
30 0 0 0.00392048992216587 0.291848003864288
29 0 0 0.00388972996734083 0.301896005868912
28 9 2 0.00388393993489444 0.308607012033463
-27 0 0 0.00388608989305794 0.312732994556427
-26 0 0 0.00389867997728288 0.319469004869461
-25 0 0 0.00392223987728357 0.326227009296417
-24 0 0 0.00395641010254622 0.333011001348495
-23 0 0 0.0040008001960814 0.339825004339218
-22 0 0 0.00403587985783815 0.344386994838715
-21 0 0 0.00407521007582545 0.348966002464294
-20 0 0 0.00411865999922156 0.353561997413635
-19 0 0 0.00416610995307565 0.358177989721298
-18 0 0 0.00421743979677558 0.362814009189606
-17 0 0 0.00427252985537052 0.367471009492874
-16 0 0 0.00433125020936131 0.372150987386703
-15 0 0 0.00439349003136158 0.376854985952377
-14 0 0 0.00445911008864641 0.381583988666534
-13 0 0 0.00452800979837775 0.386339008808136
-12 0 0 0.0046000499278307 0.391122996807098
-11 0 0 0.00467512011528015 0.395934998989105
-10 0 0 0.00475310999900103 0.400777012109756
-9 0 0 0.00483389990404248 0.40565100312233
-8 0 0 0.00488924980163574 0.408917993307114
-7 0 0 0.00492679979652166 0.411105006933212
-6 0 0 0.00495212012901902 0.412566006183624
-5 0 0 0.00496912002563477 0.413542002439499
-4 0 0 0.00498049985617399 0.414193004369736
-3 0 0 0.0049881199374795 0.414627999067307
-2 0 0 0.00499321008101106 0.414918005466461
1 0 0 0.00499999988824129 0.415304988622665
1 0 0 0.00499999988824129 0.415304988622665
-2 0 0 0.00500681018456817 0.415690988302231
-3 0 0 0.00501193013042212 0.415982007980347
-4 0 0 0.00501962006092072 0.416417002677917
-5 0 0 0.00503120012581348 0.417071998119354
-6 0 0 0.00504864007234573 0.418054014444351
-7 0 0 0.0050749802030623 0.419530004262924
-8 0 0 0.00511487014591694 0.421750009059906
-9 0 0 0.00517555978149176 0.42509400844574
-10 0 0 0.00526846013963223 0.430141985416412
-11 0 0 0.00536348996683955 0.435229003429413
-12 0 0 0.00546053983271122 0.440356999635696
-13 0 0 0.00555949984118342 0.445528000593185
-14 0 0 0.00566026987507939 0.45074200630188
-15 0 0 0.005762729793787 0.45600101351738
-16 0 0 0.00586677016690373 0.461306989192963
-17 0 0 0.00597228994593024 0.466661006212234
-18 0 0 0.0060791801661253 0.472065001726151
-19 0 0 0.00618733000010252 0.477519989013672
-20 0 0 0.00629663001745939 0.483029007911682
-21 0 0 0.00640696985647082 0.488593012094498
-22 0 0 0.00651824008673429 0.49421301484108
-23 0 0 0.00663032010197639 0.499891012907028
-24 0 0 0.00674310978502035 0.505630016326904
-25 0 0 0.00685648992657661 0.511430978775024
-26 0 0 0.00697033014148474 0.517295002937317
-27 0 0 0.00708452984690666 0.523226022720337
-28 0 0 0.00719894981011748 0.52922397851944
-29 0 0 0.0073134801350534 0.535292983055115
-30 0 0 0.00742800021544099 0.541433990001678
-31 0 0 0.00754236010834575 0.547648012638092
-32 0 0 0.00765644991770387 0.553939998149872
-33 0 0 0.00777012016624212 0.560310006141663
-34 0 0 0.00788323953747749 0.566761016845703
-35 0 0 0.0079956604167819 0.573296010494232
-36 0 0 0.00810723006725311 0.579917013645172
-37 0 0 0.00821781996637583 0.586627006530762
-38 0 0 0.00832725968211889 0.593427002429962
-39 0 0 0.00843538995832205 0.600322008132935
-40 0 0 0.00854204967617989 0.607312977313995
-41 0 0 0.0086470702663064 0.614404022693634
-42 0 0 0.00875028967857361 0.621596992015839
-43 0 0 0.00885150954127312 0.628894984722137
-44 0 0 0.00895056035369635 0.63630199432373
-45 0 0 0.00904725026339293 0.643819987773895
-46 0 0 0.00914137996733189 0.651452004909515
-47 0 0 0.00923275016248226 0.659202992916107
-48 0 0 0.00932116992771626 0.667074024677277
-49 0 0 0.00940642040222883 0.675069987773895
-50 2 4 0.00948827993124723 0.683193981647491
-51 0 0 0.00956655014306307 0.691449999809265
-52 0 0 0.00964098982512951 0.699841022491455
-53 0 0 0.00971138011664152 0.708369970321655
-54 0 0 0.00977747980505228 0.717042982578278
-55 0 0 0.00983907002955675 0.725861012935638
-56 0 0 0.00989591982215643 0.734829008579254
-57 0 0 0.00994777027517557 0.743951022624969
-58 0 0 0.00999439973384142 0.75323098897934
-59 0 0 0.0100355995818973 0.762673020362854
-60 0 0 0.0100710997357965 0.772279977798462
-61 0 0 0.01010060030967 0.782055974006653
-62 0 0 0.0101239997893572 0.792006015777588
-63 0 0 0.0101410998031497 0.8021320104599
-64 0 0 0.0101514998823404 0.812439978122711
-65 0 0 0.0101552000269294 0.822932004928589
66 3 2 0.0101552000269294 0.82328599691391
67 0 0 0.010151700116694 0.833972990512848
68 0 0 0.0101410001516342 0.844851016998291
69 0 0 0.0101231001317501 0.855925023555756
70 0 0 0.0100977001711726 0.867196977138519
71 0 0 0.0100648002699018 0.878670990467072
72 0 0 0.0100242998450994 0.890349984169006
73 0 0 0.00997607968747616 0.902235984802246
74 0 0 0.00992019008845091 0.914332985877991
75 0 0 0.00985660962760448 0.92664098739624
76 0 0 0.00978539977222681 0.939163982868195
77 0 0 0.00970664992928505 0.951902985572815
78 0 0 0.00962048955261707 0.964860022068024
79 0 0 0.00952709000557661 0.978034973144531
80 0 0 0.00942668970674276 0.991428971290588
81 0 0 0.00931952986866236 1.00504004955292
82 0 0 0.00920595973730087 1.01888000965118
83 0 0 0.00908632017672062 1.03293001651764
84 0 0 0.00896103959530592 1.04720997810364
85 0 0 0.00883056968450546 1.06169998645782
86 0 0 0.00869541987776756 1.07641005516052
87 0 0 0.00855616014450788 1.09133005142212
88 0 0 0.00841336045414209 1.10646998882294
89 0 0 0.0082676699385047 1.12180995941162
90 0 0 0.00811974983662367 1.13736999034882
91 0 0 0.00797029957175255 1.15313005447388
92 0 0 0.00782005023211241 1.16910004615784
93 0 0 0.00766973989084363 1.18526005744934
94 0 0 0.00752014992758632 1.20161998271942
95 0 0 0.00737203983590007 1.21817994117737
96 0 0 0.00722621008753777 1.23492002487183
97 0 0 0.00708342995494604 1.25185000896454
98 0 0 0.00694449990987778 1.26894998550415
99 0 0 0.00681017013266683 1.28623998165131
100 4 4 0.00668122991919518 1.30369997024536
101 0 0 0.00655840011313558 1.32132995128632
102 0 0 0.00644242018461227 1.33912003040314
103 0 0 0.00633397977799177 1.35706996917725
104 0 0 0.00623374991118908 1.37519001960754
105 0 0 0.00614236993715167 1.3934600353241
106 0 0 0.00606046011671424 1.41187000274658
107 0 0 0.00598856993019581 1.43043994903564
108 0 0 0.00592724978923798 1.44914996623993
109 0 0 0.00587699981406331 1.46800005435944
110 0 0 0.00583828007802367 1.48697996139526
111 0 0 0.00581151014193892 1.5061000585556
112 0 0 0.00579708022996783 1.52535998821259
-113 5 2 0.00579447997733951 1.53768002986908
-114 0 0 0.00580098014324903 1.55713999271393
-115 0 0 0.00582063989713788 1.57673001289368
-116 0 0 0.00585374003276229 1.59642994403839
-117 0 0 0.0059004700742662 1.61626005172729
-118 0 0 0.00596102001145482 1.63619995117188
-119 0 0 0.006035550031811 1.65626001358032
-120 0 0 0.00612417003139853 1.67642998695374
-121 0 0 0.0062269801273942 1.6967099905014
-122 0 0 0.00634403014555573 1.71710002422333
-123 0 0 0.00647536013275385 1.7375899553299
-124 0 0 0.00662097986787558 1.75819003582001
-125 0 0 0.00678088003769517 1.77890002727509
-126 0 0 0.00695502990856767 1.79970002174377
-127 0 0 0.00714338012039661 1.82061004638672
-128 0 0 0.00734583986923099 1.84160995483398
-129 0 0 0.00756233977153897 1.86272001266479
-130 0 0 0.00779276993125677 1.8839099407196
-131 0 0 0.00803699996322393 1.90520000457764
-132 0 0 0.0082948999479413 1.92658996582031
-133 0 0 0.00856633018702269 1.94806003570557
-134 0 0 0.00885113980621099 1.96961998939514
-135 0 0 0.0091491499915719 1.99127995967865
-136 0 0 0.0094601996243 2.01302003860474
-137 0 0 0.0097840903326869 2.03484010696411
-138 0 0 0.0101206004619598 2.05675005912781
-139 0 0 0.0104697002097964 2.07874989509583
-140 0 0 0.0108308997005224 2.10082006454468
-141 0 0 0.0112043004482985 2.12298011779785
-142 0 0 0.0115895001217723 2.1452100276947
-143 0 0 0.0119863003492355 2.16753005981445
-144 0 0 0.0123945996165276 2.18991994857788
-145 0 0 0.0128140999004245 2.21238994598389
-146 0 0 0.0132445003837347 2.23493003845215
-147 0 0 0.0136858001351357 2.25753998756409
-148 0 0 0.0141374999657273 2.2802300453186
-149 0 0 0.0145997004583478 2.30297994613647
-150 6 4 0.0150718996301293 2.32580995559692
-151 0 0 0.0155541002750397 2.34870004653931
-152 0 0 0.0160459000617266 2.37167000770569
-153 0 0 0.0165471993386745 2.39469003677368
-154 0 0 0.0170578006654978 2.41777992248535
-155 0 0 0.0175774004310369 2.44093990325928
-156 0 0 0.0181057993322611 2.46414995193481
-157 0 0 0.0186429005116224 2.48743009567261
-158 0 0 0.0191884003579617 2.51077008247375
-159 0 0 0.0197420995682478 2.53415989875793
-160 0 0 0.0203038994222879 2.55762004852295
-161 0 0 0.020873399451375 2.581130027771
-162 0 0 0.021450599655509 2.60469007492065
-163 0 0 0.0220352001488209 2.62830996513367
-164 0 0 0.0226271003484726 2.65197992324829
-165 0 0 0.023226099088788 2.67569994926453
-166 0 0 0.0238319002091885 2.69947004318237
-167 0 0 0.0244444999843836 2.72328996658325
-168 0 0 0.0250636003911495 2.74714994430542
-169 0 0 0.0256890002638102 2.77107000350952
-170 0 0 0.0263206996023655 2.79503011703491
-171 0 0 0.0269584003835917 2.81903004646301
-172 0 0 0.0276018995791674 2.84308004379272
-173 0 0 0.0282512009143829 2.86717009544373
-174 0 0 0.028906000778079 2.89129996299744
-175 0 0 0.0295662991702557 2.91546988487244
-176 0 0 0.0302317999303341 2.93969011306763
-177 0 0 0.030902499333024 2.96393990516663
-178 0 0 0.0315781012177467 2.98821997642517
-179 0 0 0.0322585999965668 3.01255011558533
-180 0 0 0.0329438000917435 3.03691005706787
-181 0 0 0.0336335003376007 3.06130003929138
-182 0 0 0.0343278013169765 3.08573007583618
-183 0 0 0.0350263006985188 3.11018991470337
-184 0 0 0.0357290990650654 3.1346800327301
-185 0 0 0.0364359989762306 3.15919995307922
-186 0 0 0.0371467992663383 3.18375992774963
-187 0 0 0.0378614999353886 3.20833992958069
-188 0 0 0.0385800004005432 3.23294997215271
-189 0 0 0.0393020994961262 3.2575900554657
-190 0 0 0.0400278009474277 3.28225994110107
-191 0 0 0.0407570004463196 3.30695009231567
-192 0 0 0.0414895005524158 3.33167004585266
-193 0 0 0.0422252006828785 3.35641002655029
-194 0 0 0.0429641008377075 3.38118004798889
-195 0 0 0.0437061004340649 3.40597009658813
-196 0 0 0.0444510988891125 3.43078994750977
-197 0 0 0.0451989993453026 3.4556200504303
-198 0 0 0.0459497012197971 3.48047995567322
-199 0 0 0.0467032007873058 3.50535988807678
-200 7 4 0.0474593006074429 3.53026008605957
-201 0 0 0.0482180006802082 3.55518007278442
-202 0 0 0.0489792004227638 3.58012008666992
-203 0 0 0.0497428998351097 3.60507988929749
-204 8 9 0.0505089983344078 3.63004994392395
