-443 16 9 -0.050569798797369 -0.415425002574921
-442 0 0 -0.0499633997678757 -0.410513013601303
-441 0 0 -0.0493597015738487 -0.405631989240646
-440 0 0 -0.0487582981586456 -0.400781005620956
-439 0 0 -0.0481589995324612 -0.395958989858627
-438 0 0 -0.0475616008043289 -0.391164988279343
-437 0 0 -0.0469655990600586 -0.386397004127502
-436 0 0 -0.0463709011673927 -0.381655007600784
-435 0 0 -0.0457771010696888 -0.376937001943588
-434 0 0 -0.0451839007437229 -0.372242987155914
-433 0 0 -0.0445909984409809 -0.367570996284485
-432 0 0 -0.0439982004463673 -0.362919002771378
-431 0 0 -0.0434052012860775 -0.358287990093231
-430 0 0 -0.0428115986287594 -0.353675007820129
-429 0 0 -0.0422170981764793 -0.349079996347427
-428 0 0 -0.0416214987635612 -0.344500988721848
-427 0 0 -0.0410244986414909 -0.339938014745712
-426 0 0 -0.0404256992042065 -0.335388988256454
-425 0 0 -0.0398248992860317 -0.330852001905441
-424 0 0 -0.0392217002809048 -0.326328009366989
-423 0 0 -0.0386159010231495 -0.321814000606537
-422 0 0 -0.0380071997642517 -0.317308992147446
-421 0 0 -0.0373952016234398 -0.312812000513077
-420 0 0 -0.0367797017097473 -0.308322012424469
-419 0 0 -0.0361604988574982 -0.303838014602661
-418 0 0 -0.0355371981859207 -0.299356997013092
-417 0 0 -0.0349095016717911 -0.294878989458084
-416 0 0 -0.0342772006988525 -0.290403008460999
-415 0 0 -0.0336401015520096 -0.285926014184952
-414 0 0 -0.0329978987574577 -0.281448006629944
-413 0 0 -0.0323503017425537 -0.276966989040375
-412 0 0 -0.0316971987485886 -0.272480994462967
-411 0 0 -0.0310383997857571 -0.267987996339798
-410 0 0 -0.0303735993802547 -0.263487994670868
-409 0 0 -0.0297027993947268 -0.258976995944977
-408 0 0 -0.0290258005261421 -0.254453986883163
-407 0 0 -0.0285710003226995 -0.251432001590729
-406 0 0 -0.0281132999807596 -0.248401999473572
-405 0 0 -0.0276529006659985 -0.245364993810654
-404 0 0 -0.0271895993500948 -0.242320001125336
-403 0 0 -0.026723500341177 -0.239267006516457
-402 0 0 -0.0262545999139547 -0.236203998327255
-401 0 0 -0.0257827993482351 -0.233129993081093
-400 15 4 -0.0253082998096943 -0.230046004056931
-399 0 0 -0.0248310994356871 -0.226950004696846
-398 0 0 -0.0243512000888586 -0.223840996623039
-397 0 0 -0.0238687004894018 -0.220718994736671
-396 0 0 -0.0235456004738808 -0.218630000948906
-395 0 0 -0.0232215002179146 -0.216534003615379
-394 0 0 -0.0228962004184723 -0.214431002736092
-393 0 0 -0.0225699003785849 -0.212320998311043
-392 0 0 -0.0222426000982523 -0.210203006863594
-391 0 0 -0.0219142995774746 -0.208076998591423
-390 0 0 -0.0215850006788969 -0.205944001674652
-389 0 0 -0.021254900842905 -0.20380100607872
-388 0 0 -0.020923899486661 -0.201649993658066
-387 0 0 -0.0205920003354549 -0.199489995837212
-386 0 0 -0.0202594995498657 -0.197319999337196
-385 0 0 -0.0199261996895075 -0.19514000415802
-384 0 0 -0.0195923000574112 -0.192949995398521
-383 0 0 -0.0192577000707388 -0.190749004483223
-382 0 0 -0.0189226008951664 -0.188537001609802
-381 0 0 -0.0185870993882418 -0.18631400167942
-380 0 0 -0.0182511992752552 -0.184077993035316
-379 0 0 -0.0179149005562067 -0.181830003857613
-378 0 0 -0.017578300088644 -0.179569005966187
-377 0 0 -0.0172416009008884 -0.177294000983238
-376 0 0 -0.0169047992676497 -0.175006002187729
-375 0 0 -0.0165679007768631 -0.172702997922897
-374 0 0 -0.0162310991436243 -0.170385003089905
-373 0 0 -0.0158943999558687 -0.16805200278759
-372 0 0 -0.0155579997226596 -0.165702998638153
-371 0 0 -0.0152219999581575 -0.163337007164955
-370 0 0 -0.01488639973104 -0.160953998565674
-369 0 0 -0.014551299624145 -0.158553004264832
-368 0 0 -0.0142168998718262 -0.156134992837906
-367 0 0 -0.0138831995427608 -0.153697997331619
-366 0 0 -0.0135503998026252 -0.15124100446701
-365 0 0 -0.0132186999544501 -0.148765996098518
-364 0 0 -0.0128880003467202 -0.146270006895065
-363 0 0 -0.0125586995854974 -0.143754005432129
-362 0 0 -0.0122308004647493 -0.141216993331909
-361 0 0 -0.0119045004248619 -0.138659000396729
-360 0 0 -0.0115799000486732 -0.136080995202065
-359 0 0 -0.0112573001533747 -0.133481994271278
-358 0 0 -0.0109368003904819 -0.13086299598217
-357 0 0 -0.0106186997145414 -0.12822400033474
-356 0 0 -0.0103032002225518 -0.125566005706787
-355 0 0 -0.00999061018228531 -0.122890003025532
-354 0 0 -0.00968119967728853 -0.120199002325535
-353 0 0 -0.00937530025839806 -0.117495000362396
-352 0 0 -0.00907327979803085 -0.114779002964497
-351 0 0 -0.0087755499407649 -0.112057000398636
-350 14 4 -0.00848252978175879 -0.109330996870995
-349 0 0 -0.00819468963891268 -0.106605999171734
-348 0 0 -0.00791251007467508 -0.103887997567654
-347 0 0 -0.00763650983572006 -0.101184003055096
-346 0 0 -0.00736718019470572 -0.0984985008835793
-345 0 0 -0.00710501009598374 -0.09583979845047
-344 0 0 -0.00685046007856727 -0.0932146012783051
-343 0 0 -0.00660391990095377 -0.0906295999884605
-342 0 0 -0.00636572018265724 -0.0880915001034737
-341 0 0 -0.00613609002903104 -0.0856060013175011
-340 0 0 -0.00591519987210631 -0.0831781998276711
-339 0 0 -0.00570307997986674 -0.0808120965957642
-338 0 0 -0.0054996800608933 -0.0785107985138893
-337 0 0 -0.00530487997457385 -0.0762761011719704
-336 0 0 -0.00511847017332911 -0.0741090029478073
-335 0 0 -0.00494018010795116 -0.0720096975564957
-334 0 0 -0.00476968986913562 -0.0699772983789444
-333 0 0 -0.00460665998980403 -0.068010501563549
-332 0 0 -0.0044507198035717 -0.0661073997616768
-331 0 0 -0.00430148979648948 -0.0642658993601799
-330 0 0 -0.00415858998894691 -0.0624834001064301
-329 0 0 -0.0040216501802206 -0.0607571005821228
-328 0 0 -0.00389030994847417 -0.0590844005346298
-327 0 0 -0.00376421003602445 -0.0574623011052608
-326 0 0 -0.00364304007962346 -0.0558881014585495
-325 0 0 -0.00352645991370082 -0.0543588995933533
-324 0 0 -0.0034141899086535 -0.0528720989823341
-323 0 0 -0.0033059399574995 -0.0514249987900257
-322 0 0 -0.00320144998840988 -0.0500149987637997
-321 0 0 -0.00310046994127333 -0.0486396998167038
-320 0 0 -0.00300278002396226 -0.0472966991364956
-319 0 0 -0.00290815997868776 -0.045983798801899
-318 0 0 -0.00281641003675759 -0.0446987003087997
-317 0 0 -0.00272732996381819 -0.0434395000338554
-316 0 0 -0.00264076003804803 -0.0422038994729519
-315 0 0 -0.00255651003681123 -0.040990199893713
-314 0 0 -0.00247444002889097 -0.0397964008152485
-313 0 0 -0.00239439005963504 -0.0386205986142159
-312 0 0 -0.00231621996499598 -0.0374610014259815
-311 0 0 -0.00223979004658759 -0.0363157987594604
-310 0 0 -0.00216495990753174 -0.0351832993328571
-309 0 0 -0.00209161988459527 -0.0340617001056671
-308 0 0 -0.00201964005827904 -0.0329490005970001
-307 0 0 -0.0019488800317049 -0.0318435989320278
-306 0 0 -0.00187924003694206 -0.0307435002177954
-305 0 0 -0.00181058002635837 -0.0296465996652842
-304 0 0 -0.001742779975757 -0.0285509005188942
-303 0 0 -0.00167569995392114 -0.027453999966383
-302 0 0 -0.00160922005306929 -0.0263535995036364
-301 0 0 -0.00154316995758563 -0.0252468008548021
-300 13 4 -0.00147740996908396 -0.0241307001560926
-299 0 0 -0.00141174998134375 -0.0230014994740486
-298 0 0 -0.00136792997363955 -0.022239500656724
-297 0 0 -0.00132399995345622 -0.0214684996753931
-296 0 0 -0.00127987994346768 -0.0206869002431631
-295 0 0 -0.00123547995463014 -0.0198928993195295
-294 0 0 -0.00119070999789983 -0.0190843008458614
-293 0 0 -0.0011454300256446 -0.0182585995644331
-292 0 0 -0.00109953002538532 -0.0174126997590065
-291 0 0 -0.00106848997529596 -0.0168357994407415
-290 0 0 -0.00103704002685845 -0.0162470992654562
-289 0 0 -0.00100509996991605 -0.0156450998038054
-288 0 0 -0.000972596986684948 -0.0150279998779297
-287 0 0 -0.000939433986786753 -0.014393599703908
-286 0 0 -0.000916903023608029 -0.0139600001275539
-285 0 0 -0.000893988006282598 -0.0135166998952627
-284 0 0 -0.000870640971697867 -0.0130626996979117
-283 0 0 -0.000846809998620301 -0.0125968996435404
-282 0 0 -0.000822429021354765 -0.0121178003028035
-281 0 0 -0.000797423999756575 -0.0116239003837109
-280 0 0 -0.000780362985096872 -0.011285400018096
-279 0 0 -0.000762952025979757 -0.0109385997056961
-278 0 0 -0.000745154975447804 -0.0105828996747732
-277 0 0 -0.000726928992662579 -0.0102172000333667
-276 0 0 -0.000708225008565933 -0.00984058994799852
-275 0 0 -0.000688983011059463 -0.00945162028074265
-274 0 0 -0.000675820978358388 -0.00918473023921251
-273 0 0 -0.0006623649969697 -0.00891114957630634
-272 0 0 -0.000648586021270603 -0.00863028038293123
-271 0 0 -0.000634450989309698 -0.00834138970822096
-270 0 0 -0.000619922007899731 -0.00804368034005165
-269 0 0 -0.000604954024311155 -0.00773615017533302
-268 0 0 -0.000594706973060966 -0.00752511993050575
-267 0 0 -0.000584222027100623 -0.00730881979689002
-266 0 0 -0.000573479977902025 -0.00708679994568229
-265 0 0 -0.000562456029001623 -0.00685853976756334
-264 0 0 -0.000551122007891536 -0.00662343017756939
-263 0 0 -0.000539447006303817 -0.00638076988980174
-262 0 0 -0.000527392025105655 -0.00612973980605602
-261 0 0 -0.000519121997058392 -0.00595725979655981
-260 0 0 -0.000510648009367287 -0.00578028988093138
-259 0 0 -0.000501951028127223 -0.00559843983501196
-258 0 0 -0.000493012019433081 -0.00541127007454634
-257 0 0 -0.000483806012198329 -0.00521828001365066
-256 0 0 -0.000474306987598538 -0.00501886010169983
-255 0 0 -0.00046779599506408 -0.00488201016560197
-254 0 0 -0.000461127987364307 -0.00474175019189715
-253 0 0 -0.000454293010989204 -0.0045978301204741
-252 0 0 -0.000447275000624359 -0.00444993982091546
-251 0 0 -0.000440058996900916 -0.00429773004725575
-250 12 4 -0.000432627013651654 -0.00414081010967493
-249 0 0 -0.000424956990173087 -0.0039787101559341
-248 0 0 -0.000417024013586342 -0.00381091004237533
-247 0 0 -0.000408799998695031 -0.00363676995038986
-246 0 0 -0.000400249991798773 -0.00345554994419217
-245 0 0 -0.000391331996070221 -0.00326634990051389
-244 0 0 -0.000381996011128649 -0.00306809996254742
-243 0 0 -0.000372181995771825 -0.00285946996882558
-242 0 0 -0.000361812999472022 -0.00263880006968975
-241 0 0 -0.000350791000528261 -0.00240401993505657
-240 0 0 -0.000338995014317334 -0.00215246994048357
-239 0 0 -0.00032626700703986 -0.00188075995538384
-238 0 0 -0.000312407006276771 -0.00158454000484198
-237 0 0 -0.000297171995043755 -0.00125855999067426
-236 0 0 -0.000280312000541016 -0.000897413992788643
-235 0 0 -0.000241515997913666 -6.49744033580646E-05
-234 0 0 -0.000167866004630923 0.00151920004282147
-233 0 0 -7.93766012066044E-05 0.00342481001280248
-232 0 0 2.94274996122112E-05 0.00576270977035165
-231 0 0 0.00028872600523755 0.0112570002675056
-230 0 0 0.000639382982626557 0.018401900306344
-229 0 0 0.000940605998039246 0.0242535993456841
-228 0 0 0.00123495003208518 0.0297615006566048
-227 0 0 0.00153886002954096 0.0352966003119946
-226 0 0 0.00186312000732869 0.0411067008972168
-225 0 0 0.00221708999015391 0.0474217012524605
-224 0 0 0.00260994001291692 0.0544996000826359
-223 0 0 0.00304980995133519 0.0626512989401817
-222 0 0 0.00353921996429563 0.0722248032689095
-221 0 0 0.0040633799508214 0.0834710970520973
-220 0 0 0.00457580015063286 0.0962392017245293
-219 0 0 0.0050089699216187 0.109840996563435
-218 0 0 0.00531576992943883 0.123494997620583
-217 0 0 0.00548763014376163 0.136764004826546
216 11 2 0.00553986011072993 0.149516001343727
215 0 0 0.00551417982205749 0.158807992935181
214 0 0 0.00541335996240377 0.170718997716904
213 0 0 0.0052568600513041 0.1822389960289
212 0 0 0.00506418012082577 0.193432003259659
211 0 0 0.00485164998099208 0.204355001449585
210 0 0 0.00463256007060409 0.215056002140045
209 0 0 0.004417410120368 0.225576996803284
208 0 0 0.00421422021463513 0.235953003168106
207 0 0 0.00402892986312509 0.246215000748634
206 0 0 0.00386573001742363 0.256390005350113
205 0 0 0.00372739997692406 0.266501992940903
204 0 0 0.00361554999835789 0.276573002338409
203 0 0 0.00353094004094601 0.286623001098633
202 0 0 0.00347365997731686 0.296669006347656
201 0 0 0.0034432599786669 0.306730002164841
200 10 2 0.00343755003996193 0.313452005386353
-199 0 0 0.00344163994304836 0.31920599937439
-198 0 0 0.0034566200338304 0.325966000556946
-197 0 0 0.00348225003108382 0.332751005887985
-196 0 0 0.0035050599835813 0.33729100227356
-195 0 0 0.00353232002817094 0.341845005750656
-194 0 0 0.00356390001252294 0.346415996551514
-193 0 0 0.00359967001713812 0.351004004478455
-192 0 0 0.00363952992483974 0.355610013008118
-191 0 0 0.0036833300255239 0.360235989093781
-190 0 0 0.00373095995746553 0.364881992340088
-189 0 0 0.00378229003399611 0.369551002979279
-188 0 0 0.0038372001145035 0.37424299120903
-187 0 0 0.0038955700583756 0.378959000110626
-186 0 0 0.00395727017894387 0.383702009916306
-185 0 0 0.00402218010276556 0.388471007347107
-184 0 0 0.00409018993377686 0.39326798915863
-183 0 0 0.00416115997359157 0.398095011711121
-182 0 0 0.00423499988391995 0.402952998876572
-181 0 0 0.00431156996637583 0.407842993736267
-180 0 0 0.00439075985923409 0.412766009569168
-179 0 0 0.00447246013209224 0.417724013328552
-178 0 0 0.00455655017867684 0.422717988491058
-177 0 0 0.00464292988181114 0.427749007940292
-176 0 0 0.00473146978765726 0.432819008827209
-175 0 0 0.00482206977903843 0.43792998790741
-174 0 0 0.00491461995989084 0.443080991506577
-173 0 0 0.00500900018960238 0.44827601313591
-172 0 0 0.00510510988533497 0.453516006469727
-171 0 0 0.00520284008234739 0.458801001310349
-170 0 0 0.00530207995325327 0.464134007692337
-169 0 0 0.00536902016028762 0.467716991901398
-168 0 0 0.0054365498945117 0.471322000026703
-167 0 0 0.00550463981926441 0.47494900226593
-166 0 0 0.00557324988767505 0.47859999537468
-165 0 0 0.00564236007630825 0.482275009155273
-164 0 0 0.00571192009374499 0.485974013805389
-163 0 0 0.00578190013766289 0.489697992801666
-162 0 0 0.00585228018462658 0.493447989225388
-161 0 0 0.00592300994321704 0.497222989797592
-160 0 0 0.0059940698556602 0.501024007797241
-159 0 0 0.00606541987508535 0.504851996898651
-158 0 0 0.00613701995462179 0.508708000183105
-157 0 0 0.00620883982628584 0.512592017650604
-156 0 0 0.0062808501534164 0.516505002975464
-155 0 0 0.00635300017893314 0.520447015762329
-154 0 0 0.00642526987940073 0.524417996406555
-153 0 0 0.00649762013927102 0.528419971466064
-152 0 0 0.0065700002014637 0.532453000545502
-151 0 0 0.00664239004254341 0.536517977714539
-150 9 4 0.00671473983675241 0.540615022182465
-149 0 0 0.00678701978176832 0.544745028018951
-148 0 0 0.00685918983072042 0.548907995223999
-147 0 0 0.00693120015785098 0.553106009960175
-146 0 0 0.00700302002951503 0.557337999343872
-145 0 0 0.00707460008561611 0.561607003211975
-144 0 0 0.00714591005817056 0.565910995006561
-143 0 0 0.0072168898768723 0.570253014564514
-142 0 0 0.00728751998394728 0.574631989002228
-141 0 0 0.00735773984342813 0.579050004482269
-140 0 0 0.00742750009521842 0.583507001399994
-139 0 0 0.00749677000567317 0.588003993034363
-138 0 0 0.00756550021469593 0.592541992664337
-137 0 0 0.00763363018631935 0.597122013568878
-136 0 0 0.00770111987367272 0.601743996143341
-135 0 0 0.00776793016120791 0.606409013271332
-134 0 0 0.00783399026840925 0.611118018627167
-133 0 0 0.00789926014840603 0.615872025489807
-132 0 0 0.0079636899754405 0.620673000812531
-131 0 0 0.0080272201448679 0.625518977642059
-130 0 0 0.00808980036526918 0.630414009094238
-129 0 0 0.00815138034522533 0.6353560090065
-128 0 0 0.00821189023554325 0.640348970890045
-127 0 0 0.00827127974480391 0.64539098739624
-126 0 0 0.0083294901996851 0.650484979152679
-125 0 0 0.00838647037744522 0.655631005764008
-124 0 0 0.00844214018434286 0.660830974578857
-123 0 0 0.00849645957350731 0.666083991527557
-122 0 0 0.0085493503138423 0.671392977237701
-121 0 0 0.00860076025128365 0.676757991313934
-120 0 0 0.00865061022341251 0.682181000709534
-119 0 0 0.00869884993880987 0.687660992145538
-118 0 0 0.00874540954828262 0.693202018737793
-117 0 0 0.00879020988941193 0.69880199432373
-116 0 0 0.0088332099840045 0.704464972019196
-115 0 0 0.00887431018054485 0.710189998149872
-114 0 0 0.00891346018761396 0.715978026390076
-113 0 0 0.00895059015601873 0.721831977367401
-112 0 0 0.00898563023656607 0.727751970291138
-111 0 0 0.00901850033551455 0.733738005161285
-110 0 0 0.00904913991689682 0.739793002605438
-109 0 0 0.00907746981829405 0.745917975902557
-108 0 0 0.00910343043506145 0.752112984657288
-107 0 0 0.00912693981081247 0.758379995822906
-106 0 0 0.00914794020354748 0.764719009399414
-105 0 0 0.0091663496568799 0.771133005619049
-104 0 0 0.00918211042881012 0.777621984481812
-103 0 0 0.00919514987617731 0.784187018871307
-102 0 0 0.00920540001243353 0.790830016136169
-101 0 0 0.00921280030161142 0.797550976276398
-100 8 4 0.00921729020774364 0.804352998733521
99 7 2 0.0092187998816371 0.811235010623932
98 0 0 0.00921753980219364 0.817538976669312
97 0 0 0.00921322032809258 0.824577987194061
96 0 0 0.00920575018972158 0.8317009806633
95 0 0 0.00919509027153254 0.838909983634949
94 0 0 0.0091811902821064 0.846203982830048
93 0 0 0.00916401017457247 0.85358601808548
92 0 0 0.00914350990206003 0.8610560297966
91 0 0 0.00911964010447264 0.868614971637726
90 0 0 0.00909238960593939 0.876263976097107
89 0 0 0.00906172953546047 0.88400399684906
88 0 0 0.00902764033526182 0.89183497428894
87 0 0 0.00899009965360165 0.899758994579315
86 0 0 0.00894911028444767 0.907777011394501
85 0 0 0.00890467036515474 0.915888011455536
84 0 0 0.00885679014027119 0.924094021320343
83 0 0 0.00880547985434532 0.932395994663239
82 0 0 0.00875075999647379 0.940792977809906
81 0 0 0.00869266968220472 0.949285984039307
80 0 0 0.00863123964518309 0.957876026630402
79 0 0 0.00856652017682791 0.966563999652863
78 0 0 0.00849856995046139 0.975347995758057
77 0 0 0.0084274597465992 0.984230995178223
76 0 0 0.00835326034575701 0.993210971355438
75 0 0 0.00827604997903109 1.00229001045227
74 0 0 0.00819594040513039 1.01146996021271
73 0 0 0.00811300985515118 1.02074003219604
72 0 0 0.0080273998901248 1.03011000156403
71 0 0 0.00793922040611506 1.03957998752594
70 0 0 0.00784861017018557 1.04914999008179
69 0 0 0.00775570003315806 1.05880999565125
68 0 0 0.00766065996140242 1.06857001781464
67 0 0 0.0075636301189661 1.07843005657196
66 0 0 0.00746480002999306 1.08837997913361
65 0 0 0.00736432988196611 1.09843003749847
64 0 0 0.00726241013035178 1.10856997966766
63 0 0 0.00715924007818103 1.11881005764008
62 0 0 0.00705501018092036 1.12914001941681
61 0 0 0.00694994023069739 1.13955998420715
60 0 0 0.00684422021731734 1.15006995201111
59 0 0 0.00673808017745614 1.16068005561829
58 0 0 0.00663175014778972 1.17137002944946
57 0 0 0.00652544014155865 1.18215000629425
56 0 0 0.00641938019543886 1.19301998615265
55 0 0 0.00631381012499332 1.20397996902466
54 0 0 0.00620895018801093 1.21501994132996
53 0 0 0.00610504997894168 1.22614002227783
52 0 0 0.00600233022123575 1.23734998703003
51 0 0 0.00590104004368186 1.24863994121552
50 6 4 0.00580140016973019 1.2600200176239
49 0 0 0.00570364994928241 1.27146995067596
48 0 0 0.00560801010578871 1.28299999237061
47 0 0 0.00551471998915076 1.29461002349854
46 0 0 0.00542399985715747 1.30629003047943
45 0 0 0.00533606018871069 1.31805002689362
44 0 0 0.00525113008916378 1.32987999916077
43 0 0 0.00516940979287028 1.34178996086121
42 0 0 0.00509112002328038 1.3537700176239
41 0 0 0.00501644983887672 1.36581003665924
40 0 0 0.00494559016078711 1.37793004512787
39 0 0 0.00487873004749417 1.39012002944946
38 0 0 0.00481605995446444 1.4023699760437
37 0 0 0.00475774984806776 1.4146900177002
36 0 0 0.00470395991578698 1.42707002162933
35 0 0 0.00465486012399197 1.43952000141144
34 0 0 0.00461059017106891 1.45202994346619
33 0 0 0.00457130977883935 1.46460998058319
32 0 0 0.00453716004267335 1.47723996639252
31 0 0 0.00450824992731214 1.4899400472641
30 0 0 0.00448470981791615 1.50268995761871
29 0 0 0.00446665985509753 1.51550996303558
28 0 0 0.00445420993492007 1.52838003635406
27 0 0 0.00444744993001223 1.5413099527359
26 5 2 0.00444616004824638 1.54996001720428
-25 0 0 0.00444624992087483 1.55228996276855
-24 0 0 0.00444826018065214 1.56096994876862
-23 0 0 0.00445290002971888 1.56967997550964
-22 0 0 0.00446018017828465 1.57841002941132
-21 0 0 0.00447014020755887 1.58715999126434
-20 0 0 0.00448278989642859 1.59593999385834
-19 0 0 0.0044981399551034 1.60474002361298
-18 0 0 0.00451622996479273 1.61355996131897
-17 0 0 0.00453705992549658 1.62241005897522
-16 0 0 0.00456064008176327 1.63127994537354
-15 0 0 0.00458698999136686 1.64016997814178
-14 0 0 0.00461613014340401 1.649090051651
-13 0 0 0.00464804982766509 1.65803003311157
-12 0 0 0.00468277977779508 1.66699004173279
-11 0 0 0.00472031999379396 1.67596995830536
-10 0 0 0.0047606797888875 1.68497002124786
-9 0 0 0.00480386009439826 1.69400000572205
-8 0 0 0.00484987022355199 1.70305001735687
-7 0 0 0.00489871017634869 1.71212005615234
-6 0 0 0.00493285013362765 1.71817004680634
-5 0 0 0.00495631014928222 1.72221994400024
-4 0 0 0.00497225997969508 1.72492003440857
-3 0 0 0.00498302979394794 1.7267199754715
-2 0 0 0.004990269895643 1.7279200553894
1 0 0 0.00499999988824129 1.72951996326447
1 0 0 0.00499999988824129 1.72951996326447
-2 0 0 0.00500982999801636 1.73111999034882
-3 0 0 0.00501724984496832 1.73231995105743
-4 0 0 0.00502848019823432 1.73412001132965
-5 0 0 0.00504552992060781 1.73682999610901
-6 0 0 0.00507157016545534 1.74089002609253
-7 0 0 0.00511167990043759 1.74698996543884
-8 0 0 0.00517422007396817 1.75616002082825
-9 0 0 0.00527333980426192 1.76995003223419
-10 0 0 0.00537884002551436 1.78378999233246
-11 0 0 0.00549069978296757 1.79767000675201
-12 0 0 0.00560891022905707 1.81159996986389
-13 0 0 0.00573344016447663 1.82556998729706
-14 0 0 0.00586427981033921 1.83958995342255
-15 0 0 0.00600139005109668 1.85364997386932
-16 0 0 0.0061447499319911 1.86775004863739
-17 0 0 0.00629431987181306 1.88189005851746
-18 0 0 0.00645007006824017 1.89607000350952
-19 0 0 0.00661196000874043 1.9103000164032
-20 0 0 0.0067799398675561 1.92456996440887
-21 0 0 0.00695397006347775 1.93886995315552
-22 0 0 0.00713401008397341 1.95322000980377
-23 0 0 0.00732001010328531 1.96761000156403
-24 0 0 0.00751191982999444 1.98203003406525
-25 0 0 0.00770968990400434 1.99650001525879
-26 0 0 0.00791327003389597 2.01099991798401
-27 0 0 0.00812259037047625 2.02554988861084
-28 0 0 0.00833761040121317 2.04012989997864
-29 0 0 0.00855826959013939 2.0547399520874
-30 0 0 0.00878451019525528 2.06940007209778
-31 0 0 0.00901626981794834 2.08408999443054
-32 0 0 0.00925348978489637 2.09881997108459
-33 0 0 0.00949610956013203 2.11357998847961
-34 0 0 0.00974406953901052 2.12838006019592
-35 0 0 0.00999731011688709 2.14320993423462
-36 0 0 0.0102557996287942 2.15808010101318
-37 0 0 0.0105192996561527 2.17299008369446
-38 0 0 0.0107880001887679 2.18792009353638
-39 0 0 0.0110617000609636 2.20288991928101
-40 0 0 0.0113404002040625 2.2179000377655
-41 0 0 0.0116239003837109 2.23292994499207
-42 0 0 0.0119123002514243 2.24799990653992
-43 0 0 0.0122053995728493 2.26309990882874
-44 0 0 0.0125032998621464 2.27823996543884
-45 0 0 0.012805700302124 2.29340004920959
-46 0 0 0.0131126996129751 2.30859994888306
-47 0 0 0.0134242996573448 2.32382011413574
-48 0 0 0.0137401996180415 2.33908009529114
-49 0 0 0.0140605997294188 2.3543701171875
-50 2 4 0.0143852001056075 2.36967992782593
-51 0 0 0.0147141003981233 2.38503003120422
-52 0 0 0.015047200024128 2.40039992332458
-53 0 0 0.0153844002634287 2.41581010818481
-54 0 0 0.0157255996018648 2.43124008178711
-55 0 0 0.0160707999020815 2.44670009613037
-56 0 0 0.0164199993014336 2.4621798992157
-57 0 0 0.0167730003595352 2.47768998146057
-58 0 0 0.0171298999339342 2.49323010444641
-59 0 0 0.0174904000014067 2.50880002975464
-60 0 0 0.0178546998649836 2.52438998222351
-61 0 0 0.0182226002216339 2.54000997543335
-62 0 0 0.0185940992087126 2.55564999580383
-63 0 0 0.0189689993858337 2.57132005691528
-64 0 0 0.0193475000560284 2.5870099067688
-65 0 0 0.0197292994707823 2.60273003578186
-66 0 0 0.0201143994927406 2.61846995353699
-67 0 0 0.0205029007047415 2.63422989845276
-68 0 0 0.0208946000784636 2.6500198841095
-69 0 0 0.0212894007563591 2.66582989692688
-70 0 0 0.021687300875783 2.68165993690491
-71 0 0 0.0220883991569281 2.69751000404358
-72 0 0 0.0224923994392157 2.71339011192322
-73 0 0 0.0228994004428387 2.72929000854492
-74 0 0 0.0233092997223139 2.74519991874695
-75 0 0 0.0237220004200935 2.76114010810852
-76 0 0 0.0241375993937254 2.77710008621216
-77 0 0 0.0245558992028236 2.79308009147644
-78 0 0 0.0249768998473883 2.80907988548279
-79 0 0 0.0254005994647741 2.82509994506836
-80 0 0 0.0258268993347883 2.84114003181458
-81 0 0 0.0262557994574308 2.85718989372253
-82 0 0 0.0266871992498636 2.87327003479004
-83 0 0 0.0271211005747318 2.88935995101929
-84 0 0 0.0275573991239071 2.9054799079895
-85 0 0 0.0279961004853249 2.9216001033783
-86 0 0 0.0284371003508568 2.93775010108948
-87 0 0 0.0288804993033409 2.95391011238098
-88 0 0 0.0293260999023914 2.97009992599487
-89 0 0 0.0297739002853632 2.98628997802734
-90 0 0 0.0302239004522562 3.00251007080078
-91 0 0 0.0306759998202324 3.01872992515564
-92 0 0 0.0311302002519369 3.03498005867004
-93 0 0 0.0315865017473698 3.05123996734619
-94 0 0 0.0320448018610477 3.06750988960266
-95 0 0 0.0325051993131638 3.08380007743835
-96 0 0 0.0329673998057842 3.10011005401611
-97 0 0 0.033431600779295 3.11643004417419
-98 0 0 0.0338976010680199 3.1327600479126
-99 0 0 0.034365501254797 3.14911007881165
-100 3 4 0.0348352007567883 3.16546988487244
-101 0 0 0.0353065989911556 3.18183994293213
-102 0 0 0.0357799008488655 3.19823002815247
-103 0 0 0.0362548008561134 3.21462988853455
-104 0 0 0.0367313995957375 3.23104000091553
-105 0 0 0.0372096002101898 3.24745988845825
-106 0 0 0.0376894995570183 3.2639000415802
-107 0 0 0.038170900195837 3.28034996986389
-108 0 0 0.0386538989841938 3.29680991172791
-109 0 0 0.0391383990645409 3.31328010559082
-110 0 0 0.0396244004368782 3.3297700881958
-111 0 0 0.0401118993759155 3.34626007080078
-112 0 0 0.040845800191164 3.37102007865906
-113 0 0 0.0415829010307789 3.39580988883972
-114 0 0 0.042323000729084 3.42060995101929
-115 0 0 0.0430660992860794 3.44545006752014
-116 0 0 0.0438120998442173 3.47029995918274
-117 0 0 0.0445609018206596 3.49517011642456
-118 0 0 0.0453124009072781 3.52007007598877
-119 0 0 0.0460666008293629 3.5449800491333
-120 0 0 0.046823401004076 3.5699200630188
-121 0 0 0.0475827008485794 3.59487009048462
-122 0 0 0.048344399780035 3.6198399066925
-123 0 0 0.0491085015237331 3.64482998847961
-124 0 0 0.0498749017715454 3.66983008384705
-125 4 9 0.0506434999406338 3.69485998153687
