-318 18 9 -0.0503376014530659 -0.381390005350113
-317 0 0 -0.0495047010481358 -0.375140994787216
-316 0 0 -0.0486715994775295 -0.368932992219925
-315 0 0 -0.0478377006947994 -0.362762004137039
-314 0 0 -0.047002200037241 -0.356628000736237
-313 0 0 -0.0461645983159542 -0.350524991750717
-312 0 0 -0.0453241989016533 -0.344453006982803
-311 0 0 -0.0444802008569241 -0.33840799331665
-310 0 0 -0.0436322018504143 -0.332388013601303
-309 0 0 -0.0427794009447098 -0.326389014720917
-308 0 0 -0.0419211015105247 -0.320408999919891
-307 0 0 -0.0410565994679928 -0.314444988965988
-306 0 0 -0.0401854999363422 -0.308494001626968
-305 0 0 -0.0393069013953209 -0.30255401134491
-304 0 0 -0.0387166999280453 -0.298597007989883
-303 0 0 -0.0381227992475033 -0.294643014669418
-302 0 0 -0.037524901330471 -0.290690004825592
-301 0 0 -0.036922998726368 -0.286736994981766
-300 17 4 -0.0363167002797127 -0.282783001661301
-299 0 0 -0.0357060991227627 -0.278827995061874
-298 0 0 -0.0350908003747463 -0.274868994951248
-297 0 0 -0.0344709008932114 -0.270907014608383
-296 0 0 -0.0338460989296436 -0.266939014196396
-295 0 0 -0.0332163982093334 -0.262964993715286
-294 0 0 -0.0325815007090569 -0.258983999490738
-293 0 0 -0.0319416001439095 -0.254994004964828
-292 0 0 -0.0312963984906673 -0.250993013381958
-291 0 0 -0.0308634005486965 -0.248319998383522
-290 0 0 -0.0304281003773212 -0.245640993118286
-289 0 0 -0.0299903005361557 -0.24295599758625
-288 0 0 -0.0295503009110689 -0.240264996886253
-287 0 0 -0.0291079003363848 -0.237565994262695
-286 0 0 -0.0286631006747484 -0.234861001372337
-285 0 0 -0.0282160993665457 -0.232146993279457
-284 0 0 -0.0277667995542288 -0.229425996541977
-283 0 0 -0.0273151993751526 -0.226695001125336
-282 0 0 -0.0268613994121552 -0.223955005407333
-281 0 0 -0.0264053996652365 -0.221204996109009
-280 0 0 -0.0259473007172346 -0.218444004654884
-279 0 0 -0.0254871007055044 -0.215672999620438
-278 0 0 -0.025025000795722 -0.21288900077343
-277 0 0 -0.0245609004050493 -0.210094004869461
-276 0 0 -0.0240949001163244 -0.20728500187397
-275 0 0 -0.0236271992325783 -0.204462006688118
-274 0 0 -0.0231579001992941 -0.201625004410744
-273 0 0 -0.0226869992911816 -0.198772996664047
-272 0 0 -0.0222148001194 -0.19590599834919
-271 0 0 -0.0217412002384663 -0.19302099943161
-270 0 0 -0.0212664995342493 -0.190118998289108
-269 0 0 -0.0207908004522324 -0.187198996543884
-268 0 0 -0.0203143004328012 -0.184260994195938
-267 0 0 -0.0198372006416321 -0.18130199611187
-266 0 0 -0.0193595997989178 -0.178323000669479
-265 0 0 -0.0188817996531725 -0.175321996212006
-264 0 0 -0.0184039007872343 -0.17229899764061
-263 0 0 -0.0179261993616819 -0.169253006577492
-262 0 0 -0.0174490008503199 -0.166183993220329
-261 0 0 -0.0169724002480507 -0.163090005517006
-260 0 0 -0.0164969004690647 -0.159970998764038
-259 0 0 -0.0160227008163929 -0.156827002763748
-258 0 0 -0.0155501002445817 -0.153657004237175
-257 0 0 -0.0150795001536608 -0.150461003184319
-256 0 0 -0.0146113997325301 -0.147238999605179
-255 0 0 -0.0141460001468658 -0.143993005156517
-254 0 0 -0.0136839998885989 -0.140723004937172
-253 0 0 -0.013225800357759 -0.137429997324944
-252 0 0 -0.012772100046277 -0.134115993976593
-251 0 0 -0.0123234996572137 -0.130786001682281
-250 16 4 -0.0118805998936296 -0.127442002296448
-249 0 0 -0.0114444997161627 -0.124090000987053
-248 0 0 -0.0110157998278737 -0.120737001299858
-247 0 0 -0.0105954995378852 -0.117388002574444
-246 0 0 -0.0101846996694803 -0.114054001867771
-245 0 0 -0.00978436041623354 -0.110743999481201
-244 0 0 -0.0093954699113965 -0.107468999922276
-243 0 0 -0.00901900045573711 -0.104239001870155
-242 0 0 -0.00865579955279827 -0.101066999137402
-241 0 0 -0.00830657966434956 -0.0979612991213799
-240 0 0 -0.00797186978161335 -0.0949330031871796
-239 0 0 -0.00765196001157165 -0.091989703476429
-238 0 0 -0.00734695978462696 -0.0891378968954086
-237 0 0 -0.00705674989148974 -0.0863818004727364
-236 0 0 -0.00678100995719433 -0.0837239027023315
-235 0 0 -0.00651929015293717 -0.0811648964881897
-234 0 0 -0.00627100002020597 -0.0787039995193481
-233 0 0 -0.00603550020605326 -0.0763392001390457
-232 0 0 -0.00581206008791924 -0.0740675032138824
-231 0 0 -0.00559996021911502 -0.0718851983547211
-230 0 0 -0.00539846997708082 -0.0697880983352661
-229 0 0 -0.00520686991512775 -0.0677718967199326
-228 0 0 -0.00502448016777635 -0.0658319965004921
-227 0 0 -0.00485065020620823 -0.0639638975262642
-226 0 0 -0.00468474999070168 -0.0621632002294064
-225 0 0 -0.0045262398198247 -0.0604255981743336
-224 0 0 -0.00437455996870995 -0.0587469004094601
-223 0 0 -0.00422922987490892 -0.0571232996881008
-222 0 0 -0.00408980017527938 -0.0555508993566036
-221 0 0 -0.00395584013313055 -0.054026298224926
-220 0 0 -0.00382698001340032 -0.0525461994111538
-219 0 0 -0.00370286009274423 -0.0511074997484684
-218 0 0 -0.00358314998447895 -0.0497070997953415
-217 0 0 -0.00346754002384841 -0.0483422987163067
-216 0 0 -0.00335576990619302 -0.047010600566864
-215 0 0 -0.00324757001362741 -0.0457094013690948
-214 0 0 -0.00314270006492734 -0.0444363988935947
-213 0 0 -0.00304094003513455 -0.0431893989443779
-212 0 0 -0.00294207991100848 -0.041966300457716
-211 0 0 -0.00284592993557453 -0.0407649986445904
-210 0 0 -0.00275229988619685 -0.0395836010575294
-209 0 0 -0.00266103004105389 -0.0384200997650623
-208 0 0 -0.00257193995639682 -0.0372727997601032
-207 0 0 -0.00248488993383944 -0.0361398011445999
-206 0 0 -0.00239973003044724 -0.0350193008780479
-205 0 0 -0.0023163000587374 -0.0339094996452332
-204 0 0 -0.00223448011092842 -0.0328086987137794
-203 0 0 -0.00215412001125515 -0.0317149013280869
-202 0 0 -0.00207509007304907 -0.0306263007223606
-201 0 0 -0.00199723988771439 -0.0295409001410007
-200 15 4 -0.00192044000141323 -0.0284566003829241
-199 0 0 -0.00184455001726747 -0.0273711998015642
-198 0 0 -0.00176941999234259 -0.026282200589776
-197 0 0 -0.00169487996026874 -0.025186900049448
-196 0 0 -0.00162075995467603 -0.0240822993218899
-195 0 0 -0.00154686998575926 -0.0229649003595114
-194 0 0 -0.00147298001684248 -0.0218307003378868
-193 0 0 -0.00139883998781443 -0.0206748005002737
-192 0 0 -0.00134912005160004 -0.0198893006891012
-191 0 0 -0.00129905005451292 -0.0190894994884729
-190 0 0 -0.00124849996063858 -0.0182728990912437
-189 0 0 -0.00119732995517552 -0.0174366999417543
-188 0 0 -0.00114534003660083 -0.0165771003812551
-187 0 0 -0.00111011997796595 -0.0159889999777079
-186 0 0 -0.00107436999678612 -0.0153871001675725
-185 0 0 -0.00103798997588456 -0.0147695001214743
-184 0 0 -0.00100087001919746 -0.0141340000554919
-183 0 0 -0.000962881022132933 -0.0134778004139662
-182 0 0 -0.000936985015869141 -0.0130273001268506
-181 0 0 -0.000910567992832512 -0.0125649999827147
-180 0 0 -0.000883559987414628 -0.0120895002037287
-179 0 0 -0.000855877995491028 -0.0115991998463869
-178 0 0 -0.000827419979032129 -0.0110919997096062
-177 0 0 -0.000807958014775068 -0.0107433004304767
-176 0 0 -0.000788054021541029 -0.0103850997984409
-175 0 0 -0.000767656019888818 -0.0100165996700525
-174 0 0 -0.000746704987250268 -0.00963633973151445
-173 0 0 -0.000725128978956491 -0.00924304965883493
-172 0 0 -0.000702839985024184 -0.00883498042821884
-171 0 0 -0.000687533989548683 -0.00855368003249168
-170 0 0 -0.000671825022436678 -0.00826412998139858
-169 0 0 -0.000655670010019094 -0.0079654399305582
-168 0 0 -0.000639015983324498 -0.00765657983720303
-167 0 0 -0.000621800019871444 -0.00733629008755088
-166 0 0 -0.000609971990343183 -0.00711567001417279
-165 0 0 -0.000597834005020559 -0.00688877981156111
-164 0 0 -0.000585353001952171 -0.0066550001502037
-163 0 0 -0.000572493008803576 -0.00641359016299248
-162 0 0 -0.000559211010113358 -0.00616370979696512
-161 0 0 -0.000545453978702426 -0.00590434018522501
-160 0 0 -0.00053598900558427 -0.00572554022073746
-159 0 0 -0.000526262971106917 -0.00554154999554157
-158 0 0 -0.00051624997286126 -0.00535186007618904
-157 0 0 -0.000505922012962401 -0.00515587022528052
-156 0 0 -0.000495241023600101 -0.00495290011167526
-155 0 0 -0.000484165997477248 -0.00474211992695928
-154 0 0 -0.000476540008094162 -0.0045967698097229
-153 0 0 -0.000468698010081425 -0.00444717006757855
-152 0 0 -0.000460620009107515 -0.0042929002083838
-151 0 0 -0.000452283013146371 -0.00413348991423845
-150 14 4 -0.00044365698704496 -0.00396841019392014
-149 0 0 -0.000434710003901273 -0.00379698001779616
-148 0 0 -0.000428547005867586 -0.00367880007252097
-147 0 0 -0.000422209996031597 -0.0035571800544858
-146 0 0 -0.000415682996390387 -0.00343181006610394
-145 0 0 -0.000408947002142668 -0.00330233993008733
-144 0 0 -0.000401980010792613 -0.00316833006218076
-143 0 0 -0.000394758011680096 -0.00302929989993572
-142 0 0 -0.000389786000596359 -0.0029335399158299
-141 0 0 -0.000384676997782663 -0.00283508002758026
-140 0 0 -0.000379420001991093 -0.00273368996568024
-139 0 0 -0.000373999995645136 -0.00262912991456687
-138 0 0 -0.000368401990272105 -0.0025210699532181
-137 0 0 -0.000362608989235014 -0.0024091899394989
-136 0 0 -0.000356600008672103 -0.00229306006804109
-135 0 0 -0.00035034999018535 -0.00217222003266215
-134 0 0 -0.000343830994097516 -0.00204611010849476
-133 0 0 -0.000337008998030797 -0.00191404996439815
-132 0 0 -0.000329842994688079 -0.00177524995524436
-131 0 0 -0.000322283012792468 -0.00162873999215662
-130 0 0 -0.000314269011141732 -0.00147333997301757
-129 0 0 -0.000305730005493388 -0.00130767002701759
-128 0 0 -0.000296582002192736 -0.00113005994353443
-127 0 0 -0.000286730995867401 -0.000938680022954941
-126 0 0 -0.000276086997473612 -0.000731774023734033
-125 0 0 -0.000252261001151055 -0.000268163013970479
-124 0 0 -0.000160714000230655 0.0015169499674812
-123 0 0 -6.7691900767386E-05 0.00333208008669317
-122 0 0 4.41226984548848E-05 0.00550633994862437
-121 0 0 0.000194349006051198 0.00839782971888781
-120 0 0 0.000310455012368038 0.0105980997905135
-119 0 0 0.000411023997003213 0.012474300339818
-118 0 0 0.000502603012137115 0.0141567997634411
-117 0 0 0.000588396971579641 0.0157095994800329
-116 0 0 0.000670257024466991 0.0171700995415449
-115 0 0 0.000749371014535427 0.0185621995478868
-114 0 0 0.00082655600272119 0.0199024993926287
-113 0 0 0.000902407977264374 0.0212031006813049
-112 0 0 0.00097738194745034 0.0224731992930174
-111 0 0 0.00105183001141995 0.0237201005220413
-110 0 0 0.00112606002949178 0.024949699640274
-109 0 0 0.00120029994286597 0.0261668991297483
-108 0 0 0.00124990998301655 0.0269735995680094
-107 0 0 0.00129967997781932 0.0277779009193182
-106 0 0 0.00134965998586267 0.0285806991159916
-105 0 0 0.00139989994931966 0.0293831005692482
-104 0 0 0.00145044003147632 0.0301859006285667
-103 0 0 0.00150133005809039 0.0309900008141994
-102 0 0 0.00155260995961726 0.0317962989211082
-101 0 0 0.00160432001575828 0.0326053984463215
-100 13 4 0.00165650004055351 0.0334183014929295
-99 0 0 0.00170918996445835 0.0342356003820896
-98 0 0 0.00176242005545646 0.0350580997765064
-97 0 0 0.00181624002289027 0.0358866006135941
-96 0 0 0.00187068001832813 0.0367215983569622
-95 0 0 0.00192577997222543 0.0375640988349915
-94 0 0 0.00198157993145287 0.0384147018194199
-93 0 0 0.00201917998492718 0.0389866009354591
-92 0 0 0.00205711997114122 0.039562601596117
-91 0 0 0.002095399890095 0.0401430986821651
-90 0 0 0.00213405000977218 0.0407280996441841
-89 0 0 0.00217306008562446 0.0413179993629456
-88 0 0 0.00221245991997421 0.0419128984212875
-87 0 0 0.0022522599902004 0.0425130985677242
-86 0 0 0.00229245005175471 0.0431189015507698
-85 0 0 0.00233306991867721 0.0437305010855198
-84 0 0 0.00237412005662918 0.0443480983376503
-83 0 0 0.00241561001166701 0.0449719987809658
-82 0 0 0.00245755002833903 0.0456025004386902
-81 0 0 0.00249995989724994 0.0462398007512093
-80 0 0 0.0025428500957787 0.046884298324585
-79 0 0 0.00258622993715107 0.0475361011922359
-78 0 0 0.00263011991046369 0.0481956005096436
-77 0 0 0.00267453002743423 0.0488631017506123
-76 0 0 0.00271947006694973 0.0495389997959137
-75 0 0 0.00276495004072785 0.0502233989536762
-74 0 0 0.00279559008777142 0.0506846010684967
-73 0 0 0.00282647996209562 0.0511499010026455
-72 0 0 0.00285761989653111 0.0516193993389606
-71 0 0 0.00288902991451323 0.0520932003855705
-70 0 0 0.00292070000432432 0.0525713004171848
-69 0 0 0.0029526399448514 0.0530540011823177
-68 0 0 0.0029848599806428 0.0535411983728409
-67 0 0 0.00301735009998083 0.054033201187849
-66 0 0 0.00305013009347022 0.0545299984514713
-65 0 0 0.00308318994939327 0.0550316981971264
-64 0 0 0.003116549924016 0.0555385015904903
-63 0 0 0.00315020000562072 0.0560505017638206
-62 0 0 0.00318414997309446 0.0565677992999554
-61 0 0 0.00321841007098556 0.0570905990898609
-60 0 0 0.00325297005474567 0.0576189011335373
-59 0 0 0.0032878399360925 0.05815289914608
-58 0 0 0.00332302995957434 0.0586927011609077
-57 0 0 0.00335854990407825 0.0592386014759541
-56 0 0 0.0033943799789995 0.0597904995083809
-55 0 0 0.00343054998666048 0.0603487007319927
-54 0 0 0.00346703990362585 0.0609132014214993
-53 0 0 0.00350386998616159 0.0614842996001244
-52 0 0 0.00354105001315475 0.0620620995759964
-51 0 0 0.00357855996116996 0.0626467987895012
-50 12 4 0.00361642008647323 0.0632383972406387
-49 0 0 0.00364185008220375 0.063636802136898
-48 0 0 0.00366745004430413 0.0640384033322334
-47 0 0 0.00369318993762136 0.0644432976841927
-46 0 0 0.00371910003013909 0.0648515000939369
-45 0 0 0.00374516006559134 0.0652630999684334
-44 0 0 0.00377138005569577 0.065678097307682
-43 0 0 0.0037977600004524 0.0660965964198112
-42 0 0 0.00382430991157889 0.0665185004472733
-41 0 0 0.00385100999847054 0.0669440999627113
-40 0 0 0.00387787004001439 0.06737320125103
-39 0 0 0.00390490004792809 0.0678059980273247
-38 0 0 0.00393208023160696 0.0682424977421761
-37 0 0 0.00395942991599441 0.0686827972531319
-36 0 0 0.00398693978786469 0.0691267997026443
-35 0 0 0.0040146098472178 0.0695748031139374
-34 0 0 0.00404244987294078 0.0700265988707542
-33 0 0 0.00407043984159827 0.0704824030399323
-32 0 0 0.00409859977662563 0.0709422007203102
-31 0 0 0.00412691012024879 0.0714059993624687
-30 0 0 0.00415538996458054 0.0718740001320839
-29 0 0 0.00418402021750808 0.0723460018634796
-28 0 0 0.0042128199711442 0.0728223025798798
-27 0 0 0.00424177013337612 0.0733029022812843
-26 0 0 0.00427086977288127 0.073787696659565
-25 0 0 0.00430013006553054 0.0742767974734306
-24 0 0 0.00432955008000135 0.0747703015804291
-23 0 0 0.00435910979285836 0.0752682983875275
-22 0 0 0.00438881991431117 0.0757706016302109
-21 0 0 0.00441869022324681 0.0762775018811226
-20 0 0 0.00444868998602033 0.0767889991402626
-19 0 0 0.00447884015738964 0.0773049965500832
-18 0 0 0.00450913002714515 0.0778255984187126
-17 0 0 0.00453954981639981 0.0783509016036987
-16 0 0 0.00457010976970196 0.0788808017969131
-15 0 0 0.00460080010816455 0.079415500164032
-14 0 0 0.00463161012157798 0.0799548998475075
-13 0 0 0.00466253980994225 0.0804990008473396
-12 0 0 0.00469359988346696 0.081047996878624
-11 0 0 0.00472476007416844 0.0816017016768456
-10 0 0 0.00475603993982077 0.0821603015065193
-9 0 0 0.00478741992264986 0.0827236995100975
-8 0 0 0.0048188897781074 0.0832919999957085
-7 0 0 0.00485046021640301 0.0838650986552238
-6 0 0 0.00488212006166577 0.084443099796772
-5 0 0 0.00491385022178292 0.0850260034203529
-4 0 0 0.0049456600099802 0.0856136977672577
-3 0 0 0.00496690021827817 0.0860081985592842
-2 0 0 0.00498108007013798 0.0862724035978317
1 0 0 0.00499999988824129 0.0866262018680573
1 0 0 0.00499999988824129 0.0866262018680573
-2 0 0 0.00501894019544125 0.0869816020131111
-3 0 0 0.00503316009417176 0.0872493013739586
-4 0 0 0.00505449995398521 0.0876526981592178
-5 0 0 0.00508653977885842 0.0882617011666298
-6 0 0 0.00511862011626363 0.0888755023479462
-7 0 0 0.0051507200114429 0.0894939973950386
-8 0 0 0.00518283993005753 0.0901172012090683
-9 0 0 0.00521495984867215 0.0907452031970024
-10 0 0 0.00524707976728678 0.0913776978850365
-11 0 0 0.00527918990701437 0.0920147970318794
-12 0 0 0.00531128002330661 0.0926565006375313
-13 0 0 0.00534333009272814 0.0933026969432831
-14 0 0 0.00537534011527896 0.0939531996846199
-15 0 0 0.00540729006752372 0.0946080982685089
-16 0 0 0.00543917994946241 0.0952673032879829
-17 0 0 0.00547099998220801 0.0959305986762047
-18 0 0 0.00550273014232516 0.0965981036424637
-19 0 0 0.00553436018526554 0.0972696021199226
-20 0 0 0.00556589011102915 0.0979451015591621
-21 0 0 0.0055972901172936 0.0986244007945061
-22 0 0 0.00562856998294592 0.0993074029684067
-23 0 0 0.00565969990566373 0.0999941974878311
-24 0 0 0.00569067988544703 0.100684002041817
-25 0 0 0.00572148989886045 0.101378001272678
-26 0 0 0.00575212994590402 0.102075003087521
-27 0 0 0.00578257022425532 0.102775000035763
-28 0 0 0.00581282982602715 0.103478997945786
-29 0 0 0.00584287010133266 0.104185000061989
-30 0 0 0.00587269011884928 0.104893997311592
-31 0 0 0.00590228009968996 0.105605997145176
-32 0 0 0.00593162002041936 0.10632099956274
-33 0 0 0.00596072012558579 0.107037998735905
-34 0 0 0.00598955014720559 0.10775800049305
-35 0 0 0.00601811986416578 0.108479999005795
-36 0 0 0.00604639993980527 0.10920400172472
-37 0 0 0.00607438990846276 0.109930001199245
-38 0 0 0.00610207999125123 0.110657997429371
-39 0 0 0.00612945994362235 0.111386999487877
-40 0 0 0.00615653023123741 0.112118996679783
-41 0 0 0.00618326989933848 0.112851999700069
-42 0 0 0.00620967987924814 0.113586001098156
-43 0 0 0.00623576017096639 0.114321999251842
-44 0 0 0.00626148004084826 0.11505900323391
-45 0 0 0.00628685997799039 0.115796998143196
-46 0 0 0.0063118701800704 0.116535998880863
-47 0 0 0.00633651996031404 0.11727499961853
-48 0 0 0.00636080978438258 0.118015997111797
-49 0 0 0.00638470984995365 0.118757002055645
-50 2 4 0.0064082401804626 0.119498997926712
-51 0 0 0.00643139006569982 0.12024100124836
-52 0 0 0.00645415019243956 0.120984002947807
-53 0 0 0.00647650985047221 0.121726997196674
-54 0 0 0.00649848999455571 0.122469998896122
-55 0 0 0.00652005989104509 0.12321399897337
-56 0 0 0.006541240029037 0.123957000672817
-57 0 0 0.00656202016398311 0.124700002372265
-58 0 0 0.0065823900513351 0.125442996621132
-59 0 0 0.00660235993564129 0.12618599832058
-60 0 0 0.00662192981690168 0.126929000020027
-61 0 0 0.00664108991622925 0.127672001719475
-62 0 0 0.00665983976796269 0.128414005041122
-63 0 0 0.00667819008231163 0.129154995083809
-64 0 0 0.00669611990451813 0.129896000027657
-65 0 0 0.00671365996822715 0.130637004971504
-66 0 0 0.00673078000545502 0.131376996636391
-67 0 0 0.00674750003963709 0.132116004824638
-68 0 0 0.00676382007077336 0.132853999733925
-69 0 0 0.00677972985431552 0.133591994643211
-70 0 0 0.00679524010047317 0.134329006075859
-71 0 0 0.00681034987792373 0.135065004229546
-72 0 0 0.00682506989687681 0.135801002383232
-73 0 0 0.0068393899127841 0.136535003781319
-74 0 0 0.00685330992564559 0.137268006801605
-75 0 0 0.0068668401800096 0.138000994920731
-76 0 0 0.00687998021021485 0.138732001185417
-77 0 0 0.00689273979514837 0.139463007450104
-78 0 0 0.00690511986613274 0.140192002058029
-79 0 0 0.00691711017861962 0.140919998288155
-80 0 0 0.00692872004583478 0.14164799451828
-81 0 0 0.00693996995687485 0.142373993992805
-82 0 0 0.00695083988830447 0.143098995089531
-83 0 0 0.00696134008467197 0.143821999430656
-84 0 0 0.0069714798592031 0.144545003771782
-85 0 0 0.00698126014322042 0.145265996456146
-86 0 0 0.00699068000540137 0.145987004041672
-87 0 0 0.00699975015595555 0.146705999970436
-88 0 0 0.00700845988467336 0.1474229991436
-89 0 0 0.00701683992519975 0.148139998316765
-90 0 0 0.00702486978843808 0.148855000734329
-91 0 0 0.00703256018459797 0.149570003151894
-92 0 0 0.00703993020579219 0.150281995534897
-93 0 0 0.00705034984275699 0.151348993182182
-94 0 0 0.00706005003303289 0.152412995696068
-95 0 0 0.00706902984529734 0.153475001454353
-96 0 0 0.00707732001319528 0.154532998800278
-97 0 0 0.00708492007106543 0.155588999390602
-98 0 0 0.00709185004234314 0.156641006469727
-99 0 0 0.00709812995046377 0.15769100189209
-100 3 4 0.00710377003997564 0.158738002181053
-101 0 0 0.00710878008976579 0.159783005714417
-102 0 0 0.00711316987872124 0.160824000835419
-103 0 0 0.00711697991937399 0.161862999200821
-104 0 0 0.00712019018828869 0.162899002432823
-105 0 0 0.00712283980101347 0.163931995630264
-106 0 0 0.00712493993341923 0.164961993694305
-107 0 0 0.00712649989873171 0.165989995002747
-108 0 0 0.00712754018604755 0.167015001177788
-109 0 0 0.00712805986404419 0.168036997318268
110 4 2 0.00712813995778561 0.168604999780655
111 0 0 0.00712788989767432 0.169623002409935
112 0 0 0.00712664984166622 0.171145007014275
113 0 0 0.00712438020855188 0.172662004828453
114 0 0 0.0071211401373148 0.17417299747467
115 0 0 0.00711697014048696 0.175677999854088
116 0 0 0.0071119200438261 0.177177995443344
117 0 0 0.00710602989420295 0.1786720007658
118 0 0 0.00709934998303652 0.180160999298096
119 0 0 0.0070919101126492 0.181645005941391
120 0 0 0.00708376010879874 0.183123007416725
121 0 0 0.00707494001835585 0.184597000479698
122 0 0 0.00706548988819122 0.186066001653671
123 0 0 0.00705543998628855 0.187529996037483
124 0 0 0.00704484991729259 0.188988998532295
125 0 0 0.00703374017030001 0.190443992614746
126 0 0 0.00702214008197188 0.191893994808197
127 0 0 0.00701011018827558 0.193340003490448
128 0 0 0.00699767004698515 0.194782003760338
129 0 0 0.00698484992608428 0.196218997240067
130 0 0 0.00697168987244368 0.197651997208595
131 0 0 0.00695822015404701 0.199081003665924
132 0 0 0.00694447010755539 0.200507000088692
133 0 0 0.00692339008674026 0.202637001872063
134 0 0 0.00690184999257326 0.204760000109673
135 0 0 0.00687994016334414 0.206873998045921
136 0 0 0.00685777002945542 0.20898100733757
137 0 0 0.00683540012687445 0.211080998182297
138 0 0 0.0068129301071167 0.213173002004623
139 0 0 0.00679042981937528 0.215258002281189
140 0 0 0.00676797982305288 0.217336997389793
141 0 0 0.00674564996734262 0.219410002231598
142 0 0 0.00672349985688925 0.221476003527641
143 0 0 0.00670161005109549 0.223536998033524
144 0 0 0.00668002991005778 0.225592002272606
145 0 0 0.00665881019085646 0.227641999721527
146 0 0 0.00663801981136203 0.229686006903648
147 0 0 0.00661770021542907 0.231726005673409
148 0 0 0.00658820988610387 0.234777003526688
149 0 0 0.00656004995107651 0.237818002700806
150 5 4 0.00653334008529782 0.240850001573563
151 0 0 0.00650821020826697 0.243873998522758
152 0 0 0.00648477021604776 0.246888995170593
153 0 0 0.00646312022581697 0.249898001551628
154 0 0 0.00644333986565471 0.252900987863541
155 0 0 0.00642551993951201 0.255896985530853
156 0 0 0.00640972005203366 0.258888006210327
157 0 0 0.00639599980786443 0.261873990297318
158 0 0 0.00638440996408463 0.264856994152069
159 0 0 0.00637499988079071 0.26783499121666
160 0 0 0.00636503007262945 0.272296994924545
161 0 0 0.00636012991890311 0.27675399184227
-162 6 2 0.00635959021747112 0.278789013624191
-163 0 0 0.00636216998100281 0.283241003751755
-164 0 0 0.00637573003768921 0.289916008710861
-165 0 0 0.00640093022957444 0.296593010425568
-166 0 0 0.00643764995038509 0.303276002407074
-167 0 0 0.00648572994396091 0.309971004724503
-168 0 0 0.00654492992907763 0.316682010889053
-169 0 0 0.00661497982218862 0.323412001132965
-170 0 0 0.00669556995853782 0.33016699552536
-171 0 0 0.00678635016083717 0.336950987577438
-172 0 0 0.00688696000725031 0.343768000602722
-173 0 0 0.00699704978615046 0.35062101483345
-174 0 0 0.00711621018126607 0.3575159907341
-175 0 0 0.0072440798394382 0.364455997943878
-176 0 0 0.00738024991005659 0.371445000171661
-177 0 0 0.00752435997128487 0.37848699092865
-178 0 0 0.00767599977552891 0.385587006807327
-179 0 0 0.00783482007682323 0.39274799823761
-180 0 0 0.00800042971968651 0.399975001811981
-181 0 0 0.00817245990037918 0.407272011041641
-182 0 0 0.00835055019706488 0.414642989635468
-183 0 0 0.00853434018790722 0.422091990709305
-184 0 0 0.00872347969561815 0.429625004529953
-185 0 0 0.00891762040555477 0.43724599480629
-186 0 0 0.00911641027778387 0.44495901465416
-187 0 0 0.00931951031088829 0.452769994735718
-188 0 0 0.00952657032757998 0.460682988166809
-189 0 0 0.00973725970834494 0.468703001737595
-190 0 0 0.00995123013854027 0.476837009191513
-191 0 0 0.0101680997759104 0.485087990760803
-192 0 0 0.0103876003995538 0.49346399307251
-193 0 0 0.0106092998757958 0.50196897983551
-194 0 0 0.0108329001814127 0.510609984397888
-195 0 0 0.0110579999163747 0.519393026828766
-196 0 0 0.0112841995432973 0.528325021266937
-197 0 0 0.0115112001076341 0.537413001060486
-198 0 0 0.0117384996265173 0.546662986278534
-199 0 0 0.0119657004252076 0.556083023548126
-200 7 4 0.0121924998238683 0.565680980682373
-201 0 0 0.0124182002618909 0.575464010238647
-202 0 0 0.0126425996422768 0.585440993309021
-203 0 0 0.0128650004044175 0.595619976520538
-204 0 0 0.0130850002169609 0.606010019779205
-205 0 0 0.0133020998910069 0.616620004177094
-206 0 0 0.0135156000033021 0.627461016178131
-207 0 0 0.0137251000851393 0.638540983200073
-208 0 0 0.0139298997819424 0.649872004985809
-209 0 0 0.0141292996704578 0.661463975906372
-210 0 0 0.0143226999789476 0.673327028751373
-211 0 0 0.0145095000043511 0.68547397851944
-212 0 0 0.0146888997405767 0.697915017604828
-213 0 0 0.0148601001128554 0.710663974285126
-214 0 0 0.0150225004181266 0.723730981349945
-215 0 0 0.015175299718976 0.737129986286163
-216 0 0 0.0153176998719573 0.750873029232025
-217 0 0 0.0154488999396563 0.764971971511841
-218 0 0 0.0155681995674968 0.779442012310028
-219 0 0 0.0156747996807098 0.794292986392975
-220 0 0 0.0157680008560419 0.809539973735809
-221 0 0 0.0158470999449492 0.825194001197815
-222 0 0 0.0159115009009838 0.841266989707947
-223 0 0 0.0159606002271175 0.857770979404449
-224 0 0 0.0159939993172884 0.874715983867645
-225 0 0 0.0160114001482725 0.892113983631134
226 8 2 0.0160140004009008 0.902199983596802
227 0 0 0.0160058997571468 0.9203240275383
228 0 0 0.015981400385499 0.938920021057129
229 0 0 0.0159409008920193 0.957994997501373
230 0 0 0.0158847998827696 0.977554023265839
231 0 0 0.0158137008547783 0.997599005699158
232 0 0 0.0157283991575241 1.01812994480133
233 0 0 0.0156300999224186 1.03914999961853
234 0 0 0.0155202001333237 1.06066000461578
235 0 0 0.0153999999165535 1.08264005184174
236 0 0 0.0152716003358364 1.10511004924774
237 0 0 0.0151367001235485 1.12803995609283
238 0 0 0.0149974999949336 1.15143001079559
239 0 0 0.014856499619782 1.17527997493744
240 0 0 0.0147158000618219 1.19956004619598
241 0 0 0.0145781002938747 1.22427999973297
242 0 0 0.0144456997513771 1.24941003322601
243 0 0 0.0143213998526335 1.27495002746582
244 0 0 0.0142075000330806 1.30087995529175
245 0 0 0.0141064003109932 1.32719004154205
246 0 0 0.0140206003561616 1.35387003421783
247 0 0 0.0139520997181535 1.38090002536774
248 0 0 0.0139031996950507 1.40828001499176
249 0 0 0.013875599950552 1.43597996234894
-250 9 2 0.0138699999079108 1.45520997047424
-251 0 0 0.0138822998851538 1.48345005512238
-252 0 0 0.0139204002916813 1.51199996471405
-253 0 0 0.0139853004366159 1.54084002971649
-254 0 0 0.0140781998634338 1.5699599981308
-255 0 0 0.0142000000923872 1.59935998916626
-256 0 0 0.014351399615407 1.62901997566223
-257 0 0 0.0145329004153609 1.65894997119904
-258 0 0 0.0147451004013419 1.68912994861603
-259 0 0 0.01498799957335 1.7195600271225
-260 0 0 0.0152620002627373 1.75022995471954
-261 0 0 0.0155669003725052 1.78113996982574
-262 0 0 0.0159026999026537 1.81227004528046
-263 0 0 0.0162693001329899 1.84362995624542
-264 0 0 0.0166662000119686 1.87521004676819
-265 0 0 0.017093300819397 1.90700995922089
-266 0 0 0.0175500009208918 1.93901002407074
-267 0 0 0.0180358998477459 1.97122001647949
-268 0 0 0.0185503996908665 2.00362992286682
-269 0 0 0.0190929006785154 2.03623008728027
-270 0 0 0.0196628998965025 2.06903004646301
-271 0 0 0.0202597007155418 2.1020200252533
-272 0 0 0.0208826009184122 2.13517999649048
-273 0 0 0.0215310007333755 2.16852998733521
-274 0 0 0.0222040992230177 2.20204997062683
-275 0 0 0.0229011997580528 2.23574995994568
-276 0 0 0.0236216001212597 2.2696099281311
-277 0 0 0.0243647005409002 2.30363011360168
-278 0 0 0.0251295994967222 2.33781003952026
-279 0 0 0.0259156990796328 2.3721399307251
-280 0 0 0.0267222002148628 2.40662002563477
-281 0 0 0.0275484994053841 2.44125008583069
-282 0 0 0.0283937994390726 2.47602009773254
-283 0 0 0.0292575005441904 2.51093006134033
-284 0 0 0.0301389992237091 2.54595994949341
-285 0 0 0.03103750012815 2.581130027771
-286 0 0 0.0319523997604847 2.61643004417419
-287 0 0 0.0328831002116203 2.65183997154236
-288 0 0 0.0338289998471737 2.68737006187439
-289 0 0 0.0347894988954067 2.72301006317139
-290 0 0 0.0357640013098717 2.75876998901367
-291 0 0 0.0367518998682499 2.79463005065918
-292 0 0 0.0377527996897697 2.83059000968933
-293 0 0 0.0387660004198551 2.86665010452271
-294 0 0 0.0397910997271538 2.9028000831604
-295 0 0 0.0408276990056038 2.93903994560242
-296 0 0 0.0418751016259193 2.97537994384766
-297 0 0 0.0429329983890057 3.01179003715515
-298 0 0 0.0440009012818336 3.04829001426697
-299 0 0 0.0450784005224705 3.08487010002136
-300 10 4 0.0461650006473064 3.12152004241943
-301 0 0 0.0472605004906654 3.15824007987976
-302 0 0 0.0483644008636475 3.19503998756409
-303 0 0 0.0494762994349003 3.23189997673035
-304 11 9 0.0505958981812 3.26882004737854
