-280 14 9 -0.0501829013228416 -0.398779988288879
-279 0 0 -0.0495724007487297 -0.393981009721756
-278 0 0 -0.04896330088377 -0.389210999011993
-277 0 0 -0.0483552999794483 -0.384465992450714
-276 0 0 -0.0477481000125408 -0.379747003316879
-275 0 0 -0.0471413992345333 -0.375050991773605
-274 0 0 -0.0465348996222019 -0.370377987623215
-273 0 0 -0.0459284000098705 -0.365727007389069
-272 0 0 -0.045321598649025 -0.361095994710922
-271 0 0 -0.0447142012417316 -0.356483995914459
-270 0 0 -0.0441058985888958 -0.35189101099968
-269 0 0 -0.0434964001178741 -0.347315013408661
-268 0 0 -0.0428854003548622 -0.342754989862442
-267 0 0 -0.0422727018594742 -0.338209986686707
-266 0 0 -0.0416578985750675 -0.333678007125854
-265 0 0 -0.041040800511837 -0.329158991575241
-264 0 0 -0.0404210016131401 -0.324651002883911
-263 0 0 -0.0397984012961388 -0.320152997970581
-262 0 0 -0.039172500371933 -0.315663993358612
-261 0 0 -0.0385431014001369 -0.311181992292404
-260 0 0 -0.0379099994897842 -0.306706994771957
-259 0 0 -0.0372727997601032 -0.302237004041672
-258 0 0 -0.0366313010454178 -0.297769993543625
-257 0 0 -0.0359852015972137 -0.293305993080139
-256 0 0 -0.035334300249815 -0.288841992616653
-255 0 0 -0.0346782989799976 -0.284377992153168
-254 0 0 -0.0340170003473759 -0.279911994934082
-253 0 0 -0.0333500988781452 -0.275442987680435
-252 0 0 -0.0326775014400482 -0.270967990159988
-251 0 0 -0.0319988988339901 -0.266485989093781
-250 13 4 -0.0313142985105515 -0.261996001005173
-249 0 0 -0.0306234005838633 -0.257494986057281
-248 0 0 -0.0301593001931906 -0.254487991333008
-247 0 0 -0.0296922996640205 -0.251475006341934
-246 0 0 -0.0292224995791912 -0.248455002903938
-245 0 0 -0.0287497006356716 -0.245427995920181
-244 0 0 -0.0282741002738476 -0.242393001914024
-243 0 0 -0.0277955997735262 -0.239350005984306
-242 0 0 -0.0273142997175455 -0.236296996474266
-241 0 0 -0.0268300008028746 -0.233235001564026
-240 0 0 -0.0263429991900921 -0.230160996317863
-239 0 0 -0.0258530993014574 -0.22707599401474
-238 0 0 -0.0253605004400015 -0.223978996276855
-237 0 0 -0.0250305999070406 -0.221907004714012
-236 0 0 -0.0246996004134417 -0.219828993082047
-235 0 0 -0.0243673995137215 -0.217745006084442
-234 0 0 -0.0240340996533632 -0.215654000639915
-233 0 0 -0.0236997008323669 -0.213556006550789
-232 0 0 -0.0233641993254423 -0.21145099401474
-231 0 0 -0.0230276994407177 -0.209338992834091
-230 0 0 -0.0226901993155479 -0.207218006253242
-229 0 0 -0.0223517995327711 -0.205090001225471
-228 0 0 -0.0220123995095491 -0.202952995896339
-227 0 0 -0.0216722004115582 -0.200808003544807
-226 0 0 -0.021331200376153 -0.198652997612953
-225 0 0 -0.0209893994033337 -0.196490004658699
-224 0 0 -0.0206467993557453 -0.194315999746323
-223 0 0 -0.020303700119257 -0.192131996154785
-222 0 0 -0.0199599005281925 -0.189937993884087
-221 0 0 -0.0196155998855829 -0.187732994556427
-220 0 0 -0.0192708000540733 -0.185515999794006
-219 0 0 -0.0189257003366947 -0.183287993073463
-218 0 0 -0.018580200150609 -0.181048005819321
-217 0 0 -0.0182344000786543 -0.178794994950294
-216 0 0 -0.0178884994238615 -0.176530003547668
-215 0 0 -0.0175425000488758 -0.17425100505352
-214 0 0 -0.0171965006738901 -0.17195799946785
-213 0 0 -0.0168507006019354 -0.169651001691818
-212 0 0 -0.0165049992501736 -0.167328998446465
-211 0 0 -0.016159500926733 -0.16499200463295
-210 0 0 -0.0158144999295473 -0.162640005350113
-209 0 0 -0.0154699999839067 -0.160271003842354
-208 0 0 -0.0151260998100042 -0.157885998487473
-207 0 0 -0.0147829996421933 -0.15548500418663
-206 0 0 -0.0144407004117966 -0.153066992759705
-205 0 0 -0.0140993995591998 -0.150630995631218
-204 0 0 -0.0137592004612088 -0.148177996277809
-203 0 0 -0.0134204002097249 -0.145706996321678
-202 0 0 -0.0130829997360706 -0.143217995762825
-201 0 0 -0.0127472998574376 -0.14071199297905
-200 12 4 -0.0124134002253413 -0.138189002871513
-199 0 0 -0.0120815001428127 -0.135647997260094
-198 0 0 -0.0117519004270434 -0.133091002702713
-197 0 0 -0.0114248003810644 -0.13051900267601
-196 0 0 -0.0111004002392292 -0.127932995557785
-195 0 0 -0.0107790995389223 -0.125333994626999
-194 0 0 -0.0104612000286579 -0.122723996639252
-193 0 0 -0.0101469997316599 -0.120104998350143
-192 0 0 -0.00983687024563551 -0.117481000721455
-191 0 0 -0.00953128002583981 -0.114854998886585
-190 0 0 -0.0092306099832058 -0.112231001257896
-189 0 0 -0.00893533974885941 -0.109613001346588
-188 0 0 -0.00864590983837843 -0.107005998492241
-187 0 0 -0.00836278963834047 -0.104415997862816
-186 0 0 -0.00808645971119404 -0.101847998797894
-185 0 0 -0.00781732983887196 -0.0993074029684067
-184 0 0 -0.00755582004785538 -0.0968009978532791
-183 0 0 -0.0073022497817874 -0.094334103167057
-182 0 0 -0.00705691985785961 -0.0919118970632553
-181 0 0 -0.00682003004476428 -0.0895392969250679
-180 0 0 -0.00659168977290392 -0.0872201025485992
-179 0 0 -0.00637194002047181 -0.0849578008055687
-178 0 0 -0.00616073980927467 -0.0827547982335091
-177 0 0 -0.00595796015113592 -0.080612801015377
-176 0 0 -0.00576343992725015 -0.0785325989127159
-175 0 0 -0.00557692022994161 -0.0765144005417824
-174 0 0 -0.00539815006777644 -0.0745576992630959
-173 0 0 -0.0052267899736762 -0.0726616010069847
-172 0 0 -0.00506252981722355 -0.07082449644804
-171 0 0 -0.00490503013134003 -0.0690447986125946
-170 0 0 -0.00475393980741501 -0.0673205032944679
-169 0 0 -0.0046089100651443 -0.0656493976712227
-168 0 0 -0.00446962006390095 -0.0640290975570679
-167 0 0 -0.00433572987094522 -0.0624574013054371
-166 0 0 -0.00420692982152104 -0.0609318017959595
-165 0 0 -0.00408292002975941 -0.059450201690197
-164 0 0 -0.00396342994645238 -0.0580100007355213
-163 0 0 -0.00384816993027925 -0.0566091984510422
-162 0 0 -0.00373689993284643 -0.0552453994750977
-161 0 0 -0.00362936989404261 -0.0539167001843452
-160 0 0 -0.00352537003345788 -0.0526209995150566
-159 0 0 -0.003424690105021 -0.0513563007116318
-158 0 0 -0.00332712009549141 -0.0501208007335663
-157 0 0 -0.00323249003849924 -0.048912800848484
-156 0 0 -0.00314061995595694 -0.0477304011583328
-155 0 0 -0.00305134011432528 -0.0465722009539604
-154 0 0 -0.00296451989561319 -0.0454364009201527
-153 0 0 -0.00287999003194273 -0.0443217009305954
-152 0 0 -0.00279762991704047 -0.0432265996932983
-151 0 0 -0.00271731009706855 -0.0421495996415615
-150 11 4 -0.00263890996575356 -0.0410895012319088
-149 0 0 -0.00256232009269297 -0.0400450006127357
-148 0 0 -0.00248742010444403 -0.0390147008001804
-147 0 0 -0.00241410988382995 -0.0379974991083145
-146 0 0 -0.0023422900121659 -0.0369919985532761
-145 0 0 -0.0022718699183315 -0.035997100174427
-144 0 0 -0.00220274995081127 -0.0350117012858391
-143 0 0 -0.0021348400041461 -0.03403440117836
-142 0 0 -0.00206804997287691 -0.0330640003085136
-141 0 0 -0.00200229999609292 -0.032099399715662
-140 0 0 -0.00193750998005271 -0.0311392992734909
-139 0 0 -0.00187357002869248 -0.0301823001354933
-138 0 0 -0.00181040994357318 -0.0292269997298717
-137 0 0 -0.00174792995676398 -0.0282720997929573
-136 0 0 -0.00168604997452348 -0.0273158997297287
-135 0 0 -0.00162465998437256 -0.0263567995280027
-134 0 0 -0.00156366999726743 -0.0253928992897272
-133 0 0 -0.00150294997729361 -0.024422200396657
-132 0 0 -0.00144240004010499 -0.0234424993395805
-131 0 0 -0.00138188002165407 -0.0224511008709669
-130 0 0 -0.001321219955571 -0.0214450005441904
-129 0 0 -0.0012602600036189 -0.0204207003116608
-128 0 0 -0.00119879003614187 -0.0193738993257284
-127 0 0 -0.00115738995373249 -0.0186611004173756
-126 0 0 -0.00111556996125728 -0.017934100702405
-125 0 0 -0.00107322004623711 -0.0171907991170883
-124 0 0 -0.00103021005634218 -0.0164285991340876
-123 0 0 -0.000986382947303355 -0.0156443007290363
-122 0 0 -0.000956629985012114 -0.015107300132513
-121 0 0 -0.000926372013054788 -0.0145575003698468
-120 0 0 -0.000895529985427856 -0.0139931999146938
-119 0 0 -0.000864013971295208 -0.013412400148809
-118 0 0 -0.000831711979117244 -0.0128129003569484
-117 0 0 -0.000809675024356693 -0.0124014001339674
-116 0 0 -0.000787182012572885 -0.0119792995974422
-115 0 0 -0.000764176016673446 -0.0115454001352191
-114 0 0 -0.000740589981433004 -0.0110983001068234
-113 0 0 -0.000716344977263361 -0.0106365000829101
-112 0 0 -0.00069976900704205 -0.0103192999958992
-111 0 0 -0.000682824000250548 -0.00999394990503788
-110 0 0 -0.000665471015963703 -0.00965960044413805
-109 0 0 -0.000647664011921734 -0.00931526999920607
-108 0 0 -0.000629348971415311 -0.00895985960960388
-107 0 0 -0.000610461982432753 -0.00859200023114681
-106 0 0 -0.000597515027038753 -0.00833906978368759
-105 0 0 -0.000584252004045993 -0.00807932019233704
-104 0 0 -0.000570641015656292 -0.00781210977584124
-103 0 0 -0.000556647020857781 -0.00753665994852781
-102 0 0 -0.000542225025128573 -0.00725207990035415
-101 0 0 -0.000527323980350047 -0.00695730000734329
-100 10 4 -0.000517094973474741 -0.00675447983667254
-99 0 0 -0.000506602984387428 -0.00654612015932798
-98 0 0 -0.000495825021062046 -0.00633169990032911
-97 0 0 -0.000484732008771971 -0.00611060997471213
-96 0 0 -0.000473290012450889 -0.00588215002790093
-95 0 0 -0.000461459014331922 -0.00564550003036857
-94 0 0 -0.000453332002507523 -0.00548270018771291
-93 0 0 -0.000444995006546378 -0.00531547982245684
-92 0 0 -0.000436428003013134 -0.00514345010742545
-91 0 0 -0.000427610008046031 -0.004966139793396
-90 0 0 -0.000418515002820641 -0.00478305015712976
-89 0 0 -0.000409113999921829 -0.00459353998303413
-88 0 0 -0.000402659003157169 -0.00446328008547425
-87 0 0 -0.000396040006307885 -0.0043295999057591
-86 0 0 -0.000389243010431528 -0.00419220980256796
-85 0 0 -0.000382252997951582 -0.00405078986659646
-84 0 0 -0.000375050993170589 -0.00390495988540351
-83 0 0 -0.000367617001757026 -0.00375430006533861
-82 0 0 -0.000359927013050765 -0.00359828001819551
-81 0 0 -0.000354643008904532 -0.00349102006293833
-80 0 0 -0.000349222013028339 -0.00338091002777219
-79 0 0 -0.000343654013704509 -0.00326772988773882
-78 0 0 -0.000337925011990592 -0.00315122003667057
-77 0 0 -0.000332021998474374 -0.00303108990192413
-76 0 0 -0.0003259280056227 -0.00290697999298573
-75 0 0 -0.000319623010000214 -0.00277852010913193
-74 0 0 -0.000313085998641327 -0.0026452299207449
-73 0 0 -0.000306291010929272 -0.00250658998265862
-72 0 0 -0.00029920699307695 -0.00236196001060307
-71 0 0 -0.000291798001853749 -0.00221058004535735
-70 0 0 -0.000284020003164187 -0.00205156998708844
-69 0 0 -0.000275819998933002 -0.00188382004853338
-68 0 0 -0.000267135998001322 -0.00170603999868035
-67 0 0 -0.000257890991633758 -0.00151664996519685
-66 0 0 -0.000247996998950839 -0.00131381000392139
-65 0 0 -0.000237354994169436 -0.00109546002931893
-64 0 0 -0.000225868003326468 -0.000859629013575613
-63 0 0 -0.000200174006749876 -0.000331505987560377
-62 0 0 -0.000145276004332118 0.000798980996478349
-61 0 0 -7.06693972460926E-05 0.00233767996542156
-60 0 0 0.000332422001520172 0.010559200309217
-59 0 0 0.000565244001336396 0.0151343997567892
-58 0 0 0.000764583994168788 0.0189203005284071
-57 0 0 0.000951075984630734 0.0223554000258446
-56 0 0 0.00113307998981327 0.0256191994994879
-55 0 0 0.00131524994503707 0.0288110002875328
-54 0 0 0.00150072004180402 0.0319980010390282
-53 0 0 0.00169194000773132 0.035232599824667
-52 0 0 0.00189108005724847 0.0385610014200211
-51 0 0 0.00210018991492689 0.0420284010469913
-50 9 4 0.00232134992256761 0.0456818006932735
-49 0 0 0.00255670002661645 0.0495731011033058
-48 0 0 0.0028084700461477 0.0537617988884449
-47 0 0 0.0030788800213486 0.0583163984119892
-46 0 0 0.00336985988542438 0.0633156001567841
-45 0 0 0.00368253001943231 0.0688460990786552
-44 0 0 0.00401614001020789 0.0749939009547234
-43 0 0 0.00436642998829484 0.0818231031298637
-42 0 0 0.00472379010170698 0.0893421024084091
-41 0 0 0.00507277017459273 0.097469300031662
-40 0 0 0.0053947102278471 0.106031000614166
-39 0 0 0.00567304994910955 0.11481399834156
-38 0 0 0.00589756993576884 0.123627997934818
-37 0 0 0.00606511021032929 0.132343992590904
-36 0 0 0.0061777401715517 0.140893995761871
-35 0 0 0.0062405401840806 0.149250000715256
34 8 2 0.00625994987785816 0.157407999038696
33 0 0 0.00624852022156119 0.16389200091362
32 0 0 0.00620664982125163 0.171717002987862
31 0 0 0.00614007981494069 0.179380998015404
30 0 0 0.0060546500608325 0.18690000474453
29 0 0 0.00595560995861888 0.194289997220039
28 0 0 0.00584761006757617 0.201564997434616
27 0 0 0.00573471002280712 0.208738997578621
26 0 0 0.00562039017677307 0.215825006365776
25 0 0 0.00550762005150318 0.222834005951881
24 0 0 0.00539888022467494 0.229776993393898
23 0 0 0.00529622007161379 0.236661002039909
22 0 0 0.0052013099193573 0.243496999144554
21 0 0 0.00511544989421964 0.250292986631393
20 0 0 0.00503967981785536 0.257054001092911
19 0 0 0.00497474987059832 0.263788998126984
18 0 0 0.00492120021954179 0.270503997802734
17 0 0 0.00487938988953829 0.277204990386963
16 0 0 0.00484950980171561 0.283897012472153
15 0 0 0.00483162980526686 0.29058501124382
14 7 2 0.00482568982988596 0.297275990247726
-13 0 0 0.00482757994905114 0.301066994667053
-12 0 0 0.00484006013721228 0.307770013809204
-11 0 0 0.00486401002854109 0.314487010240555
-10 0 0 0.00489913998171687 0.321222990751266
-9 0 0 0.00492860982194543 0.325726985931396
-8 0 0 0.00495088007301092 0.328734993934631
-7 0 0 0.00496688019484282 0.330743998289108
-6 0 0 0.0049780597910285 0.332084000110626
-5 0 0 0.00498573016375303 0.332978993654251
-4 0 0 0.00499093998223543 0.333575010299683
-3 0 0 0.00499445991590619 0.333972990512848
-2 0 0 0.00499681988731027 0.334237992763519
1 0 0 0.00499999988824129 0.334592014551163
1 0 0 0.00499999988824129 0.334592014551163
-2 0 0 0.00500321015715599 0.334946006536484
-3 0 0 0.00500563019886613 0.335211008787155
-4 0 0 0.00500928983092308 0.33560898900032
-5 0 0 0.00501484982669353 0.336207002401352
-6 0 0 0.0050233299843967 0.337103992700577
-7 0 0 0.00503636989742517 0.338450014591217
-8 0 0 0.00505666993558407 0.340472012758255
-9 0 0 0.0050887200050056 0.343510985374451
-10 0 0 0.00514035020023584 0.348082989454269
-11 0 0 0.0052255499176681 0.354974001646042
-12 0 0 0.00531972013413906 0.361909002065659
-13 0 0 0.00542243011295795 0.368891000747681
-14 0 0 0.00553329987451434 0.375925987958908
-15 0 0 0.00565190985798836 0.383017003536224
-16 0 0 0.00577788008376956 0.390168011188507
-17 0 0 0.0059108198620379 0.397383004426956
-18 0 0 0.00605031987652183 0.404666990041733
-19 0 0 0.00619602994993329 0.412023991346359
-20 0 0 0.00634755007922649 0.419458001852036
-21 0 0 0.00650451984256506 0.426975011825562
-22 0 0 0.00666658021509647 0.434578001499176
-23 0 0 0.00683336006477475 0.442272007465363
-24 0 0 0.00700449990108609 0.45006200671196
-25 0 0 0.00717965001240373 0.457953006029129
-26 0 0 0.00735844019800425 0.46595099568367
-27 0 0 0.00754053005948663 0.474059998989105
-28 0 0 0.00772554008290172 0.482286006212234
-29 0 0 0.00791313033550978 0.490635007619858
-30 0 0 0.00810291990637779 0.499112010002136
-31 0 0 0.00829453021287918 0.507723987102509
-32 0 0 0.00848758965730667 0.516475975513458
-33 0 0 0.00868170987814665 0.52537602186203
-34 0 0 0.00887648016214371 0.534430027008057
-35 0 0 0.00907148979604244 0.543645024299622
-36 0 0 0.00926631037145853 0.553029000759125
-37 0 0 0.0094605004414916 0.56258898973465
-38 0 0 0.00965358968824148 0.572332978248596
-39 0 0 0.00984510965645313 0.582269012928009
-40 0 0 0.0100344996899366 0.592406988143921
-41 0 0 0.0102214002981782 0.602752983570099
-42 0 0 0.0104050999507308 0.613318979740143
-43 0 0 0.010584999807179 0.624113976955414
-44 0 0 0.0107605997473001 0.635146975517273
-45 0 0 0.0109312999993563 0.646427989006042
-46 0 0 0.0110964002087712 0.657970011234283
-47 0 0 0.0112552000209689 0.669781982898712
-48 0 0 0.0114069003611803 0.681876003742218
-49 0 0 0.0115510001778603 0.694263994693756
-50 2 4 0.0116865001618862 0.70695698261261
-51 0 0 0.0118127996101975 0.719968974590302
-52 0 0 0.0119289997965097 0.733312010765076
-53 0 0 0.0120344003662467 0.746998012065887
-54 0 0 0.0121280001476407 0.761039972305298
-55 0 0 0.0122092003002763 0.775452017784119
-56 0 0 0.0122771002352238 0.79024600982666
-57 0 0 0.0123309995979071 0.805436015129089
-58 0 0 0.0123699996620417 0.821034014225006
-59 0 0 0.012393600307405 0.83705198764801
60 3 2 0.0124011998996139 0.85284298658371
61 0 0 0.0123928999528289 0.8697190284729
62 0 0 0.0123674999922514 0.8870490193367
63 0 0 0.0123250000178814 0.904841005802155
64 0 0 0.0122651001438498 0.923106014728546
65 0 0 0.0121879000216722 0.941848993301392
66 0 0 0.0120936995372176 0.961076974868774
67 0 0 0.0119828004390001 0.980794012546539
68 0 0 0.0118560995906591 1.00100004673004
69 0 0 0.011714500375092 1.0217000246048
70 0 0 0.0115590002387762 1.04289996623993
71 0 0 0.0113912001252174 1.06457996368408
72 0 0 0.0112127000465989 1.08675003051758
73 0 0 0.0110253999009728 1.10940003395081
74 0 0 0.0108313001692295 1.13251996040344
75 0 0 0.0106327999383211 1.15610003471375
76 0 0 0.010432199575007 1.18014001846313
77 0 0 0.010232100263238 1.20462000370026
78 0 0 0.0100351003929973 1.22952997684479
79 0 0 0.00984381046146154 1.2548600435257
80 0 0 0.00966082978993654 1.28059005737305
81 0 0 0.00948876980692148 1.30671000480652
82 0 0 0.00933015998452902 1.3332200050354
83 0 0 0.00918740034103394 1.36009001731873
84 0 0 0.00906276982277632 1.38731002807617
85 0 0 0.00895840954035521 1.41487002372742
86 0 0 0.00887626968324184 1.44277000427246
87 0 0 0.008818119764328 1.47098004817963
88 0 0 0.00878557004034519 1.49950003623962
-89 4 2 0.00877877045422792 1.51970994472504
-90 0 0 0.00879289023578167 1.5487300157547
-91 0 0 0.00883594993501902 1.57802999019623
-92 0 0 0.00890882965177298 1.60759997367859
-93 0 0 0.0090122502297163 1.63743996620178
-94 0 0 0.00914677046239376 1.66753995418549
-95 0 0 0.00931277964264154 1.69789004325867
-96 0 0 0.00951051991432905 1.72848999500275
-97 0 0 0.00974011979997158 1.75932002067566
-98 0 0 0.0100015997886658 1.79039001464844
-99 0 0 0.0102947000414133 1.82167994976044
-100 5 4 0.0106194000691175 1.85319995880127
-101 0 0 0.010975300334394 1.88493001461029
-102 0 0 0.011362100020051 1.91686999797821
-103 0 0 0.0117792002856731 1.94902002811432
-104 0 0 0.0122261997312307 1.981369972229
-105 0 0 0.0127025004476309 2.01392006874084
-106 0 0 0.0132076004520059 2.04666996002197
-107 0 0 0.0137406997382641 2.0796000957489
-108 0 0 0.0143012003973126 2.11272001266479
-109 0 0 0.0148884002119303 2.14601993560791
-110 0 0 0.0155017003417015 2.17950010299683
-111 0 0 0.0161403007805347 2.21314001083374
-112 0 0 0.0168034005910158 2.24695992469788
-113 0 0 0.0174904000014067 2.28094005584717
-114 0 0 0.0182004999369383 2.31507992744446
-115 0 0 0.0189330000430346 2.34937000274658
-116 0 0 0.0196870993822813 2.38382005691528
-117 0 0 0.0204620994627476 2.41841006278992
-118 0 0 0.0212574005126953 2.45314002037048
-119 0 0 0.0220720991492271 2.4880199432373
-120 0 0 0.0229056999087334 2.52303004264832
-121 0 0 0.0237573999911547 2.55816006660461
-122 0 0 0.024626599624753 2.59343004226685
-123 0 0 0.0255126003175974 2.62880992889404
-124 0 0 0.0264148004353046 2.66431999206543
-125 0 0 0.0273324996232986 2.69993996620178
-126 0 0 0.0282652005553246 2.73567008972168
-127 0 0 0.029212299734354 2.77150988578796
-128 0 0 0.0301732998341322 2.80745005607605
-129 0 0 0.031147500500083 2.8434898853302
-130 0 0 0.0321343988180161 2.87962007522583
-131 0 0 0.0331334993243217 2.91584992408752
-132 0 0 0.034144401550293 2.9521598815918
-133 0 0 0.0351665988564491 2.98856997489929
-134 0 0 0.0361994989216328 3.02504992485046
-135 0 0 0.0372426994144917 3.06161999702454
-136 0 0 0.0382958985865116 3.09825992584229
-137 0 0 0.0393586009740829 3.13496994972229
-138 0 0 0.0404302999377251 3.17175006866455
-139 0 0 0.0415108017623425 3.20860004425049
-140 0 0 0.0425995998084545 3.24552011489868
-141 0 0 0.0436963997781277 3.28250002861023
-142 0 0 0.0448008999228477 3.31954002380371
-143 0 0 0.0459126010537148 3.3566300868988
-144 0 0 0.0470313988626003 3.39377999305725
-145 0 0 0.0481569990515709 3.43097996711731
-146 0 0 0.0492888987064362 3.46823000907898
-147 6 9 0.0504270009696484 3.50553011894226
