-284 14 9 -0.0505365990102291 -0.398777991533279
-283 0 0 -0.0499209985136986 -0.393979996442795
-282 0 0 -0.0493067987263203 -0.389209002256393
-281 0 0 -0.0486937984824181 -0.384465008974075
-280 0 0 -0.04808159917593 -0.379745006561279
-279 0 0 -0.0474701002240181 -0.375048995018005
-278 0 0 -0.046858798712492 -0.370375990867615
-277 0 0 -0.0462475009262562 -0.365725010633469
-276 0 0 -0.045635998249054 -0.361093997955322
-275 0 0 -0.045024000108242 -0.35648301243782
-274 0 0 -0.0444111004471779 -0.351889997720718
-273 0 0 -0.0437971018254757 -0.3473140001297
-272 0 0 -0.0431815981864929 -0.342754006385803
-271 0 0 -0.0425645001232624 -0.338207989931107
-270 0 0 -0.0419453009963036 -0.333676010370255
-269 0 0 -0.0413239002227783 -0.329156994819641
-268 0 0 -0.0406998991966248 -0.324649006128311
-267 0 0 -0.040073100477457 -0.320151001214981
-266 0 0 -0.0394430011510849 -0.315661996603012
-265 0 0 -0.0388096012175083 -0.311181008815765
-264 0 0 -0.0381724014878273 -0.306706011295319
-263 0 0 -0.0375312007963657 -0.302235007286072
-262 0 0 -0.0368858017027378 -0.297769010066986
-261 0 0 -0.036235798150301 -0.293303996324539
-260 0 0 -0.03558100014925 -0.288841009140015
-259 0 0 -0.0349211990833282 -0.284377008676529
-258 0 0 -0.0342561006546021 -0.279911011457443
-257 0 0 -0.0335856005549431 -0.275442004203796
-256 0 0 -0.0329093001782894 -0.27096700668335
-255 0 0 -0.032227098941803 -0.266485005617142
-254 0 0 -0.031538899987936 -0.261994987726212
-253 0 0 -0.0308445002883673 -0.257494002580643
-252 0 0 -0.0303780008107424 -0.254487007856369
-251 0 0 -0.0299088004976511 -0.251473993062973
-250 13 4 -0.0294365994632244 -0.248454004526138
-249 0 0 -0.0289616007357836 -0.245426997542381
-248 0 0 -0.0284838005900383 -0.242392003536224
-247 0 0 -0.0280029997229576 -0.239348992705345
-246 0 0 -0.0275193993002176 -0.236295998096466
-245 0 0 -0.0270329993218184 -0.233234003186226
-244 0 0 -0.0265437997877598 -0.230159997940063
-243 0 0 -0.0260518006980419 -0.22707499563694
-242 0 0 -0.0255570001900196 -0.223977997899055
-241 0 0 -0.0252257008105516 -0.221906006336212
-240 0 0 -0.0248933006078005 -0.219827994704247
-239 0 0 -0.0245597008615732 -0.217743992805481
-238 0 0 -0.0242248997092247 -0.215653002262115
-237 0 0 -0.0238891001790762 -0.213554993271828
-236 0 0 -0.0235523004084826 -0.21144999563694
-235 0 0 -0.0232143998146057 -0.209337994456291
-234 0 0 -0.0228755995631218 -0.207216992974281
-233 0 0 -0.0225357990711927 -0.205089002847672
-232 0 0 -0.0221951007843018 -0.202951997518539
-231 0 0 -0.0218534991145134 -0.200807005167007
-230 0 0 -0.0215111002326012 -0.198652997612953
-229 0 0 -0.0211679991334677 -0.196489006280899
-228 0 0 -0.0208241995424032 -0.194315001368523
-227 0 0 -0.0204796995967627 -0.192130997776985
-226 0 0 -0.020134599879384 -0.189936995506287
-225 0 0 -0.0197889991104603 -0.187731996178627
-224 0 0 -0.0194428991526365 -0.185515001416206
-223 0 0 -0.0190964993089437 -0.183286994695663
-222 0 0 -0.018749700859189 -0.181047007441521
-221 0 0 -0.0184026993811131 -0.178793996572495
-220 0 0 -0.0180555004626513 -0.176529005169868
-219 0 0 -0.0177082996815443 -0.17425000667572
-218 0 0 -0.0173611007630825 -0.17195700109005
-217 0 0 -0.0170138999819756 -0.169650003314018
-216 0 0 -0.0166669990867376 -0.167328000068665
-215 0 0 -0.0163203999400139 -0.16499100625515
-214 0 0 -0.0159741006791592 -0.162639006972313
-213 0 0 -0.0156283993273973 -0.160270005464554
-212 0 0 -0.0152832996100187 -0.157885998487473
-211 0 0 -0.0149389998987317 -0.15548400580883
-210 0 0 -0.0145955001935363 -0.153065994381905
-209 0 0 -0.0142531003803015 -0.150629997253418
-208 0 0 -0.0139118004590273 -0.148176997900009
-207 0 0 -0.0135717997327447 -0.145705997943878
-206 0 0 -0.0132333002984524 -0.143216997385025
-205 0 0 -0.0128963999450207 -0.14071099460125
-204 0 0 -0.0125614004209638 -0.138188004493713
-203 0 0 -0.0122284004464746 -0.135646998882294
-202 0 0 -0.0118976999074221 -0.133091002702713
-201 0 0 -0.0115694999694824 -0.13051800429821
-200 12 4 -0.0112440995872021 -0.127931997179985
-199 0 0 -0.0109216999262571 -0.125332996249199
-198 0 0 -0.0106028001755476 -0.122722998261452
-197 0 0 -0.0102875996381044 -0.120103999972343
-196 0 0 -0.00997649971395731 -0.117481000721455
-195 0 0 -0.00966992974281311 -0.114854998886585
-194 0 0 -0.00936831999570131 -0.112230002880096
-193 0 0 -0.00907212030142546 -0.109612002968788
-192 0 0 -0.00878178980201483 -0.107005000114441
-191 0 0 -0.0084978099912405 -0.104414999485016
-190 0 0 -0.00822062976658344 -0.101847000420094
-189 0 0 -0.00795068964362144 -0.0993065983057022
-188 0 0 -0.00768839009106159 -0.0968002006411552
-187 0 0 -0.00743407988920808 -0.0943332985043526
-186 0 0 -0.00718803005293012 -0.0919111967086792
-185 0 0 -0.006950450129807 -0.089538499712944
-184 0 0 -0.00672145001590252 -0.0872194021940231
-183 0 0 -0.00650108000263572 -0.0849571004509926
-182 0 0 -0.00628928979858756 -0.0827542021870613
-181 0 0 -0.0060859601944685 -0.0806121975183487
-180 0 0 -0.00589091004803777 -0.0785320028662682
-179 0 0 -0.00570389023050666 -0.076513797044754
-178 0 0 -0.00552463997155428 -0.0745571032166481
-177 0 0 -0.00535283982753754 -0.0726609975099564
-176 0 0 -0.00518816988915205 -0.07082399725914
-175 0 0 -0.00503027020022273 -0.0690442994236946
-174 0 0 -0.00487879989668727 -0.0673199966549873
-173 0 0 -0.00473341997712851 -0.0656488984823227
-172 0 0 -0.00459379004314542 -0.0640285983681679
-171 0 0 -0.00445957994088531 -0.0624568983912468
-170 0 0 -0.00433048000559211 -0.0609313994646072
-169 0 0 -0.00420618988573551 -0.0594496987760067
-168 0 0 -0.00408641993999481 -0.0580095984041691
-167 0 0 -0.00397090008482337 -0.0566087998449802
-166 0 0 -0.00385939003899693 -0.0552450008690357
-165 0 0 -0.00375162996351719 -0.0539163015782833
-164 0 0 -0.0036474100779742 -0.0526206009089947
-163 0 0 -0.00354651990346611 -0.0513559989631176
-162 0 0 -0.00344874989241362 -0.0501204989850521
-161 0 0 -0.00335393007844687 -0.0489123985171318
-160 0 0 -0.00326187000609934 -0.0477300994098186
-159 0 0 -0.00317241996526718 -0.0465717986226082
-158 0 0 -0.00308543001301587 -0.0454360991716385
-157 0 0 -0.00300073996186256 -0.0443213991820812
-156 0 0 -0.00291822990402579 -0.0432263016700745
-155 0 0 -0.00283775990828872 -0.0421493016183376
-154 0 0 -0.00275922007858753 -0.0410891994833946
-153 0 0 -0.00268249004147947 -0.0400446988642216
-152 0 0 -0.00260745990090072 -0.0390143990516663
-151 0 0 -0.00253401999361813 -0.0379972010850906
-150 11 4 -0.00246208999305964 -0.0369917005300522
-149 0 0 -0.00239154999144375 -0.0359967984259129
-148 0 0 -0.00232231011614203 -0.0350113995373249
-147 0 0 -0.0022543000523001 -0.0340340994298458
-146 0 0 -0.00218740990385413 -0.0330636985599995
-145 0 0 -0.00212156004272401 -0.0320991016924381
-144 0 0 -0.00205665989778936 -0.0311389993876219
-143 0 0 -0.00199263007380068 -0.0301820002496243
-142 0 0 -0.0019293799996376 -0.0292266998440027
-141 0 0 -0.00186681002378464 -0.0282717999070883
-140 0 0 -0.00180484994780272 -0.0273155998438597
-139 0 0 -0.0017433799803257 -0.0263564996421337
-138 0 0 -0.0016823000041768 -0.0253925994038582
-137 0 0 -0.00162151001859456 -0.024421900510788
-136 0 0 -0.00156087998766452 -0.0234421994537115
-135 0 0 -0.00150027999188751 -0.0224507991224527
-134 0 0 -0.0014395599719137 -0.0214447006583214
-133 0 0 -0.00137853005435318 -0.0204204004257917
-132 0 0 -0.00131699000485241 -0.0193735994398594
-131 0 0 -0.00127554999198765 -0.0186606999486685
-130 0 0 -0.00123368995264173 -0.0179337002336979
-129 0 0 -0.00119128997903317 -0.0171904005110264
-128 0 0 -0.00114823004696518 -0.0164282005280256
-127 0 0 -0.00110436999239028 -0.0156439002603292
-126 0 0 -0.00107459002174437 -0.015107000246644
-125 0 0 -0.00104431004729122 -0.0145570999011397
-124 0 0 -0.00101343996357173 -0.0139928003773093
-123 0 0 -0.000981895020231605 -0.0134119996801019
-122 0 0 -0.000949567009229213 -0.0128124002367258
-121 0 0 -0.000927513989154249 -0.0124009000137448
-120 0 0 -0.000905002991203219 -0.0119788004085422
-119 0 0 -0.000881979998666793 -0.011544999666512
-118 0 0 -0.000858377024997026 -0.0110978996381164
-117 0 0 -0.000834115024190396 -0.0106359999626875
-116 0 0 -0.000817527994513512 -0.0103187998756766
-115 0 0 -0.000800571986474097 -0.00999346002936363
-114 0 0 -0.000783208000939339 -0.00965909007936716
-113 0 0 -0.000765389006119221 -0.00931475032120943
-112 0 0 -0.000747063022572547 -0.00895932037383318
-111 0 0 -0.000728164974134415 -0.00859143957495689
-110 0 0 -0.00071520998608321 -0.00833848956972361
-109 0 0 -0.000701938988640904 -0.00807872973382473
-108 0 0 -0.000688321015331894 -0.00781150022521615
-107 0 0 -0.000674318987876177 -0.00753602990880609
-106 0 0 -0.000659889017697424 -0.00725142983719707
-105 0 0 -0.000644980987999588 -0.00695662014186382
-104 0 0 -0.000634745985735208 -0.00675379019230604
-103 0 0 -0.000624248990789056 -0.00654541002586484
-102 0 0 -0.000613466021604836 -0.00633095996454358
-101 0 0 -0.000602366984821856 -0.00610985001549125
-100 10 4 -0.0005909189931117 -0.00588137004524469
-99 0 0 -0.000579082989133894 -0.00564468977972865
-98 0 0 -0.000570952019188553 -0.00548186991363764
-97 0 0 -0.000562610977794975 -0.0053146299906075
-96 0 0 -0.000554040016140789 -0.00514257000759244
-95 0 0 -0.000545217015314847 -0.0049652298912406
-94 0 0 -0.000536117993760854 -0.00478210998699069
-93 0 0 -0.000526711985003203 -0.00459256023168564
-92 0 0 -0.000520254019647837 -0.00446227984502912
-91 0 0 -0.000513632025104016 -0.00432856986299157
-90 0 0 -0.000506831973325461 -0.00419116020202637
-89 0 0 -0.000499837973620743 -0.00404970021918416
-88 0 0 -0.000492632971145213 -0.00390383997000754
-87 0 0 -0.000485194992506877 -0.00375313009135425
-86 0 0 -0.000477500987472013 -0.00359708000905812
-85 0 0 -0.000472213985631242 -0.00348978000693023
-84 0 0 -0.000466791010694578 -0.00337963993661106
-83 0 0 -0.000461220013676211 -0.0032664299942553
-82 0 0 -0.000455488014267758 -0.00314988009631634
-81 0 0 -0.000449581013526767 -0.00302969990298152
-80 0 0 -0.000443483993876725 -0.0029055499471724
-79 0 0 -0.000437175011029467 -0.00277702999301255
-78 0 0 -0.000430635001976043 -0.00264368997886777
-77 0 0 -0.000423835008405149 -0.00250497995875776
-76 0 0 -0.000416747003328055 -0.00236027990467846
-75 0 0 -0.000409331987611949 -0.00220882007852197
-74 0 0 -0.000401547993533313 -0.00204970990307629
-73 0 0 -0.00039334301254712 -0.00188185996375978
-72 0 0 -0.0003846519975923 -0.00170394999440759
-71 0 0 -0.00037539898767136 -0.00151442002970725
-70 0 0 -0.00036549600190483 -0.00131141999736428
-69 0 0 -0.000343316001817584 -0.000856218975968659
-68 0 0 -0.000233985992963426 0.00139498000498861
-67 0 0 -0.000170622006407939 0.00270221009850502
-66 0 0 -8.75582991284318E-05 0.0044140899553895
-65 0 0 2.53048001468414E-05 0.00672915019094944
-64 0 0 0.000185287994099781 0.00997115019708872
-63 0 0 0.00042432700865902 0.0146904997527599
-62 0 0 0.000625692016910762 0.0185323003679514
-61 0 0 0.000812839018180966 0.021994499489665
-60 0 0 0.00099482003133744 0.025271100923419
-59 0 0 0.0011765300296247 0.0284671001136303
-58 0 0 0.00136120000388473 0.0316519998013973
-57 0 0 0.00155134999658912 0.0348790995776653
-56 0 0 0.00174913997761905 0.0381952002644539
-55 0 0 0.00195663003250957 0.0416454002261162
-54 0 0 0.00217586988583207 0.0452761985361576
-53 0 0 0.00240899994969368 0.0491391010582447
-52 0 0 0.00265819998458028 0.0532925017178059
-51 0 0 0.00292568001896143 0.0578038990497589
-50 9 4 0.00321341003291309 0.0627508983016014
-49 0 0 0.00352257001213729 0.0682198032736778
-48 0 0 0.00385266006924212 0.0742971003055573
-47 0 0 0.00419980986043811 0.0810509026050568
-46 0 0 0.0045550400391221 0.0884974971413612
-45 0 0 0.00490341987460852 0.0965657979249954
-44 0 0 0.0052264197729528 0.105090998113155
-43 0 0 0.0055070398375392 0.113860003650188
-42 0 0 0.00573431979864836 0.122677996754646
-41 0 0 0.00590447010472417 0.131409004330635
-40 0 0 0.00601914012804627 0.139979004859924
-39 0 0 0.00608320999890566 0.148356005549431
38 8 2 0.00610304996371269 0.156534999608994
37 0 0 0.00609978986904025 0.159937992691994
36 0 0 0.00606846017763019 0.167850002646446
35 0 0 0.00600922992452979 0.175592005252838
34 0 0 0.0059282099828124 0.183181002736092
33 0 0 0.00583097012713552 0.190632998943329
32 0 0 0.00572243984788656 0.197962999343872
31 0 0 0.00560698006302118 0.205185994505882
30 0 0 0.00548835983499885 0.212314993143082
29 0 0 0.0053697801195085 0.219361007213593
28 0 0 0.0052539799362421 0.226335003972054
27 0 0 0.00514320004731417 0.233246996998787
26 0 0 0.00503929005935788 0.240106001496315
25 0 0 0.00494372984394431 0.246921002864838
24 0 0 0.00485769007354975 0.253697991371155
23 0 0 0.00478204013779759 0.260446012020111
22 0 0 0.00471743987873197 0.267170011997223
21 0 0 0.00466432003304362 0.273876994848251
20 0 0 0.00462295021861792 0.28057199716568
19 0 0 0.00459345011040568 0.287261992692947
18 0 0 0.00457582995295525 0.293951004743576
-17 7 2 0.00456999009475112 0.300644010305405
-16 0 0 0.00457565020769835 0.307280987501144
-15 0 0 0.00459267990663648 0.313998013734818
-14 0 0 0.0046207900159061 0.320731997489929
-13 0 0 0.00465966993942857 0.327488988637924
-12 0 0 0.00470894016325474 0.334273010492325
-11 0 0 0.00476825004443526 0.341089010238647
-10 0 0 0.00483718980103731 0.347939997911453
-9 0 0 0.00488829985260963 0.352528005838394
-8 0 0 0.00492460001260042 0.355598002672195
-7 0 0 0.00494976993650198 0.357648998498917
-6 0 0 0.00496697006747127 0.359019011259079
-5 0 0 0.00497861998155713 0.359932988882065
-4 0 0 0.0049864798784256 0.360543012619019
-3 0 0 0.00499174976721406 0.360949993133545
-2 0 0 0.00499527994543314 0.361220985651016
1 0 0 0.00499999988824129 0.36158299446106
1 0 0 0.00499999988824129 0.36158299446106
-2 0 0 0.00500475009903312 0.361945003271103
-3 0 0 0.00500833010300994 0.362215995788574
-4 0 0 0.00501372013241053 0.362623989582062
-5 0 0 0.00502185989171267 0.363234996795654
-6 0 0 0.00503417989239097 0.364152997732162
-7 0 0 0.00505293998867273 0.365532010793686
-8 0 0 0.00508168013766408 0.367603003978729
-9 0 0 0.00512612005695701 0.370718985795975
-10 0 0 0.00519568985328078 0.375411987304688
-11 0 0 0.00530637009069324 0.382497996091843
-12 0 0 0.00542428996413946 0.389645010232925
-13 0 0 0.00554904015734792 0.396854996681213
-14 0 0 0.00568025000393391 0.404134005308151
-15 0 0 0.00581753021106124 0.411484986543655
-16 0 0 0.0059604998677969 0.418913990259171
-17 0 0 0.00610877992585301 0.426423996686935
-18 0 0 0.00626200996339321 0.43402099609375
-19 0 0 0.00641981977969408 0.441707998514175
-20 0 0 0.00658184988424182 0.449490994215012
-21 0 0 0.00674773985520005 0.45737498998642
-22 0 0 0.00691713020205498 0.465364992618561
-23 0 0 0.00708966003730893 0.473466008901596
-24 0 0 0.00726496987044811 0.481682986021042
-25 0 0 0.0074426899664104 0.490022003650665
-26 0 0 0.00762245990335941 0.498490005731583
-27 0 0 0.007803900167346 0.507091999053955
-28 0 0 0.00798663031309843 0.515833973884583
-29 0 0 0.00817024987190962 0.524722993373871
-30 0 0 0.0083543797954917 0.533765971660614
-31 0 0 0.00853860005736351 0.542968988418579
-32 0 0 0.00872248038649559 0.552339971065521
-33 0 0 0.00890558026731014 0.56188702583313
-34 0 0 0.00908743962645531 0.571617007255554
-35 0 0 0.00926759000867605 0.5815389752388
-36 0 0 0.00944553036242723 0.591661989688873
-37 0 0 0.00962074007838964 0.601993024349213
-38 0 0 0.00979270040988922 0.612541973590851
-39 0 0 0.0099608302116394 0.623319983482361
-40 0 0 0.0101244999095798 0.634334981441498
-41 0 0 0.010283200070262 0.645599007606506
-42 0 0 0.010436300188303 0.657121002674103
-43 0 0 0.0105830002576113 0.668913006782532
-44 0 0 0.0107226995751262 0.680985987186432
-45 0 0 0.0108546996489167 0.693351984024048
-46 0 0 0.0109781995415688 0.706022977828979
-47 0 0 0.0110926004126668 0.719011008739471
-48 0 0 0.0111969001591206 0.73232901096344
-49 0 0 0.01129059959203 0.745989978313446
-50 2 4 0.0113727999851108 0.760006010532379
-51 0 0 0.0114427004009485 0.774389982223511
-52 0 0 0.0114995995536447 0.789156019687653
-53 0 0 0.0115427998825908 0.804316997528076
-54 0 0 0.0115716001018882 0.81988400220871
-55 0 0 0.0115854004397988 0.835871994495392
56 3 2 0.0115865999832749 0.842180013656616
57 0 0 0.011578599922359 0.858767986297607
58 0 0 0.0115545000880957 0.875804007053375
59 0 0 0.0115139000117779 0.893296003341675
60 0 0 0.0114567000418901 0.91125500202179
61 0 0 0.0113827995955944 0.929687976837158
62 0 0 0.0112926000729203 0.948602020740509
63 0 0 0.0111862998455763 0.96800297498703
64 0 0 0.011064600199461 0.987893998622894
65 0 0 0.0109283002093434 1.00828003883362
66 0 0 0.0107784001156688 1.02915000915527
67 0 0 0.0106162996962667 1.0505199432373
68 0 0 0.0104435002431273 1.07237994670868
69 0 0 0.0102618001401424 1.09472000598907
70 0 0 0.0100731002166867 1.11752998828888
71 0 0 0.00987963005900383 1.14082002639771
72 0 0 0.00968363042920828 1.1645599603653
73 0 0 0.00948757026344538 1.18876004219055
74 0 0 0.00929395016282797 1.21338999271393
75 0 0 0.00910536013543606 1.238450050354
76 0 0 0.00892436970025301 1.26391994953156
77 0 0 0.00875353999435902 1.28980004787445
78 0 0 0.00859538000077009 1.31605994701385
79 0 0 0.00845228973776102 1.34268999099731
80 0 0 0.0083265695720911 1.36968994140625
81 0 0 0.00822036992758512 1.39702999591827
82 0 0 0.00813568010926247 1.4247100353241
83 0 0 0.00807431992143393 1.4527200460434
84 0 0 0.00803792010992765 1.48104000091553
-85 4 2 0.00802769977599382 1.50584995746613
-86 0 0 0.00804166030138731 1.53473997116089
-87 0 0 0.00808424036949873 1.56389999389648
-88 0 0 0.00815634988248348 1.59335005283356
-89 0 0 0.00825874973088503 1.62305998802185
-90 0 0 0.00839199963957071 1.65304005146027
-91 0 0 0.00855651963502169 1.68326997756958
-92 0 0 0.00875260028988123 1.71375000476837
-93 0 0 0.00898037012666464 1.74447000026703
-94 0 0 0.00923984963446856 1.77541995048523
-95 0 0 0.00953094009310007 1.80660998821259
-96 0 0 0.00985344033688307 1.83800995349884
-97 0 0 0.010207099840045 1.86963999271393
-98 0 0 0.0105915004387498 1.90147995948792
-99 0 0 0.0110063003376126 1.93352997303009
-100 5 4 0.01145080011338 1.96579003334045
-101 0 0 0.0119246998801827 1.99825000762939
-102 0 0 0.0124273998662829 2.03090000152588
-103 0 0 0.012958100065589 2.06374001502991
-104 0 0 0.0135161997750401 2.09677004814148
-105 0 0 0.0141011001542211 2.1299901008606
-106 0 0 0.0147120002657175 2.16337990760803
-107 0 0 0.0153483003377914 2.19693994522095
-108 0 0 0.0160092003643513 2.23067998886108
-109 0 0 0.0166941005736589 2.2645800113678
-110 0 0 0.0174020007252693 2.29864001274109
-111 0 0 0.0181325003504753 2.33285999298096
-112 0 0 0.0188845992088318 2.36722993850708
-113 0 0 0.0196576993912458 2.40176010131836
-114 0 0 0.0204511005431414 2.43641996383667
-115 0 0 0.0212641004472971 2.47123003005981
-116 0 0 0.0220960006117821 2.50617003440857
-117 0 0 0.0229461006820202 2.54124999046326
-118 0 0 0.0238137003034353 2.57645010948181
-119 0 0 0.0246981997042894 2.6117799282074
-120 0 0 0.0255990996956825 2.64722990989685
-121 0 0 0.0265155006200075 2.68279004096985
-122 0 0 0.0274470001459122 2.71847009658813
-123 0 0 0.0283930003643036 2.75426006317139
-124 0 0 0.0293528009206057 2.79014992713928
-125 0 0 0.0303259994834661 2.8261399269104
-126 0 0 0.0313120000064373 2.86223006248474
-127 0 0 0.0323102995753288 2.8984100818634
-128 0 0 0.0333204008638859 2.93468999862671
-129 0 0 0.0343418009579182 2.97105002403259
-130 0 0 0.0353741012513638 3.00748991966248
-131 0 0 0.0364166982471943 3.04401993751526
-132 0 0 0.0374693013727665 3.0806200504303
-133 0 0 0.0385315008461475 3.11730003356934
-134 0 0 0.0396028012037277 3.15405011177063
-135 0 0 0.0406829006969929 3.1908700466156
-136 0 0 0.0417714007198811 3.2277500629425
-137 0 0 0.04286789894104 3.26469993591309
-138 0 0 0.0439721010625362 3.3017098903656
-139 0 0 0.0450837016105652 3.33877992630005
-140 0 0 0.0462023988366127 3.37590003013611
-141 0 0 0.0473278015851974 3.41307997703552
-142 0 0 0.0484597012400627 3.45030999183655
-143 0 0 0.0495976991951466 3.48759007453918
-144 6 9 0.0507416985929012 3.52490997314453
