-280 14 9 -0.0500146001577377 -0.398891001939774
-279 0 0 -0.0494140014052391 -0.394088000059128
-278 0 0 -0.0488145016133785 -0.389311999082565
-277 0 0 -0.0482156984508038 -0.384562999010086
-276 0 0 -0.0476173982024193 -0.37983900308609
-275 0 0 -0.0470192991197109 -0.375138998031616
-274 0 0 -0.0464210994541645 -0.370462000370026
-273 0 0 -0.0458225011825562 -0.365806996822357
-272 0 0 -0.0452232994139194 -0.361171990633011
-271 0 0 -0.0446233004331589 -0.356557011604309
-270 0 0 -0.0440220013260841 -0.351960986852646
-269 0 0 -0.0434193015098572 -0.347380995750427
-268 0 0 -0.0428148992359638 -0.34281799197197
-267 0 0 -0.0422085002064705 -0.338270008563995
-266 0 0 -0.0415996983647346 -0.33373498916626
-265 0 0 -0.0409884005784988 -0.329212993383408
-264 0 0 -0.0403742007911205 -0.324701994657516
-263 0 0 -0.0397569015622139 -0.320201992988586
-262 0 0 -0.0391361005604267 -0.315710008144379
-261 0 0 -0.0385117009282112 -0.311226010322571
-260 0 0 -0.0378833003342152 -0.306748002767563
-259 0 0 -0.0372506007552147 -0.302275985479355
-258 0 0 -0.0366134010255337 -0.29780700802803
-257 0 0 -0.035971499979496 -0.293341010808945
-256 0 0 -0.0353244990110397 -0.288875013589859
-255 0 0 -0.0346723012626171 -0.284408986568451
-254 0 0 -0.0340146012604237 -0.279940992593765
-253 0 0 -0.0333512015640736 -0.275469988584518
-252 0 0 -0.0326819010078907 -0.270992994308472
-251 0 0 -0.032006498426199 -0.266510009765625
-250 13 4 -0.0313248001039028 -0.262017995119095
-249 0 0 -0.0306368004530668 -0.257515996694565
-248 0 0 -0.0301744993776083 -0.25450798869133
-247 0 0 -0.0297093000262976 -0.251493006944656
-246 0 0 -0.0292410999536514 -0.24847300350666
-245 0 0 -0.028770100325346 -0.245444998145103
-244 0 0 -0.0282959993928671 -0.242409005761147
-243 0 0 -0.027819100767374 -0.239363998174667
-242 0 0 -0.0273391995579004 -0.236310005187988
-241 0 0 -0.0268564000725746 -0.233246996998787
-240 0 0 -0.0263707004487514 -0.230173006653786
-239 0 0 -0.0258821994066238 -0.227087005972862
-238 0 0 -0.025390800088644 -0.223988994956017
-237 0 0 -0.0250617992132902 -0.221916005015373
-236 0 0 -0.0247315000742674 -0.219837993383408
-235 0 0 -0.0244001001119614 -0.217752993106842
-234 0 0 -0.0240675006061792 -0.215661004185677
-233 0 0 -0.023733900859952 -0.213562995195389
-232 0 0 -0.0233990997076035 -0.211456999182701
-231 0 0 -0.0230633001774549 -0.209343999624252
-230 0 0 -0.0227265004068613 -0.207222998142242
-229 0 0 -0.0223887003958225 -0.205093994736671
-228 0 0 -0.0220500007271767 -0.202957004308701
-227 0 0 -0.0217103995382786 -0.200810998678207
-226 0 0 -0.0213699992746115 -0.198655992746353
-225 0 0 -0.0210287999361753 -0.196492001414299
-224 0 0 -0.0206867996603251 -0.194316998124123
-223 0 0 -0.0203441996127367 -0.192132994532585
-222 0 0 -0.0200009997934103 -0.189937993884087
-221 0 0 -0.0196572002023458 -0.187731996178627
-220 0 0 -0.0193128995597363 -0.185515001416206
-219 0 0 -0.0189682003110647 -0.183286994695663
-218 0 0 -0.018623199313879 -0.18104599416256
-217 0 0 -0.0182779002934694 -0.178792998194695
-216 0 0 -0.0179324001073837 -0.176526993513107
-215 0 0 -0.017586899921298 -0.174246996641159
-214 0 0 -0.0172412991523743 -0.17195400595665
-213 0 0 -0.0168958008289337 -0.169645994901657
-212 0 0 -0.016550499945879 -0.167324006557465
-211 0 0 -0.0162054002285004 -0.164985999464989
-210 0 0 -0.0158606991171837 -0.162633001804352
-209 0 0 -0.0155165996402502 -0.160264000296593
-208 0 0 -0.0151730002835393 -0.157878994941711
-207 0 0 -0.0148301003500819 -0.155477002263069
-206 0 0 -0.0144881997257471 -0.153058007359505
-205 0 0 -0.0141471996903419 -0.150621995329857
-204 0 0 -0.0138072995468974 -0.148167997598648
-203 0 0 -0.0134687004610896 -0.145696997642517
-202 0 0 -0.0131315998733044 -0.143207997083664
-201 0 0 -0.0127961002290249 -0.140700995922089
-200 12 4 -0.0124623998999596 -0.138177007436752
-199 0 0 -0.0121307997033 -0.135636001825333
-198 0 0 -0.0118014002218843 -0.133079007267952
-197 0 0 -0.0114743998274207 -0.130505993962288
-196 0 0 -0.0111502995714545 -0.127919003367424
-195 0 0 -0.0108292000368237 -0.125319004058838
-194 0 0 -0.0105114001780748 -0.12270899862051
-193 0 0 -0.0101974001154304 -0.120090000331402
-192 0 0 -0.00988744013011456 -0.117466002702713
-191 0 0 -0.00958201009780169 -0.114839002490044
-190 0 0 -0.00928150024265051 -0.112214997410774
-189 0 0 -0.00898636970669031 -0.109596997499466
-188 0 0 -0.0086970804259181 -0.106989003717899
-187 0 0 -0.00841411016881466 -0.104399003088474
-186 0 0 -0.0081379096955061 -0.101830996572971
-185 0 0 -0.00786892045289278 -0.0992904007434845
-184 0 0 -0.00760752987116575 -0.0967840030789375
-183 0 0 -0.00735408999025822 -0.0943171977996826
-182 0 0 -0.00710888998582959 -0.0918952003121376
-181 0 0 -0.00687211006879807 -0.089522697031498
-180 0 0 -0.0066438801586628 -0.0872038006782532
-179 0 0 -0.00642423983663321 -0.0849417969584465
-178 0 0 -0.00621314998716116 -0.0827390998601913
-177 0 0 -0.00601048022508621 -0.0805974006652832
-176 0 0 -0.00581604987382889 -0.0785176008939743
-175 0 0 -0.00562962982803583 -0.0764997974038124
-174 0 0 -0.00545092998072505 -0.0745434984564781
-173 0 0 -0.00527966022491455 -0.0726476982235909
-172 0 0 -0.00511548016220331 -0.0708111003041267
-171 0 0 -0.0049580498598516 -0.069031797349453
-170 0 0 -0.00480702007189393 -0.0673078000545502
-169 0 0 -0.00466206017881632 -0.0656369999051094
-168 0 0 -0.00452282978221774 -0.0640171021223068
-167 0 0 -0.00438898988068104 -0.0624457001686096
-166 0 0 -0.0042602401226759 -0.0609204992651939
-165 0 0 -0.004136280156672 -0.0594391003251076
-164 0 0 -0.00401683012023568 -0.0579993017017841
-163 0 0 -0.0039016199298203 -0.0565987005829811
-162 0 0 -0.0037903799675405 -0.0552351996302605
-161 0 0 -0.00368289998732507 -0.0539067983627319
-160 0 0 -0.00357892992906272 -0.0526112988591194
-159 0 0 -0.00347828003577888 -0.0513468012213707
-158 0 0 -0.00338074006140232 -0.050111498683691
-157 0 0 -0.00328614003956318 -0.0489036999642849
-156 0 0 -0.00319428998045623 -0.0477215014398098
-155 0 0 -0.00310503994114697 -0.0465634018182755
-154 0 0 -0.00301823997870088 -0.0454277992248535
-153 0 0 -0.00293372990563512 -0.0443133004009724
-152 0 0 -0.00285139004699886 -0.0432182997465134
-151 0 0 -0.00277109001763165 -0.0421415008604527
-150 11 4 -0.00269270990975201 -0.0410814993083477
-149 0 0 -0.0026161300484091 -0.0400370992720127
-148 0 0 -0.00254125008359551 -0.0390069000422955
-147 0 0 -0.00246795010752976 -0.0379896983504295
-146 0 0 -0.00239615002647042 -0.0369842983782291
-145 0 0 -0.0023257399443537 -0.0359896011650562
-144 0 0 -0.00225662998855114 -0.0350041016936302
-143 0 0 -0.00218873005360365 -0.0340268984436989
-142 0 0 -0.00212196004576981 -0.0330565981566906
-141 0 0 -0.0020562200807035 -0.0320920012891293
-140 0 0 -0.00199143006466329 -0.0311319008469582
-139 0 0 -0.00192750000860542 -0.0301748998463154
-138 0 0 -0.00186434003990144 -0.0292197000235319
-137 0 0 -0.0018018699483946 -0.0282646995037794
-136 0 0 -0.00173999997787178 -0.0273084994405508
-135 0 0 -0.00167860998772085 -0.0263493992388248
-134 0 0 -0.00161762000061572 -0.0253855008631945
-133 0 0 -0.00155690999235958 -0.024414699524641
-132 0 0 -0.00149636005517095 -0.0234348997473717
-131 0 0 -0.00143583002500236 -0.02244340069592
-130 0 0 -0.00137517997063696 -0.0214371997863054
-129 0 0 -0.00131422001868486 -0.0204128008335829
-128 0 0 -0.00125274003949016 -0.0193658005446196
-127 0 0 -0.00121133995708078 -0.0186528004705906
-126 0 0 -0.00116951996460557 -0.0179255995899439
-125 0 0 -0.00112715002615005 -0.0171821005642414
-124 0 0 -0.00108413002453744 -0.0164196994155645
-123 0 0 -0.00104030000511557 -0.0156350992619991
-122 0 0 -0.00101054005790502 -0.0150979002937675
-121 0 0 -0.000980271026492119 -0.0145479002967477
-120 0 0 -0.00094941898714751 -0.0139832999557257
-119 0 0 -0.000917889992706478 -0.0134022003039718
-118 0 0 -0.000885573972482234 -0.0128023000434041
-117 0 0 -0.00086352601647377 -0.0123905995860696
-116 0 0 -0.000841020024381578 -0.0119682000949979
-115 0 0 -0.000818000000435859 -0.0115339998155832
-114 0 0 -0.000794398016296327 -0.0110865999013186
-113 0 0 -0.000770135025959462 -0.0106242997571826
-112 0 0 -0.000753545027691871 -0.0103067997843027
-111 0 0 -0.000736585003323853 -0.00998112000524998
-110 0 0 -0.000719215022400022 -0.00964639987796545
-109 0 0 -0.000701389973983169 -0.00930166989564896
-108 0 0 -0.000683053978718817 -0.00894579011946917
-107 0 0 -0.000664143008179963 -0.00857742037624121
-106 0 0 -0.00065117800841108 -0.00832410994917154
-105 0 0 -0.000637896009720862 -0.00806394033133984
-104 0 0 -0.000624264008365571 -0.00779626984149218
-103 0 0 -0.000610245973803103 -0.00752031011506915
-102 0 0 -0.000595797027926892 -0.00723516987636685
-101 0 0 -0.000580866995733231 -0.00693975994363427
-100 10 4 -0.000570614996831864 -0.00673648016527295
-99 0 0 -0.00056010001571849 -0.00652759987860918
-98 0 0 -0.000549295975361019 -0.00631261989474297
-97 0 0 -0.00053817400475964 -0.00609091017395258
-96 0 0 -0.000526699004694819 -0.00586178014054894
-95 0 0 -0.000514831976033747 -0.00562437018379569
-94 0 0 -0.000506679003592581 -0.0054610101506114
-93 0 0 -0.000498312001582235 -0.00529317976906896
-92 0 0 -0.000489713973365724 -0.00512047996744514
-91 0 0 -0.000480860995594412 -0.00494245020672679
-90 0 0 -0.000471728009870276 -0.00475854985415936
-89 0 0 -0.000462283991510049 -0.00456814002245665
-88 0 0 -0.000455797009635717 -0.00443723006173968
-87 0 0 -0.000449143990408629 -0.0043028499931097
-86 0 0 -0.000442310993093997 -0.00416469015181065
-85 0 0 -0.000435280991951004 -0.00402243016287684
-84 0 0 -0.000428035011282191 -0.00387569004669785
-83 0 0 -0.000420552009018138 -0.00372400996275246
-82 0 0 -0.000412808003602549 -0.00356688001193106
-81 0 0 -0.000407485000323504 -0.00345879001542926
-80 0 0 -0.000402022007619962 -0.00334780011326075
-79 0 0 -0.00039640799514018 -0.00323367002420127
-78 0 0 -0.000390628993045539 -0.00311611988581717
-77 0 0 -0.000384671002393588 -0.00299485004507005
-76 0 0 -0.000378516997443512 -0.00286950008012354
-75 0 0 -0.00037214599433355 -0.00273966998793185
-74 0 0 -0.000365535990567878 -0.00260486011393368
-73 0 0 -0.000358658988261595 -0.00246452004648745
-72 0 0 -0.000351483002305031 -0.00231797993183136
-71 0 0 -0.000343969004461542 -0.00216445000842214
-70 0 0 -0.000336072989739478 -0.00200297008268535
-69 0 0 -0.000327737012412399 -0.00183240999467671
-68 0 0 -0.000318895996315405 -0.00165136996656656
-67 0 0 -0.000309469003695995 -0.00145821005571634
-66 0 0 -0.0002993649977725 -0.00125100999139249
-65 0 0 -0.000288481998723 -0.0010276900138706
-64 0 0 -0.000276731996564195 -0.00078640301944688
-63 0 0 -0.000250557000981644 -0.000248285010457039
-62 0 0 -0.000152565000462346 0.00177106994669884
-61 0 0 -9.52077971305698E-05 0.00295417988672853
-60 0 0 0.000287036004010588 0.0107397995889187
-59 0 0 0.00051800801884383 0.0152730997651815
-58 0 0 0.00071668898453936 0.0190421994775534
-57 0 0 0.000902922998648137 0.02246930077672
-56 0 0 0.00108487997204065 0.0257291998714209
-55 0 0 0.00126710999757051 0.0289198998361826
-54 0 0 0.00145274004898965 0.032107699662447
-53 0 0 0.00164420995861292 0.0353447012603283
-52 0 0 0.0018436600221321 0.0386772006750107
-51 0 0 0.00205315998755395 0.0421500988304615
-50 9 4 0.00227478006854653 0.0458106994628906
-49 0 0 0.00251067988574505 0.0497112981975079
-48 0 0 0.00276307994499803 0.0539112985134125
-47 0 0 0.00303420005366206 0.0584798008203506
-46 0 0 0.00332596991211176 0.0634957998991013
-45 0 0 0.00363946007564664 0.0690463036298752
-44 0 0 0.00397385004907846 0.0752167031168938
-43 0 0 0.00432473002001643 0.0820702016353607
-42 0 0 0.0046823201701045 0.0896124988794327
-41 0 0 0.00503099989145994 0.0977585017681122
-40 0 0 0.005352099891752 0.106333002448082
-39 0 0 0.00562922982499003 0.115120001137257
-38 0 0 0.00585243990644813 0.123934000730515
-37 0 0 0.00601880019530654 0.13264699280262
-36 0 0 0.00613051000982523 0.141192004084587
-35 0 0 0.00619274005293846 0.14954200387001
34 8 2 0.00621194997802377 0.15769499540329
33 0 0 0.00621106009930372 0.159492999315262
32 0 0 0.00618695979937911 0.167417004704475
31 0 0 0.00613484997302294 0.175169005990028
30 0 0 0.00606090016663074 0.182768002152443
29 0 0 0.00597068993374705 0.190228998661041
28 0 0 0.00586922978982329 0.197567000985146
27 0 0 0.00576090021058917 0.204797998070717
26 0 0 0.00564952008426189 0.211933001875877
25 0 0 0.00553834997117519 0.218985006213188
24 0 0 0.00543014984577894 0.225964993238449
23 0 0 0.00532720005139709 0.232883006334305
22 0 0 0.00523140002042055 0.239747002720833
21 0 0 0.00514425989240408 0.246565997600555
20 0 0 0.00506696989759803 0.253347009420395
19 0 0 0.00500045996159315 0.260098993778229
18 0 0 0.00494538992643356 0.266826987266541
17 0 0 0.00490223988890648 0.273537009954453
16 0 0 0.00487129995599389 0.280236005783081
15 0 0 0.00485272007063031 0.28692901134491
14 7 2 0.00484653981402516 0.293621003627777
-13 0 0 0.00484657986089587 0.294160008430481
-12 0 0 0.00485371984541416 0.30085700750351
-11 0 0 0.00487302010878921 0.307563006877899
-10 0 0 0.00490427017211914 0.314283013343811
-9 0 0 0.00493161985650659 0.31877401471138
-8 0 0 0.00495269987732172 0.321772992610931
-7 0 0 0.00496800011023879 0.323774993419647
-6 0 0 0.00497874990105629 0.325109988451004
-5 0 0 0.00498615996912122 0.326000988483429
-4 0 0 0.00499119982123375 0.326595991849899
-3 0 0 0.00499462010338902 0.326992005109787
-2 0 0 0.0049969102256 0.327255994081497
1 0 0 0.00499999988824129 0.327609002590179
1 0 0 0.00499999988824129 0.327609002590179
-2 0 0 0.00500311981886625 0.327960997819901
-3 0 0 0.00500547979027033 0.328224986791611
-4 0 0 0.00500905001536012 0.32862201333046
-5 0 0 0.00501446984708309 0.329216986894608
-6 0 0 0.00502276001498103 0.330110996961594
-7 0 0 0.00503556011244655 0.331450998783112
-8 0 0 0.00505555002018809 0.33346500992775
-9 0 0 0.00508730998262763 0.336490005254745
-10 0 0 0.00513886986300349 0.34103998541832
-11 0 0 0.00522483978420496 0.347894996404648
-12 0 0 0.00532082002609968 0.35479000210762
-13 0 0 0.00542645016685128 0.361728012561798
-14 0 0 0.00554136978462338 0.368714988231659
-15 0 0 0.00566519983112812 0.375753998756409
-16 0 0 0.00579759012907743 0.382849007844925
-17 0 0 0.00593819003552198 0.390004992485046
-18 0 0 0.00608664005994797 0.397224992513657
-19 0 0 0.00624261004850268 0.404514998197556
-20 0 0 0.00640576984733343 0.411877989768982
-21 0 0 0.00657580001279712 0.419319003820419
-22 0 0 0.00675238016992807 0.426842004060745
-23 0 0 0.00693520996719599 0.434453010559082
-24 0 0 0.00712398020550609 0.442155003547668
-25 0 0 0.00731841986998916 0.449954003095627
-26 0 0 0.00751822022721171 0.457854986190796
-27 0 0 0.00772310979664326 0.465862989425659
-28 0 0 0.0079328203573823 0.473984003067017
-29 0 0 0.00814704969525337 0.482221990823746
-30 0 0 0.00836555007845163 0.49058398604393
-31 0 0 0.00858804024755955 0.499076992273331
-32 0 0 0.00881422962993383 0.507704973220825
-33 0 0 0.00904386956244707 0.516475021839142
-34 0 0 0.00927666015923023 0.525394976139069
-35 0 0 0.00951230991631746 0.534470021724701
-36 0 0 0.0097505496814847 0.543708980083466
-37 0 0 0.00999104976654053 0.553119003772736
-38 0 0 0.0102335000410676 0.562708020210266
-39 0 0 0.0104775996878743 0.572483003139496
-40 0 0 0.0107230003923178 0.582454025745392
-41 0 0 0.0109694004058838 0.59263002872467
-42 0 0 0.0112164001911879 0.603018999099731
-43 0 0 0.0114634996280074 0.613631010055542
-44 0 0 0.0117105003446341 0.624477982521057
-45 0 0 0.011956799775362 0.635568022727966
-46 0 0 0.0122020002454519 0.64691299200058
-47 0 0 0.0124455997720361 0.658523976802826
-48 0 0 0.0126871997490525 0.670413017272949
-49 0 0 0.0129262004047632 0.682592988014221
-50 2 4 0.013162000104785 0.695075988769531
-51 0 0 0.0133940996602178 0.70787501335144
-52 0 0 0.0136216999962926 0.721002995967865
-53 0 0 0.0138443997129798 0.734475016593933
-54 0 0 0.0140613997355103 0.748305022716522
-55 0 0 0.0142719997093081 0.762507021427155
-56 0 0 0.0144755002111197 0.777095973491669
-57 0 0 0.0146711999550462 0.792086005210876
-58 0 0 0.0148582998663187 0.807492971420288
-59 0 0 0.0150362001731992 0.823330998420715
-60 0 0 0.0152040002867579 0.839614987373352
-61 0 0 0.015361100435257 0.856359004974365
-62 0 0 0.0155068002641201 0.873576998710632
-63 0 0 0.0156404990702868 0.891282975673676
-64 0 0 0.0157616008073092 0.909487009048462
-65 0 0 0.0158696994185448 0.928201973438263
-66 0 0 0.01596450060606 0.94743800163269
-67 0 0 0.0160456001758575 0.967202007770538
-68 0 0 0.0161131005734205 0.987501978874207
-69 0 0 0.0161671005189419 1.00834000110626
-70 0 0 0.0162077993154526 1.02972996234894
-71 0 0 0.0162356998771429 1.05165994167328
-72 0 0 0.0162515994161367 1.07413005828857
-73 3 2 0.0162563994526863 1.09627997875214
74 0 0 0.0162515994161367 1.11980998516083
75 0 0 0.0162383001297712 1.14385998249054
76 0 0 0.0162177998572588 1.16842997074127
77 0 0 0.0161921996623278 1.19351005554199
78 0 0 0.0161632001399994 1.2190899848938
79 0 0 0.0161329004913568 1.2451399564743
80 0 0 0.0161035992205143 1.27165997028351
81 0 0 0.0160773992538452 1.29862999916077
82 0 0 0.0160566996783018 1.32603001594543
83 0 0 0.0160435996949673 1.35385000705719
-84 4 2 0.0160402990877628 1.37573003768921
-85 0 0 0.0160464998334646 1.40425002574921
-86 0 0 0.0160665009170771 1.43315005302429
-87 0 0 0.0161022003740072 1.46239995956421
-88 0 0 0.0161556992679834 1.49199998378754
-89 0 0 0.0162285007536411 1.52192997932434
-90 0 0 0.0163224004209042 1.55217003822327
-91 0 0 0.0164385996758938 1.5827100276947
-92 0 0 0.0165784992277622 1.61354994773865
-93 0 0 0.0167430993169546 1.64465999603271
-94 0 0 0.016933299601078 1.67604005336761
-95 0 0 0.0171499997377396 1.70767998695374
-96 0 0 0.0173937007784843 1.73957002162933
-97 0 0 0.0176647994667292 1.7717000246048
-98 0 0 0.0179638005793095 1.80404996871948
-99 0 0 0.0182907003909349 1.836629986763
-100 5 4 0.0186457000672817 1.86942994594574
-101 0 0 0.0190287996083498 1.90243005752563
-102 0 0 0.0194397997111082 1.93563997745514
-103 0 0 0.0198784004896879 1.96903002262115
-104 0 0 0.0203444994986057 2.00261998176575
-105 0 0 0.0208376999944448 2.03639006614685
-106 0 0 0.0213575009256601 2.07032990455627
-107 0 0 0.0219034999608994 2.1044499874115
-108 0 0 0.0224750991910696 2.1387300491333
-109 0 0 0.0230719000101089 2.17317008972168
-110 0 0 0.0236930996179581 2.20776009559631
-111 0 0 0.024338299408555 2.24251008033752
-112 0 0 0.0250068008899689 2.27739000320435
-113 0 0 0.0256980005651712 2.31241989135742
-114 0 0 0.0264110993593931 2.34757995605469
-115 0 0 0.0271457005292177 2.38286995887756
-116 0 0 0.0279009006917477 2.41828989982605
-117 0 0 0.0286761000752449 2.4538300037384
-118 0 0 0.0294707994908094 2.48949003219604
-119 0 0 0.0302841998636723 2.52525997161865
-120 0 0 0.0311156008392572 2.5611400604248
-121 0 0 0.0319646000862122 2.5971200466156
-122 0 0 0.0328303016722202 2.63319993019104
-123 0 0 0.0337123014032841 2.66938996315002
-124 0 0 0.0346098989248276 2.70566010475159
-125 0 0 0.035522598773241 2.74201989173889
-126 0 0 0.0364498011767864 2.778480052948
-127 0 0 0.037390798330307 2.81501007080078
-128 0 0 0.0383452996611595 2.85161995887756
-129 0 0 0.0393126010894775 2.88830995559692
-130 0 0 0.0402924008667469 2.92507004737854
-131 0 0 0.0412839017808437 2.96191000938416
-132 0 0 0.0422868989408016 2.9988100528717
-133 0 0 0.0433008000254631 3.03576993942261
-134 0 0 0.0443252995610237 3.07279992103577
-135 0 0 0.0453598015010357 3.10987997055054
-136 0 0 0.0464040003716946 3.14703011512756
-137 0 0 0.0474575012922287 3.1842200756073
-138 0 0 0.0485198013484478 3.22147011756897
-139 0 0 0.0495906993746758 3.25876998901367
-140 6 9 0.0506698004901409 3.29611992835999
