-490 18 9 -0.0501079000532627 -0.393898993730545
-489 0 0 -0.0494828000664711 -0.389133006334305
-488 0 0 -0.0488592013716698 -0.384393990039825
-487 0 0 -0.0482368990778923 -0.379678994417191
-486 0 0 -0.0476154983043671 -0.374987989664078
-485 0 0 -0.0469948016107082 -0.370319992303848
-484 0 0 -0.046374499797821 -0.365673005580902
-483 0 0 -0.0457542985677719 -0.361045986413956
-482 0 0 -0.0451337993144989 -0.356438994407654
-481 0 0 -0.0445128008723259 -0.351848989725113
-480 0 0 -0.0438910014927387 -0.347276985645294
-479 0 0 -0.0432680994272232 -0.342720001935959
-478 0 0 -0.0426438003778458 -0.338178992271423
-477 0 0 -0.0420176982879639 -0.33364999294281
-476 0 0 -0.0413897000253201 -0.329133987426758
-475 0 0 -0.0407592989504337 -0.324629008769989
-474 0 0 -0.0401263013482094 -0.32013401389122
-473 0 0 -0.0394904017448425 -0.31564798951149
-472 0 0 -0.038851298391819 -0.311168998479843
-471 0 0 -0.0382088012993336 -0.306697010993958
-470 0 0 -0.0375624001026154 -0.302228987216949
-469 0 0 -0.0369120016694069 -0.297764986753464
-468 0 0 -0.0362573005259037 -0.2933030128479
-467 0 0 -0.0355979986488819 -0.288841992616653
-466 0 0 -0.0349338985979557 -0.284381002187729
-465 0 0 -0.0342646986246109 -0.279917001724243
-464 0 0 -0.0335902012884617 -0.275449007749557
-463 0 0 -0.0329101011157036 -0.270976990461349
-462 0 0 -0.0322244018316269 -0.266496986150742
-461 0 0 -0.0315328016877174 -0.262008994817734
-460 0 0 -0.0308350995182991 -0.257510989904404
-459 0 0 -0.0303665995597839 -0.254505008459091
-458 0 0 -0.0298953000456095 -0.251493006944656
-457 0 0 -0.0294211991131306 -0.24847400188446
-456 0 0 -0.0289443992078304 -0.245449006557465
-455 0 0 -0.0284646991640329 -0.242414996027946
-454 0 0 -0.0279821995645761 -0.239372998476028
-453 0 0 -0.027496999129653 -0.236321002244949
-452 0 0 -0.0270089004188776 -0.233260005712509
-451 0 0 -0.0265181008726358 -0.230187997221947
-450 17 4 -0.0260246004909277 -0.227103993296623
-449 0 0 -0.0255284998565912 -0.224007993936539
-448 0 0 -0.0251962002366781 -0.221937000751495
-447 0 0 -0.0248629003763199 -0.219860002398491
-446 0 0 -0.0245283991098404 -0.217776998877525
-445 0 0 -0.024192800745368 -0.215685993432999
-444 0 0 -0.0238562002778053 -0.213588997721672
-443 0 0 -0.0235185008496046 -0.211484998464584
-442 0 0 -0.0231797993183136 -0.209373995661736
-441 0 0 -0.0228401999920607 -0.207253992557526
-440 0 0 -0.0224996991455555 -0.205127000808716
-439 0 0 -0.0221583005040884 -0.202990993857384
-438 0 0 -0.0218160003423691 -0.200846001505852
-437 0 0 -0.0214728992432356 -0.198693007230759
-436 0 0 -0.0211290996521711 -0.196529000997543
-435 0 0 -0.0207847002893686 -0.194356992840767
-434 0 0 -0.02043960057199 -0.192174002528191
-433 0 0 -0.0200938992202282 -0.189980000257492
-432 0 0 -0.0197477005422115 -0.187775999307632
-431 0 0 -0.0194010008126497 -0.185560002923012
-430 0 0 -0.0190539993345737 -0.183332994580269
-429 0 0 -0.0187066998332739 -0.181094005703926
-428 0 0 -0.0183591991662979 -0.1788419932127
-427 0 0 -0.018011499196291 -0.176577001810074
-426 0 0 -0.017663799226284 -0.174299001693726
-425 0 0 -0.0173160992562771 -0.172006994485855
-424 0 0 -0.0169684998691082 -0.169700995087624
-423 0 0 -0.0166210997849703 -0.167380005121231
-422 0 0 -0.0162741001695395 -0.165043994784355
-421 0 0 -0.0159274004399776 -0.162692993879318
-420 0 0 -0.0155812995508313 -0.16032500565052
-419 0 0 -0.0152358002960682 -0.157941997051239
-418 0 0 -0.0148911001160741 -0.155541002750397
-417 0 0 -0.0145472995936871 -0.153124004602432
-416 0 0 -0.0142045002430677 -0.150689005851746
-415 0 0 -0.0138627998530865 -0.148237004876137
-414 0 0 -0.0135225001722574 -0.145767003297806
-413 0 0 -0.0131836999207735 -0.143279001116753
-412 0 0 -0.0128464996814728 -0.140773996710777
-411 0 0 -0.0125112002715468 -0.138252004981041
-410 0 0 -0.0121779004111886 -0.135711997747421
-409 0 0 -0.0118468999862671 -0.133156001567841
-408 0 0 -0.0115184001624584 -0.130584999918938
-407 0 0 -0.011192699894309 -0.127998992800713
-406 0 0 -0.0108700999990106 -0.125401005148888
-405 0 0 -0.0105507997795939 -0.12279199808836
-404 0 0 -0.0102353002876043 -0.120173998177052
-403 0 0 -0.00992397032678127 -0.117550998926163
-402 0 0 -0.00961713027209044 -0.114924997091293
-401 0 0 -0.00931522995233536 -0.112300999462605
-400 16 4 -0.00901874992996454 -0.109682999551296
-399 0 0 -0.00872812978923321 -0.107075996696949
-398 0 0 -0.00844385009258986 -0.104486003518105
-397 0 0 -0.00816636998206377 -0.101916998624802
-396 0 0 -0.00789612997323275 -0.0993764996528625
-395 0 0 -0.00763351982459426 -0.0968694016337395
-394 0 0 -0.00737889995798469 -0.0944015979766846
-393 0 0 -0.00713253999128938 -0.0919782966375351
-392 0 0 -0.00689464993774891 -0.0896044000983238
-391 0 0 -0.00666534993797541 -0.0872839018702507
-390 0 0 -0.00644468003883958 -0.0850201994180679
-389 0 0 -0.0062325899489224 -0.0828156024217606
-388 0 0 -0.00602898001670837 -0.0806720033288002
-387 0 0 -0.00583365000784397 -0.078590102493763
-386 0 0 -0.00564636988565326 -0.0765703022480011
-385 0 0 -0.00546687003225088 -0.0746119990944862
-384 0 0 -0.00529483007267118 -0.072714202105999
-383 0 0 -0.00512991985306144 -0.0708755999803543
-382 0 0 -0.00497181015089154 -0.0690943002700806
-381 0 0 -0.00482014007866383 -0.0673684999346733
-380 0 0 -0.00467455992475152 -0.0656958967447281
-379 0 0 -0.00453474977985024 -0.0640743002295494
-378 0 0 -0.00440037995576859 -0.0625011995434761
-377 0 0 -0.00427111983299255 -0.0609745010733604
-376 0 0 -0.00414667977020144 -0.0594916008412838
-375 0 0 -0.00402677012607455 -0.0580503009259701
-374 0 0 -0.00391111988574266 -0.0566483996808529
-373 0 0 -0.00379947992041707 -0.0552836991846561
-372 0 0 -0.00369160994887352 -0.0539540015161037
-371 0 0 -0.00358728994615376 -0.0526573993265629
-370 0 0 -0.0034862901084125 -0.0513917990028858
-369 0 0 -0.00338842999190092 -0.0501555986702442
-368 0 0 -0.0032935100607574 -0.0489468015730381
-367 0 0 -0.00320136989466846 -0.0477637015283108
-366 0 0 -0.0031118500046432 -0.0466048009693623
-365 0 0 -0.00302477995865047 -0.0454684011638165
-364 0 0 -0.00294002005830407 -0.0443531014025211
-363 0 0 -0.00285743991844356 -0.0432575009763241
-362 0 0 -0.00277692009694874 -0.0421800017356873
-361 0 0 -0.00269831996411085 -0.0411195009946823
-360 0 0 -0.00262153008952737 -0.0400745011866093
-359 0 0 -0.00254644989036024 -0.0390437990427017
-358 0 0 -0.00247296993620694 -0.0380261987447739
-357 0 0 -0.00240098009817302 -0.0370205007493496
-356 0 0 -0.00233040004968643 -0.0360253006219864
-355 0 0 -0.00226112990640104 -0.0350395999848843
-354 0 0 -0.00219308002851903 -0.034062098711729
-353 0 0 -0.00212616007775068 -0.0330916009843349
-352 0 0 -0.00206027994863689 -0.0321267992258072
-351 0 0 -0.00199535000137985 -0.0311666000634432
-350 15 4 -0.00193129002582282 -0.0302095003426075
-349 0 0 -0.00186802004463971 -0.029254199936986
-348 0 0 -0.00180544005706906 -0.0282993000000715
-347 0 0 -0.00174344994593412 -0.0273430999368429
-346 0 0 -0.00168196996673942 -0.026384100317955
-345 0 0 -0.00162087997887284 -0.0254203993827105
-344 0 0 -0.00156007998157293 -0.0244500003755093
-343 0 0 -0.00149944995064288 -0.0234705992043018
-342 0 0 -0.00143884995486587 -0.0224795006215572
-341 0 0 -0.00137813005130738 -0.0214738994836807
-340 0 0 -0.00131711002904922 -0.0204502008855343
-339 0 0 -0.00125559000298381 -0.019404100254178
-338 0 0 -0.00121417001355439 -0.0186918005347252
-337 0 0 -0.00117231998592615 -0.0179654993116856
-336 0 0 -0.00112995004747063 -0.0172228999435902
-335 0 0 -0.00108693004585803 -0.0164615996181965
-334 0 0 -0.00104310002643615 -0.0156782995909452
-333 0 0 -0.00101334997452796 -0.0151420999318361
-332 0 0 -0.000983102014288306 -0.014593199826777
-331 0 0 -0.000952274014707655 -0.0140297999605536
-330 0 0 -0.000920779013540596 -0.0134501997381449
-329 0 0 -0.000888505019247532 -0.012851900421083
-328 0 0 -0.000866492977365851 -0.0124414004385471
-327 0 0 -0.000844029011204839 -0.0120203997939825
-326 0 0 -0.000821058987639844 -0.0115876998752356
-325 0 0 -0.000797514978330582 -0.0111419996246696
-324 0 0 -0.000773322011809796 -0.0106816003099084
-323 0 0 -0.000756784982513636 -0.0103655001148582
-322 0 0 -0.000739885028451681 -0.010041399858892
-321 0 0 -0.000722582975868136 -0.00970842037349939
-320 0 0 -0.000704834004864097 -0.00936559960246086
-319 0 0 -0.00068658497184515 -0.00901187025010586
-318 0 0 -0.00066777499159798 -0.00864589959383011
-317 0 0 -0.000654885021504015 -0.00839435961097479
-316 0 0 -0.00064168602693826 -0.00813614018261433
-315 0 0 -0.000628146983217448 -0.00787059962749481
-314 0 0 -0.000614231976214796 -0.00759701011702418
-313 0 0 -0.000599900027737021 -0.00731449015438557
-312 0 0 -0.000585101020988077 -0.00702201016247272
-311 0 0 -0.000574946985580027 -0.00682089990004897
-310 0 0 -0.000564538000617176 -0.0066143898293376
-309 0 0 -0.000553852005396038 -0.00640199985355139
-308 0 0 -0.000542860012501478 -0.00618313997983932
-307 0 0 -0.000531530997250229 -0.00595716014504433
-306 0 0 -0.000519827008247375 -0.00572327012196183
-305 0 0 -0.000511793012265116 -0.00556250009685755
-304 0 0 -0.000503558025229722 -0.00539747998118401
-303 0 0 -0.00049510202370584 -0.00522784003987908
-302 0 0 -0.000486406992422417 -0.00505315978080034
-301 0 0 -0.000477446999866515 -0.00487296003848314
-300 14 4 -0.000468195998109877 -0.00468664988875389
-299 0 0 -0.000458621012512594 -0.00449358019977808
-298 0 0 -0.000452039006631821 -0.00436070980504155
-297 0 0 -0.000445282988948748 -0.00422421004623175
-296 0 0 -0.000438337010564283 -0.00408374005928636
-295 0 0 -0.000431183987529948 -0.00393897015601397
-294 0 0 -0.000423804012825713 -0.00378946005366743
-293 0 0 -0.000416171998949721 -0.00363472988829017
-292 0 0 -0.000410931999795139 -0.00352839007973671
-291 0 0 -0.000405558996135369 -0.00341929006390274
-290 0 0 -0.000400041986722499 -0.00330720003694296
-289 0 0 -0.000394369009882212 -0.00319187995046377
-288 0 0 -0.000388526997994632 -0.00307302991859615
-287 0 0 -0.000382499012630433 -0.00295034004375339
-286 0 0 -0.000376267998944968 -0.0028234301134944
-285 0 0 -0.000369813002180308 -0.00269186007790267
-284 0 0 -0.000363110011676326 -0.00255514006130397
-283 0 0 -0.000356128002749756 -0.00241266004741192
-282 0 0 -0.000348834990290925 -0.00226370990276337
-281 0 0 -0.000341187987942249 -0.00210744002833962
-280 0 0 -0.000333139993017539 -0.00194284995086491
-279 0 0 -0.00032463000388816 -0.00176869996357709
-278 0 0 -0.000315587007207796 -0.00158350996207446
-277 0 0 -0.000305927998851985 -0.00138554000295699
-276 0 0 -0.000295553996693343 -0.00117278995458037
-275 0 0 -0.000284367997664958 -0.00094320101197809
-274 0 0 -0.000272294011665508 -0.000695194990839809
-273 0 0 -0.000259341002674773 -0.000428944011218846
-272 0 0 -0.000231643993174657 0.000140970005304553
-271 0 0 -0.000142556003993377 0.00197767000645399
-270 0 0 -4.62360985693522E-05 0.00396395986899734
-269 0 0 7.37412992748432E-05 0.00642770994454622
-268 0 0 0.000237913001910783 0.00975900981575251
-267 0 0 0.000479411013657227 0.0145333996042609
-266 0 0 0.000681606994476169 0.0183958001434803
-265 0 0 0.000869083974976093 0.0218679998070002
-264 0 0 0.00105115002952516 0.0251493994146585
-263 0 0 0.00123279995750636 0.0283470004796982
-262 0 0 0.0014173099771142 0.0315311998128891
-261 0 0 0.00160720001440495 0.0347559005022049
-260 0 0 0.00180464994627982 0.0380678996443748
-259 0 0 0.00201173010282218 0.0415120981633663
-258 0 0 0.00223047006875277 0.0451352000236511
-257 0 0 0.00246300990693271 0.048988301306963
-256 0 0 0.00271153007633984 0.0531295016407967
-255 0 0 0.00297823990695179 0.0576260015368462
-254 0 0 0.00326511007733643 0.0625550001859665
-253 0 0 0.00357337994500995 0.0680024027824402
-252 0 0 0.00390258990228176 0.0740550011396408
-251 0 0 0.00424906006082892 0.0807821974158287
-250 13 4 0.00460396986454725 0.0882027000188828
-249 0 0 0.00495260022580624 0.0962492972612381
-248 0 0 0.00527644017711282 0.104759998619556
-247 0 0 0.00555831985548139 0.113522000610828
-246 0 0 0.00578702008351684 0.122339002788067
-245 0 0 0.00595847005024552 0.131073996424675
-244 0 0 0.00607417011633515 0.139649003744125
-243 0 0 0.0061388798058033 0.148031994700432
242 12 2 0.00615892978385091 0.156216993927956
241 0 0 0.00615378003567457 0.160483002662659
240 0 0 0.0061186901293695 0.168381005525589
239 0 0 0.00605593016371131 0.176109999418259
238 0 0 0.00597159005701542 0.183687001466751
237 0 0 0.00587115017697215 0.191128000617027
236 0 0 0.00575952976942062 0.198448002338409
235 0 0 0.00564099987968802 0.205661997199059
234 0 0 0.0055192899890244 0.212782993912697
233 0 0 0.0053975498303771 0.219821006059647
232 0 0 0.00527846999466419 0.226787999272346
231 0 0 0.00516424002125859 0.23369400203228
230 0 0 0.00505668018013239 0.240547999739647
229 0 0 0.00495722005143762 0.247356995940208
228 0 0 0.00486700003966689 0.254128992557526
227 0 0 0.0047868499532342 0.260872006416321
226 0 0 0.00471739983186126 0.267592012882233
225 0 0 0.00465905014425516 0.274295002222061
224 0 0 0.00461202999576926 0.280986994504929
223 0 0 0.00457643996924162 0.287672996520996
222 0 0 0.00455224979668856 0.294357985258102
221 0 0 0.00453933980315924 0.301048010587692
220 11 2 0.00453690998256207 0.305512994527817
-219 0 0 0.00453770020976663 0.308070987462997
-218 0 0 0.00454284017905593 0.312545001506805
-217 0 0 0.00455268984660506 0.317027002573013
-216 0 0 0.00456715002655983 0.321516990661621
-215 0 0 0.00458610011264682 0.326018005609512
-214 0 0 0.00460943020880222 0.330531001091003
-213 0 0 0.00463702995330095 0.335056006908417
-212 0 0 0.0046687601134181 0.33959499001503
-211 0 0 0.00470450986176729 0.344148993492126
-210 0 0 0.00474415021017194 0.348720014095306
-209 0 0 0.00478754006326199 0.353307992219925
-208 0 0 0.00483456021174788 0.357915014028549
-207 0 0 0.00488507002592087 0.362542003393173
-206 0 0 0.0049389498308301 0.367190986871719
-205 0 0 0.00499605014920235 0.37186199426651
-204 0 0 0.00505624990910292 0.376556009054184
-203 0 0 0.0051194098778069 0.38127601146698
-202 0 0 0.00518540991470218 0.386022001504898
-201 0 0 0.00525410007685423 0.390794008970261
-200 10 4 0.00532536022365093 0.395595997571945
-199 0 0 0.00539905996993184 0.400427013635635
-198 0 0 0.00547506986185908 0.405290007591248
-197 0 0 0.0055532599799335 0.410183995962143
-196 0 0 0.00563349016010761 0.415113002061844
-195 0 0 0.00571565004065633 0.420076012611389
-194 0 0 0.00579959992319345 0.425076007843018
-193 0 0 0.00588520988821983 0.430112987756729
-192 0 0 0.00597237003967166 0.435189008712769
-191 0 0 0.00606092996895313 0.440306007862091
-190 0 0 0.00615077000111341 0.445463985204697
-189 0 0 0.00624176021665335 0.45066499710083
-188 0 0 0.00630299979820848 0.454158008098602
-187 0 0 0.00636465987190604 0.457670003175735
-186 0 0 0.00642669014632702 0.461203992366791
-185 0 0 0.00648905988782644 0.464758008718491
-184 0 0 0.0065517402254045 0.468335002660751
-183 0 0 0.00661467993631959 0.471933007240295
-182 0 0 0.00667783990502357 0.4755539894104
-181 0 0 0.00674118008464575 0.479198008775711
-180 0 0 0.00680467020720243 0.482865005731583
-179 0 0 0.0068682599812746 0.486557006835938
-178 0 0 0.00693192007020116 0.490272998809814
-177 0 0 0.00699558993801475 0.494013994932175
-176 0 0 0.0070592500269413 0.497781008481979
-175 0 0 0.00712285004556179 0.501573026180267
-174 0 0 0.00718634016811848 0.505393028259277
-173 0 0 0.00724969012662768 0.509239017963409
-172 0 0 0.0073128598742187 0.513113021850586
-171 0 0 0.00737578980624676 0.517014980316162
-170 0 0 0.00743845012038946 0.520946979522705
-169 0 0 0.00750077981501818 0.524906992912292
-168 0 0 0.00756275001913309 0.528896987438202
-167 0 0 0.00762430997565389 0.532917976379395
-166 0 0 0.00768542010337114 0.536970973014832
-165 0 0 0.00774601986631751 0.541054010391235
-164 0 0 0.00780605990439653 0.545171022415161
-163 0 0 0.00786550994962454 0.549319982528687
-162 0 0 0.00792429968714714 0.553502976894379
-161 0 0 0.00798239000141621 0.557720005512238
-160 0 0 0.00803973991423845 0.56197202205658
-159 0 0 0.00809627026319504 0.566259980201721
-158 0 0 0.00815195962786674 0.570583999156952
-157 0 0 0.00820672977715731 0.574944972991943
-156 0 0 0.00826053973287344 0.579343020915985
-155 0 0 0.00831334013491869 0.583779990673065
-154 0 0 0.00836506020277739 0.588257014751434
-153 0 0 0.00841564033180475 0.592773020267487
-152 0 0 0.00846503954380751 0.5973299741745
-151 0 0 0.0085131898522377 0.601927995681763
-150 9 4 0.00856004003435373 0.606567978858948
-149 0 0 0.00860552024096251 0.611252009868622
-148 0 0 0.00864955969154835 0.615979015827179
-147 0 0 0.0086921202018857 0.620751023292542
-146 0 0 0.008733119815588 0.625567972660065
-145 0 0 0.00877251010388136 0.630430996417999
-144 0 0 0.00881021004170179 0.635342001914978
-143 0 0 0.00884616002440453 0.64029997587204
-142 0 0 0.00888029020279646 0.645307004451752
-141 0 0 0.00891255028545856 0.650363981723785
-140 0 0 0.0089428499341011 0.655471980571747
-139 0 0 0.0089711295440793 0.660629987716675
-138 0 0 0.00899733044207096 0.665841996669769
-137 0 0 0.00902136042714119 0.671105980873108
-136 0 0 0.00904317013919353 0.676424980163574
-135 0 0 0.00906268041580915 0.681798994541168
-134 0 0 0.00907981023192406 0.687228977680206
-133 0 0 0.00909451022744179 0.692716002464294
-132 0 0 0.00910669006407261 0.698261976242065
-131 0 0 0.00911629013717175 0.703866004943848
-130 0 0 0.00912323966622353 0.709529995918274
-129 0 0 0.00912746042013168 0.71525502204895
128 8 2 0.0091288797557354 0.721042990684509
127 0 0 0.00912819989025593 0.725059986114502
126 0 0 0.00912474002689123 0.730953991413116
125 0 0 0.00911829993128777 0.736913025379181
124 0 0 0.00910880975425243 0.742937028408051
123 0 0 0.00909620989114046 0.749028027057648
122 0 0 0.00908042024821043 0.755186021327972
121 0 0 0.00906138960272074 0.761413991451263
120 0 0 0.00903906021267176 0.767709970474243
119 0 0 0.00901336036622524 0.774078011512756
118 0 0 0.00898423977196217 0.780516982078552
117 0 0 0.00895165000110865 0.787028014659882
116 0 0 0.00891553983092308 0.793613016605377
115 0 0 0.00887585990130901 0.800271987915039
114 0 0 0.00883255992084742 0.807007014751434
113 0 0 0.0087856100872159 0.813817977905273
112 0 0 0.0087349796667695 0.820706009864807
111 0 0 0.00868062954396009 0.827672004699707
110 0 0 0.00862252991646528 0.834716975688934
109 0 0 0.00856067985296249 0.841841995716095
108 0 0 0.00849504023790359 0.849047005176544
107 0 0 0.00842562969774008 0.856333017349243
106 0 0 0.00835242960602045 0.863700985908508
105 0 0 0.00827545020729303 0.871151983737946
104 0 0 0.008194699883461 0.878687024116516
103 0 0 0.00811021029949188 0.886304974555969
102 0 0 0.00802200008183718 0.8940070271492
101 0 0 0.00793011020869017 0.901795029640198
100 7 4 0.0078345900401473 0.909668028354645
99 0 0 0.00773546984419227 0.917627990245819
98 0 0 0.00763283995911479 0.925673007965088
97 0 0 0.00752675021067262 0.933806002140045
96 0 0 0.00741729978471994 0.942025005817413
95 0 0 0.00730455992743373 0.95033198595047
94 0 0 0.00718864984810352 0.958725988864899
93 0 0 0.00706965988501906 0.967208027839661
92 0 0 0.00694771017879248 0.975777983665466
91 0 0 0.00682293996214867 0.984435021877289
90 0 0 0.0066954898647964 0.993179976940155
89 0 0 0.00656548980623484 1.00200998783112
88 0 0 0.00643309997394681 1.01092994213104
87 0 0 0.0062984898686409 1.01994001865387
86 0 0 0.00616184016689658 1.0290299654007
85 0 0 0.00602331990376115 1.03821003437042
84 0 0 0.00588312977924943 1.04747998714447
83 0 0 0.00574145978316665 1.0568300485611
82 0 0 0.00559851014986634 1.06626999378204
81 0 0 0.00545450020581484 1.0757999420166
80 0 0 0.00530965020880103 1.08539998531342
79 0 0 0.00516417995095253 1.09510004520416
78 0 0 0.00501831993460655 1.10486996173859
77 0 0 0.00487230019643903 1.11473000049591
76 0 0 0.00472634984180331 1.1246600151062
75 0 0 0.00458071986213326 1.1346800327301
74 0 0 0.00443563982844353 1.14478003978729
73 0 0 0.00429135980084538 1.15496003627777
72 0 0 0.00414812983945012 1.16522002220154
71 0 0 0.00400617998093367 1.17554998397827
70 0 0 0.00386576005257666 1.18596005439758
69 0 0 0.00372712989337742 1.19644999504089
68 0 0 0.00359049998223782 1.20701003074646
67 0 0 0.00345613993704319 1.21765005588531
66 0 0 0.00332426000386477 1.22836005687714
65 0 0 0.00319511000998318 1.23914003372192
64 0 0 0.00306890998035669 1.24998998641968
63 0 0 0.00294588995166123 1.26091003417969
62 0 0 0.00282626994885504 1.2719099521637
61 0 0 0.00271024997346103 1.28296995162964
60 0 0 0.00259806006215513 1.29409003257751
59 0 0 0.00248987996019423 1.30528998374939
58 0 0 0.00238591991364956 1.3165500164032
57 0 0 0.00228635990060866 1.32787001132965
56 0 0 0.00219137989915907 1.33925998210907
55 0 0 0.00210116989910603 1.35071003437042
54 0 0 0.00201587006449699 1.36222994327545
53 0 0 0.00193566002417356 1.37380003929138
52 0 0 0.00186068995390087 1.38543999195099
51 0 0 0.00179107999429107 1.39713001251221
50 6 4 0.00172698998358101 1.40889000892639
49 0 0 0.0016685399459675 1.4206999540329
48 0 0 0.00161585002206266 1.43256998062134
47 0 0 0.00156902999151498 1.44449996948242
46 0 0 0.00152817997150123 1.45648002624512
45 0 0 0.00149340997450054 1.46852004528046
44 0 0 0.00146478996612132 1.48062002658844
43 0 0 0.00144241005182266 1.49275994300842
42 0 0 0.00142634997610003 1.50496995449066
41 0 0 0.00141667004209012 1.51722002029419
40 5 2 0.00141342997085303 1.52953004837036
-39 0 0 0.00141344999428838 1.5306099653244
-38 0 0 0.00141727994196117 1.5429699420929
-37 0 0 0.00142764998599887 1.55539000034332
-36 0 0 0.00144460005685687 1.56786000728607
-35 0 0 0.00146817998029292 1.58037996292114
-34 0 0 0.00149840000085533 1.5929399728775
-33 0 0 0.00153529003728181 1.60555994510651
-32 0 0 0.0015788699965924 1.61822998523712
-31 0 0 0.0016291500069201 1.63094997406006
-30 0 0 0.00168612005654722 1.64371001720428
-29 0 0 0.00174980994779617 1.65652000904083
-28 0 0 0.00182018999475986 1.66938996315002
-27 0 0 0.00189726997632533 1.68228995800018
-26 0 0 0.00198102998547256 1.69525003433228
-25 0 0 0.00207146001048386 1.70825004577637
-24 0 0 0.00216853991150856 1.72130000591278
-23 0 0 0.00227223988622427 1.73439002037048
-22 0 0 0.00238253991119564 1.74752998352051
-21 0 0 0.00249939993955195 1.76072001457214
-20 0 0 0.00262279994785786 1.77394998073578
-19 0 0 0.00275269988924265 1.78723001480103
-18 0 0 0.00288905994966626 1.80054998397827
-17 0 0 0.00303184008225799 1.81391000747681
-16 0 0 0.00318100000731647 1.82731997966766
-15 0 0 0.00333648989908397 1.84077000617981
-14 0 0 0.00349826994352043 1.85426998138428
-13 0 0 0.00366628007031977 1.86781001091003
-12 0 0 0.00384046998806298 1.88138997554779
-11 0 0 0.00402079988270998 1.89500999450684
-10 0 0 0.00420719990506768 1.9086799621582
-9 0 0 0.00439962977543473 1.92238998413086
-8 0 0 0.00459802011027932 1.93613994121552
-7 0 0 0.00473356992006302 1.94533002376556
-6 0 0 0.0048253801651299 1.95147001743317
-5 0 0 0.00488723022863269 1.95556998252869
-4 0 0 0.00492874998599291 1.95829999446869
-3 0 0 0.00495654996484518 1.96011996269226
-2 0 0 0.00497514987364411 1.96133995056152
1 0 0 0.00499999988824129 1.96296000480652
1 0 0 0.00499999988824129 1.96296000480652
-2 0 0 0.00502493977546692 1.96458005905151
-3 0 0 0.00504369987174869 1.96580004692078
-4 0 0 0.00507191987708211 1.96762001514435
-5 0 0 0.00511443009600043 1.97036004066467
-6 0 0 0.00517862010747194 1.97448003292084
-7 0 0 0.0052758501842618 1.98064994812012
-8 0 0 0.00542382011190057 1.98993003368378
-9 0 0 0.00565047981217504 2.0038800239563
-10 0 0 0.00588276004418731 2.01787996292114
-11 0 0 0.00612059002742171 2.03190994262695
-12 0 0 0.00636389991268516 2.04597997665405
-13 0 0 0.00661261985078454 2.06010007858276
-14 0 0 0.00686670979484916 2.07424998283386
-15 0 0 0.00712609011679888 2.08843994140625
-16 0 0 0.00739069003611803 2.10266995429993
-17 0 0 0.00766046019271016 2.11694002151489
-18 0 0 0.00793532002717257 2.13124990463257
-19 0 0 0.0082152197137475 2.14559006690979
-20 0 0 0.00850007962435484 2.15998005867004
-21 0 0 0.0087898401543498 2.17440009117126
-22 0 0 0.00908443983644247 2.18884992599487
-23 0 0 0.00938380043953657 2.20335006713867
-24 0 0 0.00968788005411625 2.21788001060486
-25 0 0 0.00999659020453691 2.23245000839233
-26 0 0 0.0103099001571536 2.24705004692078
-27 0 0 0.0106277000159025 2.26168990135193
-28 0 0 0.0109499003738165 2.27637004852295
-29 0 0 0.0112765999510884 2.29107999801636
-30 0 0 0.0116074997931719 2.30581998825073
-31 0 0 0.0119426995515823 2.3206000328064
-32 0 0 0.0122820995748043 2.33541989326477
-33 0 0 0.0126256998628378 2.35027003288269
-34 0 0 0.0129733001813293 2.365149974823
-35 0 0 0.0133248995989561 2.38005995750427
-36 0 0 0.013680400326848 2.39500999450684
-37 0 0 0.0140399001538754 2.40999007225037
-38 0 0 0.0144031997770071 2.42499995231628
-39 0 0 0.0147701995447278 2.44004988670349
-40 0 0 0.01514090038836 2.45512008666992
-41 0 0 0.0155153004452586 2.47023010253906
-42 0 0 0.0158932991325855 2.48536992073059
-43 0 0 0.0162748992443085 2.50054001808167
-44 0 0 0.0166599005460739 2.51573991775513
-45 0 0 0.0170482993125916 2.53096008300781
-46 0 0 0.0174400992691517 2.54622006416321
-47 0 0 0.0178350992500782 2.56151008605957
-48 0 0 0.0182335004210472 2.57682991027832
-49 0 0 0.0186349991708994 2.59217000007629
-50 2 4 0.0190396998077631 2.60754990577698
-51 0 0 0.0194474998861551 2.62295007705688
-52 0 0 0.0198583994060755 2.63838005065918
-53 0 0 0.0202722009271383 2.65383005142212
-54 0 0 0.0206889007240534 2.66932010650635
-55 0 0 0.0211085993796587 2.68481993675232
-56 0 0 0.0215310994535685 2.70036005973816
-57 0 0 0.0219563990831375 2.71591997146606
-58 0 0 0.022384399548173 2.73150992393494
-59 0 0 0.0228151008486748 2.74711990356445
-60 0 0 0.0232484992593527 2.76275992393494
-61 0 0 0.0236844997853041 2.77841997146606
-62 0 0 0.0241229999810457 2.79410004615784
-63 0 0 0.0245639998465776 2.809809923172
-64 0 0 0.0250074993818998 2.82554006576538
-65 0 0 0.0254535004496574 2.84130001068115
-66 0 0 0.0259018000215292 2.85707998275757
-67 0 0 0.0263523999601603 2.87287998199463
-68 0 0 0.0268053002655506 2.88870000839233
-69 0 0 0.0272604990750551 2.90454006195068
-70 0 0 0.027717899531126 2.92040991783142
-71 0 0 0.0281774997711182 2.93630003929138
-72 0 0 0.0286391992121935 2.95219993591309
-73 0 0 0.0291029997169971 2.96813011169434
-74 0 0 0.0295688007026911 2.98408007621765
-75 0 0 0.0300367008894682 3.00005006790161
-76 0 0 0.0305064991116524 3.01604008674622
-77 0 0 0.030978299677372 3.03204011917114
-78 0 0 0.0314520001411438 3.04806995391846
-79 0 0 0.0319274999201298 3.06411004066467
-80 0 0 0.032404899597168 3.08017992973328
-81 0 0 0.0328840985894203 3.09626007080078
-82 0 0 0.0333650000393391 3.11236000061035
-83 0 0 0.033847700804472 3.12846994400024
-84 0 0 0.034332100301981 3.1446099281311
-85 0 0 0.0348181985318661 3.16075992584229
-86 0 0 0.0353058986365795 3.17691993713379
-87 0 0 0.0357952006161213 3.19309997558594
-88 0 0 0.0362861007452011 3.20930004119873
-89 0 0 0.0367784984409809 3.22551989555359
-90 0 0 0.0372724011540413 3.24175000190735
-91 0 0 0.0377678014338017 3.25798988342285
-92 0 0 0.038264699280262 3.27425003051758
-93 0 0 0.0387630015611649 3.29052996635437
-94 0 0 0.0392627008259296 3.30681991577148
-95 0 0 0.0397638007998466 3.3231201171875
-96 0 0 0.0402663014829159 3.33944010734558
-97 0 0 0.0407700017094612 3.35577011108398
-98 0 0 0.0412750989198685 3.37211990356445
-99 0 0 0.0417813993990421 3.3884699344635
-100 3 4 0.04228900000453 3.40485000610352
-101 0 0 0.0427978001534939 3.42123007774353
-102 0 0 0.0433077998459339 3.43762993812561
-103 0 0 0.0438189990818501 3.45404005050659
-104 0 0 0.0443314015865326 3.47045993804932
-105 0 0 0.0448447987437248 3.48689007759094
-106 0 0 0.0453593991696835 3.50332999229431
-107 0 0 0.0458750985562801 3.51978993415833
-108 0 0 0.0466505996882915 3.54449009895325
-109 0 0 0.0474283993244171 3.56922006607056
-110 0 0 0.0482085011899471 3.59398007392883
-111 0 0 0.0489907003939152 3.61875009536743
-112 0 0 0.0497751012444496 3.64354991912842
-113 4 9 0.0505615994334221 3.66837000846863
