-279 14 9 -0.0505192987620831 -0.40369901061058
-278 0 0 -0.0499179996550083 -0.39886799454689
-277 0 0 -0.0493179000914097 -0.394066005945206
-276 0 0 -0.048718798905611 -0.389290988445282
-275 0 0 -0.0481204986572266 -0.384541988372803
-274 0 0 -0.0475226007401943 -0.379819005727768
-273 0 0 -0.046925000846386 -0.375119000673294
-272 0 0 -0.0463274009525776 -0.370442986488342
-271 0 0 -0.045729398727417 -0.365788012742996
-270 0 0 -0.0451308004558086 -0.361153990030289
-269 0 0 -0.0445313006639481 -0.356539994478226
-268 0 0 -0.0439306013286114 -0.351942986249924
-267 0 0 -0.0433285012841225 -0.347364008426666
-266 0 0 -0.0427246987819672 -0.342801004648209
-265 0 0 -0.0421188995242119 -0.338252991437912
-264 0 0 -0.0415108017623425 -0.333718985319138
-263 0 0 -0.0409002006053925 -0.329196989536285
-262 0 0 -0.0402866005897522 -0.324687004089355
-261 0 0 -0.0396700017154217 -0.320187002420425
-260 0 0 -0.0390499010682106 -0.315696001052856
-259 0 0 -0.0384262017905712 -0.311212003231049
-258 0 0 -0.0377984009683132 -0.306735008955002
-257 0 0 -0.0371664986014366 -0.302262008190155
-256 0 0 -0.0365299992263317 -0.297794014215469
-255 0 0 -0.0358887985348701 -0.293327987194061
-254 0 0 -0.035242598503828 -0.288861989974976
-253 0 0 -0.0345911011099815 -0.284397006034851
-252 0 0 -0.0339341014623642 -0.279929012060165
-251 0 0 -0.0332713983952999 -0.275458008050919
-250 13 4 -0.0326027981936932 -0.270981013774872
-249 0 0 -0.0319282002747059 -0.266497999429703
-248 0 0 -0.0312472991645336 -0.262006014585495
-247 0 0 -0.0305599998682737 -0.257503986358643
-246 0 0 -0.0300981998443604 -0.25449600815773
-245 0 0 -0.0296334996819496 -0.251482009887695
-244 0 0 -0.0291658993810415 -0.248462006449699
-243 0 0 -0.0286953002214432 -0.245434001088142
-242 0 0 -0.0282218009233475 -0.242397993803024
-241 0 0 -0.0277453009039164 -0.239353001117706
-240 0 0 -0.0272659994661808 -0.236300006508827
-239 0 0 -0.026783699169755 -0.233235999941826
-238 0 0 -0.026298500597477 -0.230161994695663
-237 0 0 -0.0258105006068945 -0.22707599401474
-236 0 0 -0.0253196991980076 -0.223977997899055
-235 0 0 -0.0249908994883299 -0.221906006336212
-234 0 0 -0.0246610008180141 -0.219826996326447
-233 0 0 -0.0243299994617701 -0.217741996049881
-232 0 0 -0.023997699841857 -0.215651005506516
-231 0 0 -0.0236643999814987 -0.213551998138428
-230 0 0 -0.0233299992978573 -0.21144700050354
-229 0 0 -0.0229944996535778 -0.209334000945091
-228 0 0 -0.0226581003516912 -0.207212999463081
-227 0 0 -0.0223206002265215 -0.20508399605751
-226 0 0 -0.0219822991639376 -0.202947005629539
-225 0 0 -0.0216429997235537 -0.200800999999046
-224 0 0 -0.0213028993457556 -0.198645994067192
-223 0 0 -0.0209619998931885 -0.196482002735138
-222 0 0 -0.0206204000860453 -0.194306999444962
-221 0 0 -0.020278200507164 -0.192122995853424
-220 0 0 -0.0199353005737066 -0.189927995204926
-219 0 0 -0.0195918008685112 -0.187722995877266
-218 0 0 -0.0192479006946087 -0.185506001114845
-217 0 0 -0.0189036000519991 -0.183276996016502
-216 0 0 -0.0185589008033276 -0.181035995483398
-215 0 0 -0.0182138998061419 -0.178782999515533
-214 0 0 -0.0178688000887632 -0.176516994833946
-213 0 0 -0.0175235997885466 -0.174236997961998
-212 0 0 -0.017178300768137 -0.171944007277489
-211 0 0 -0.0168331991881132 -0.169635996222496
-210 0 0 -0.0164882000535727 -0.167313992977142
-209 0 0 -0.0161435008049011 -0.164976000785828
-208 0 0 -0.0157990995794535 -0.162623003125191
-207 0 0 -0.015455299988389 -0.160254001617432
-206 0 0 -0.0151121001690626 -0.15786899626255
-205 0 0 -0.0147695997729897 -0.155467003583908
-204 0 0 -0.0144279003143311 -0.153047993779182
-203 0 0 -0.0140872998163104 -0.150611996650696
-202 0 0 -0.0137476995587349 -0.148157998919487
-201 0 0 -0.0134095000103116 -0.145686998963356
-200 12 4 -0.013072700239718 -0.143197998404503
-199 0 0 -0.0127374995499849 -0.140690997242928
-198 0 0 -0.0124041996896267 -0.13816699385643
-197 0 0 -0.0120729003101587 -0.135626003146172
-196 0 0 -0.0117437997832894 -0.13306899368763
-195 0 0 -0.011417199857533 -0.130495995283127
-194 0 0 -0.0110932998359203 -0.127909004688263
-193 0 0 -0.0107725001871586 -0.125309005379677
-192 0 0 -0.0104550998657942 -0.122698999941349
-191 0 0 -0.0101413996890187 -0.120080001652241
-190 0 0 -0.00983177032321692 -0.117455996572971
-189 0 0 -0.00952664017677307 -0.114830002188683
-188 0 0 -0.00922643020749092 -0.112204998731613
-187 0 0 -0.00893159955739975 -0.109586998820305
-186 0 0 -0.00864261016249657 -0.106980003416538
-185 0 0 -0.00835992023348808 -0.104388996958733
-184 0 0 -0.00808400008827448 -0.10182099789381
-183 0 0 -0.00781527999788523 -0.0992809981107712
-182 0 0 -0.00755415996536613 -0.0967748016119003
-181 0 0 -0.00730097992345691 -0.0943081974983215
-180 0 0 -0.00705602020025253 -0.0918864011764526
-179 0 0 -0.006819489877671 -0.0895140990614891
-178 0 0 -0.00659149000421166 -0.0871953964233398
-177 0 0 -0.00637206993997097 -0.0849336981773376
-176 0 0 -0.0061611901037395 -0.0827312022447586
-175 0 0 -0.00595870986580849 -0.0805898010730743
-174 0 0 -0.00576448021456599 -0.0785102024674416
-173 0 0 -0.00557823991402984 -0.0764926001429558
-172 0 0 -0.00539971981197596 -0.0745365023612976
-171 0 0 -0.005228609777987 -0.0726410001516342
-170 0 0 -0.00506458012387156 -0.0708044990897179
-169 0 0 -0.00490730023011565 -0.0690253973007202
-168 0 0 -0.00475641014054418 -0.0673016980290413
-167 0 0 -0.00461158016696572 -0.0656310990452766
-166 0 0 -0.00447246013209224 -0.0640112981200218
-165 0 0 -0.00433875015005469 -0.062440101057291
-164 0 0 -0.00421010982245207 -0.0609151013195515
-163 0 0 -0.00408626021817327 -0.0594338998198509
-162 0 0 -0.0039669000543654 -0.0579942017793655
-161 0 0 -0.00385177996940911 -0.0565937012434006
-160 0 0 -0.00374063989147544 -0.055230401456356
-159 0 0 -0.00363324000500143 -0.0539020001888275
-158 0 0 -0.00352935004048049 -0.0526067018508911
-157 0 0 -0.00342878000810742 -0.0513423010706902
-156 0 0 -0.0033313101157546 -0.0501071996986866
-155 0 0 -0.00323677994310856 -0.0488994009792805
-154 0 0 -0.00314499996602535 -0.0477172993123531
-153 0 0 -0.00305580999702215 -0.0465593002736568
-152 0 0 -0.00296907010488212 -0.045423798263073
-151 0 0 -0.00288462010212243 -0.0443092994391918
-150 11 4 -0.00280234008096159 -0.0432143993675709
-149 0 0 -0.00272209011018276 -0.0421376004815102
-148 0 0 -0.00264376006089151 -0.0410776995122433
-147 0 0 -0.00256723002530634 -0.0400332994759083
-146 0 0 -0.00249239010736346 -0.0390032008290291
-145 0 0 -0.00241913995705545 -0.0379860997200012
-144 0 0 -0.00234737992286682 -0.0369806997478008
-143 0 0 -0.00227700988762081 -0.0359859988093376
-142 0 0 -0.00220793997868896 -0.0350005999207497
-141 0 0 -0.00214008009061217 -0.0340234003961086
-140 0 0 -0.00207333988510072 -0.0330531001091003
-139 0 0 -0.00200763996690512 -0.0320886000990868
-138 0 0 -0.00194287998601794 -0.0311284996569157
-137 0 0 -0.0018789799651131 -0.030171500518918
-136 0 0 -0.00181586004327983 -0.0292163006961346
-135 0 0 -0.00175341998692602 -0.0282613001763821
-134 0 0 -0.00169157003983855 -0.0273051001131535
-133 0 0 -0.00163021998014301 -0.0263458993285894
-132 0 0 -0.00156925001647323 -0.0253819990903139
-131 0 0 -0.00150857004337013 -0.0244111996144056
-130 0 0 -0.00144804001320153 -0.0234313998371363
-129 0 0 -0.00138754001818597 -0.0224399007856846
-128 0 0 -0.00132689997553825 -0.021433599293232
-127 0 0 -0.00126596004702151 -0.0204090997576714
-126 0 0 -0.00120449997484684 -0.0193620007485151
-125 0 0 -0.00116312003228813 -0.0186489000916481
-124 0 0 -0.00112130003981292 -0.0179216004908085
-123 0 0 -0.00107895000837743 -0.017178000882268
-122 0 0 -0.00103594001848251 -0.016415499150753
-121 0 0 -0.000992111046798527 -0.0156308002769947
-120 0 0 -0.000962354999501258 -0.0150936003774405
-119 0 0 -0.000932090973947197 -0.0145434001460671
-118 0 0 -0.000901242019608617 -0.0139785995706916
-117 0 0 -0.000869715004228055 -0.0133974002674222
-116 0 0 -0.000837399973534048 -0.0127974003553391
-115 0 0 -0.000815352017525584 -0.012385499663651
-114 0 0 -0.000792846025433391 -0.0119629995897412
-113 0 0 -0.000769824022427201 -0.0115286000072956
-112 0 0 -0.000746219011489302 -0.0110811004415154
-111 0 0 -0.000721952994354069 -0.010618600063026
-110 0 0 -0.000705360027495772 -0.0103010004386306
-109 0 0 -0.000688396976329386 -0.00997512973845005
-108 0 0 -0.000671021989546716 -0.00964022986590862
-107 0 0 -0.00065319100394845 -0.00929530989378691
-106 0 0 -0.000634849013295025 -0.00893921963870525
-105 0 0 -0.000615930010098964 -0.00857060961425304
-104 0 0 -0.000602959014941007 -0.00831711012870073
-103 0 0 -0.000589669973123819 -0.00805674958974123
-102 0 0 -0.000576029997318983 -0.00778885977342725
-101 0 0 -0.000562002998776734 -0.00751267001032829
-100 10 4 -0.000547543982975185 -0.00722726015374064
-99 0 0 -0.000532602018211037 -0.00693154986947775
-98 0 0 -0.000522341986652464 -0.00672804983332753
-97 0 0 -0.000511816004291177 -0.00651893997564912
-96 0 0 -0.000501001020893455 -0.00630370015278459
-95 0 0 -0.000489867001306266 -0.00608169985935092
-94 0 0 -0.000478378002298996 -0.0058522499166429
-93 0 0 -0.000466494995635003 -0.00561448000371456
-92 0 0 -0.000458330003311858 -0.00545086013153195
-91 0 0 -0.000449951010523364 -0.0052827401086688
-90 0 0 -0.000441339012468234 -0.00510973017662764
-89 0 0 -0.000432470988016576 -0.00493134977295995
-88 0 0 -0.000423319987021387 -0.00474706990644336
-87 0 0 -0.000413856992963701 -0.00455624982714653
-86 0 0 -0.00040735601214692 -0.00442503020167351
-85 0 0 -0.000400688004447147 -0.00429031020030379
-84 0 0 -0.000393838010495529 -0.00415178993716836
-83 0 0 -0.000386789004551247 -0.00400914018973708
-82 0 0 -0.00037952300044708 -0.00386196002364159
-81 0 0 -0.000372017995687202 -0.00370980007573962
-80 0 0 -0.000364248990081251 -0.00355213996954262
-79 0 0 -0.000358907011104748 -0.00344366999343038
-78 0 0 -0.000353423994965851 -0.00333226006478071
-77 0 0 -0.00034778899862431 -0.00321766990236938
-76 0 0 -0.000341987004503608 -0.00309962988831103
-75 0 0 -0.000336002995027229 -0.00297782011330128
-74 0 0 -0.000329820992192253 -0.00285187992267311
-73 0 0 -0.000323418993502855 -0.00272137997671962
-72 0 0 -0.000316774006932974 -0.00258584995754063
-71 0 0 -0.000309858005493879 -0.00244470010511577
-70 0 0 -0.000302638014545664 -0.0022972400765866
-69 0 0 -0.000295075005851686 -0.00214268011040986
-68 0 0 -0.000287122005829588 -0.00198001996614039
-67 0 0 -0.000278721010545269 -0.00180810003075749
-66 0 0 -0.000269804993877187 -0.00162550003733486
-65 0 0 -0.000260291009908542 -0.00143051997292787
-64 0 0 -0.000250084995059296 -0.00122122000902891
-63 0 0 -0.000239087006775662 -0.000995518988929689
-62 0 0 -0.000227213997277431 -0.000751658983062953
-61 0 0 -0.000200826994841918 -0.000209132995223626
-60 0 0 -0.000146795006003231 0.000903736974578351
-59 0 0 -2.45858991547721E-05 0.00342401000671089
-58 0 0 0.000342940009431913 0.0108997002243996
-57 0 0 0.000572377000935376 0.0153967998921871
-56 0 0 0.000770547019783407 0.0191513001918793
-55 0 0 0.000956628005951643 0.022571200504899
-54 0 0 0.00113860995043069 0.0258278008550406
-53 0 0 0.00132100004702806 0.0290175005793571
-52 0 0 0.00150687003042549 0.0322060994803905
-51 0 0 0.00169865996576846 0.035445399582386
-50 9 4 0.00189852004405111 0.038781501352787
-49 0 0 0.00210850010626018 0.0422594994306564
-48 0 0 0.00233068992383778 0.0459267012774944
-47 0 0 0.00256724003702402 0.0498354993760586
-46 0 0 0.00282041006721556 0.0540456995368004
-45 0 0 0.00309239001944661 0.0586267001926899
-44 0 0 0.00338512007147074 0.0636577978730202
-43 0 0 0.0036996400449425 0.0692261010408401
-42 0 0 0.0040350598283112 0.075416699051857
-41 0 0 0.00438685016706586 0.0822916030883789
-40 0 0 0.00474504008889198 0.0898540988564491
-39 0 0 0.00509388977661729 0.0980162024497986
-38 0 0 0.00541468989104033 0.106600001454353
-37 0 0 0.00569118978455663 0.115391001105309
-36 0 0 0.00591363990679383 0.124202996492386
-35 0 0 0.0060792900621891 0.132910996675491
-34 0 0 0.0061904601752758 0.141450002789497
-33 0 0 0.00625234004110098 0.14979399740696
32 8 2 0.00627144984900951 0.157940000295639
31 0 0 0.00627123983576894 0.158815994858742
30 0 0 0.00625090999528766 0.166754007339478
29 0 0 0.00620202999562025 0.174520999193192
28 0 0 0.00613082014024258 0.182132005691528
27 0 0 0.00604292005300522 0.189603000879288
26 0 0 0.00594335980713367 0.196951001882553
25 0 0 0.00583659997209907 0.204190000891685
24 0 0 0.00572647992521524 0.211333006620407
23 0 0 0.00561631983146071 0.218391001224518
22 0 0 0.00550890015438199 0.22537699341774
21 0 0 0.00540655991062522 0.232299000024796
20 0 0 0.00531121995300055 0.239167004823685
19 0 0 0.0052244202233851 0.245988994836807
18 0 0 0.00514737982302904 0.252772986888885
17 0 0 0.00508103985339403 0.259526997804642
16 0 0 0.00502608995884657 0.266256004571915
15 0 0 0.00498299999162555 0.272967010736465
14 0 0 0.00495210010558367 0.279666990041733
13 0 0 0.00493353977799416 0.286359012126923
12 7 2 0.00492735998705029 0.29305100440979
-11 0 0 0.004928819835186 0.296303004026413
-10 0 0 0.00494090002030134 0.303001999855042
-9 0 0 0.00495568010956049 0.307473987340927
-8 0 0 0.00496848998591304 0.31045800447464
-7 0 0 0.00497832987457514 0.312449991703033
-6 0 0 0.00498546008020639 0.313778012990952
-5 0 0 0.00499047012999654 0.314664006233215
-4 0 0 0.0049939202144742 0.315254986286163
-3 0 0 0.00499626994132996 0.315649002790451
-2 0 0 0.00499786017462611 0.315912008285522
1 0 0 0.00499999988824129 0.316262006759644
1 0 0 0.00499999988824129 0.316262006759644
-2 0 0 0.00500218011438847 0.316612005233765
-3 0 0 0.0050038299523294 0.316875010728836
-4 0 0 0.00500635011121631 0.317270010709763
-5 0 0 0.00501018995419145 0.317860990762711
-6 0 0 0.00501612992957234 0.318749010562897
-7 0 0 0.00502539984881878 0.320080995559692
-8 0 0 0.00504013989120722 0.322080999612808
-9 0 0 0.0050641200505197 0.325085014104843
-10 0 0 0.00510421022772789 0.329600006341934
-11 0 0 0.00517344987019897 0.336396992206573
-12 0 0 0.00525328004732728 0.343226999044418
-13 0 0 0.00534333987161517 0.350093990564346
-14 0 0 0.00544326985254884 0.357001006603241
-15 0 0 0.00555269001051784 0.36395400762558
-16 0 0 0.00567123992368579 0.370956987142563
-17 0 0 0.00579854007810354 0.378012001514435
-18 0 0 0.00593423005193472 0.385125994682312
-19 0 0 0.00607796013355255 0.392300993204117
-20 0 0 0.00622938014566898 0.39954200387001
-21 0 0 0.00638815015554428 0.406854003667831
-22 0 0 0.00655393023043871 0.414240002632141
-23 0 0 0.00672640977427363 0.421705991029739
-24 0 0 0.00690526003018022 0.42925500869751
-25 0 0 0.00709016993641853 0.436892986297607
-26 0 0 0.00728084985166788 0.444624990224838
-27 0 0 0.0074769901111722 0.452454000711441
-28 0 0 0.00767830014228821 0.460386991500854
-29 0 0 0.0078844903036952 0.468428999185562
-30 0 0 0.00809528026729822 0.476585000753403
-31 0 0 0.00831038039177656 0.484860002994537
-32 0 0 0.00852951034903526 0.493261009454727
-33 0 0 0.00875237956643105 0.50179398059845
-34 0 0 0.0089787095785141 0.510464012622833
-35 0 0 0.00920819956809282 0.519279003143311
-36 0 0 0.00944055989384651 0.528244972229004
-37 0 0 0.00967548973858356 0.53736799955368
-38 0 0 0.00991266965866089 0.546657979488373
-39 0 0 0.0101517997682095 0.556119978427887
-40 0 0 0.0103925000876188 0.565762996673584
-41 0 0 0.0106344996020198 0.57559597492218
-42 0 0 0.0108773997053504 0.585626006126404
-43 0 0 0.0111207999289036 0.595862984657288
-44 0 0 0.0113642998039722 0.606315970420837
-45 0 0 0.0116076003760099 0.616995990276337
-46 0 0 0.0118501000106335 0.627910971641541
-47 0 0 0.0120914001017809 0.6390740275383
-48 0 0 0.0123311001807451 0.650493979454041
-49 0 0 0.0125684998929501 0.662182986736298
-50 2 4 0.0128031997010112 0.674152970314026
-51 0 0 0.0130345998331904 0.68641597032547
-52 0 0 0.0132620995864272 0.698984980583191
-53 0 0 0.013485100120306 0.711874008178711
-54 0 0 0.0137029001489282 0.725094974040985
-55 0 0 0.0139148002490401 0.738662004470825
-56 0 0 0.0141201000660658 0.752588987350464
-57 0 0 0.0143179995939136 0.76689201593399
-58 0 0 0.0145078999921679 0.78158301115036
-59 0 0 0.0146890003234148 0.796678006649017
-60 0 0 0.0148604996502399 0.812192022800446
-61 0 0 0.0150215998291969 0.828139007091522
-62 0 0 0.0151715995743871 0.844533026218414
-63 0 0 0.0153096998110414 0.861388027667999
-64 0 0 0.0154355000704527 0.878717005252838
-65 0 0 0.0155480997636914 0.896531999111176
-66 0 0 0.0156472008675337 0.914846003055573
-67 0 0 0.0157322008162737 0.933668971061707
-68 0 0 0.0158028993755579 0.953010022640228
-69 0 0 0.0158591996878386 0.972876012325287
-70 0 0 0.0159010998904705 0.993273019790649
-71 0 0 0.0159287992864847 1.01420998573303
-72 0 0 0.0159427002072334 1.03568005561829
-73 3 2 0.0159446001052856 1.04779994487762
74 0 0 0.0159383993595839 1.07010996341705
75 0 0 0.0159204993396997 1.09294998645782
76 0 0 0.0158920995891094 1.11631000041962
77 0 0 0.0158546008169651 1.14020001888275
78 0 0 0.0158096998929977 1.16460001468658
79 0 0 0.0157593004405499 1.18949997425079
80 0 0 0.0157053004950285 1.21489000320435
81 0 0 0.0156498998403549 1.24074995517731
82 0 0 0.0155953001230955 1.26707005500793
83 0 0 0.0155439004302025 1.29384005069733
84 0 0 0.015498099848628 1.32104003429413
85 0 0 0.0154601000249386 1.34865999221802
86 0 0 0.0154323000460863 1.37667000293732
87 0 0 0.0154168996959925 1.40506994724274
-88 4 2 0.0154146002605557 1.4210000038147
-89 0 0 0.0154227996245027 1.44995999336243
-90 0 0 0.0154486000537872 1.47926998138428
-91 0 0 0.0154940001666546 1.50890004634857
-92 0 0 0.0155605003237724 1.53885996341705
-93 0 0 0.0156495999544859 1.56912004947662
-94 0 0 0.0157626997679472 1.59967005252838
-95 0 0 0.0159008000046015 1.630499958992
-96 0 0 0.0160649996250868 1.66161000728607
-97 0 0 0.0162560008466244 1.69297003746033
-98 0 0 0.0164746008813381 1.7245899438858
-99 0 0 0.016721099615097 1.75645005702972
-100 5 4 0.0169959999620914 1.78855001926422
-101 0 0 0.0172994006425142 1.82087004184723
-102 0 0 0.0176314990967512 1.85341000556946
-103 0 0 0.0179923009127378 1.8861700296402
-104 0 0 0.0183816999197006 1.91912996768951
-105 0 0 0.0187993999570608 1.95228004455566
-106 0 0 0.0192450992763042 1.98563003540039
-107 0 0 0.0197186004370451 2.01917004585266
-108 0 0 0.0202194005250931 2.05289006233215
-109 0 0 0.0207470003515482 2.08679008483887
-110 0 0 0.0213009007275105 2.12085008621216
-111 0 0 0.0218806006014347 2.15508008003235
-112 0 0 0.0224855002015829 2.18947005271912
-113 0 0 0.0231148991733789 2.22400999069214
-114 0 0 0.0237681996077299 2.25870990753174
-115 0 0 0.0244447998702526 2.29354000091553
-116 0 0 0.025144100189209 2.32852005958557
-117 0 0 0.025865200906992 2.36364006996155
-118 0 0 0.0266075991094112 2.39888000488281
-119 0 0 0.0273706000298262 2.43425011634827
-120 0 0 0.0281536001712084 2.46974992752075
-121 0 0 0.0289558004587889 2.50535988807678
-122 0 0 0.0297765992581844 2.54107999801636
-123 0 0 0.0306152999401093 2.57692003250122
-124 0 0 0.0314714014530182 2.61285996437073
-125 0 0 0.0323441997170448 2.64890003204346
-126 0 0 0.0332330018281937 2.68503999710083
-127 0 0 0.0341373011469841 2.72128009796143
-128 0 0 0.0350565984845161 2.75761008262634
-129 0 0 0.0359901003539562 2.79401993751526
-130 0 0 0.0369374006986618 2.83051991462708
-131 0 0 0.0378980003297329 2.86710000038147
-132 0 0 0.0388712994754314 2.90374994277954
-133 0 0 0.0398566983640194 2.94047999382019
-134 0 0 0.0408539995551109 2.97727990150452
-135 0 0 0.0418623983860016 3.0141499042511
-136 0 0 0.0428817011415958 3.05109000205994
-137 0 0 0.0439114011824131 3.08808994293213
-138 0 0 0.0449509993195534 3.12514996528625
-139 0 0 0.046000100672245 3.16226005554199
-140 0 0 0.0470583997666836 3.19942998886108
-141 0 0 0.0481254011392593 3.23666000366211
-142 0 0 0.0492008998990059 3.27393007278442
-143 6 9 0.0502844005823135 3.31125998497009
