-492 18 9 -0.0504053011536598 -0.393860012292862
-491 0 0 -0.0497744008898735 -0.389095991849899
-490 0 0 -0.0491449981927872 -0.384357988834381
-489 0 0 -0.0485171005129814 -0.379644006490707
-488 0 0 -0.0478902012109756 -0.374953985214233
-487 0 0 -0.0472640991210938 -0.370287001132965
-486 0 0 -0.0466383993625641 -0.365640997886658
-485 0 0 -0.0460129007697105 -0.361014991998672
-484 0 0 -0.0453873984515667 -0.356407999992371
-483 0 0 -0.0447614006698132 -0.35181999206543
-482 0 0 -0.0441345982253551 -0.347247987985611
-481 0 0 -0.0435069017112255 -0.342691987752914
-480 0 0 -0.0428778007626534 -0.338151007890701
-479 0 0 -0.0422471016645432 -0.333622992038727
-478 0 0 -0.0416144989430904 -0.329107999801636
-477 0 0 -0.0409796983003616 -0.324604004621506
-476 0 0 -0.0403423011302948 -0.320109009742737
-475 0 0 -0.0397020988166332 -0.315623998641968
-474 0 0 -0.0390588007867336 -0.31114599108696
-473 0 0 -0.0384121015667915 -0.306674003601074
-472 0 0 -0.0377616994082928 -0.302206993103027
-471 0 0 -0.0371073000133038 -0.297742992639542
-470 0 0 -0.0364486984908581 -0.293282002210617
-469 0 0 -0.0357856005430222 -0.288821011781693
-468 0 0 -0.0351177006959915 -0.284359991550446
-467 0 0 -0.0344448015093803 -0.279897004365921
-466 0 0 -0.0337666012346745 -0.275429993867874
-465 0 0 -0.0330829992890358 -0.270956993103027
-464 0 0 -0.0323937982320786 -0.266478002071381
-463 0 0 -0.0316987000405788 -0.261990994215012
-462 0 0 -0.0309976991266012 -0.257492005825043
-461 0 0 -0.0305269993841648 -0.254487007856369
-460 0 0 -0.0300535000860691 -0.251475006341934
-459 0 0 -0.029577299952507 -0.248456999659538
-458 0 0 -0.0290983002632856 -0.245431005954742
-457 0 0 -0.0286164991557598 -0.242397993803024
-456 0 0 -0.0281319990754128 -0.239355996251106
-455 0 0 -0.0276446994394064 -0.236304998397827
-454 0 0 -0.0271546002477407 -0.233243003487587
-453 0 0 -0.0266618002206087 -0.230170994997025
-452 0 0 -0.0261662993580103 -0.227088004350662
-451 0 0 -0.0256682001054287 -0.223992004990578
-450 17 4 -0.0253346990793943 -0.221920996904373
-449 0 0 -0.025000000372529 -0.219843998551369
-448 0 0 -0.0246642995625734 -0.217760995030403
-447 0 0 -0.0243273992091417 -0.215671002864838
-446 0 0 -0.023989599198103 -0.213574007153511
-445 0 0 -0.0236507002264261 -0.211469992995262
-444 0 0 -0.023310799151659 -0.209358006715775
-443 0 0 -0.0229698996990919 -0.207239001989365
-442 0 0 -0.0226281993091106 -0.205110996961594
-441 0 0 -0.0222855992615223 -0.202975004911423
-440 0 0 -0.0219420995563269 -0.20083099603653
-439 0 0 -0.0215978994965553 -0.198677003383636
-438 0 0 -0.0212529003620148 -0.196513995528221
-437 0 0 -0.020907299593091 -0.194342002272606
-436 0 0 -0.0205610003322363 -0.192158997058868
-435 0 0 -0.0202142000198364 -0.18996499478817
-434 0 0 -0.0198669005185366 -0.18776099383831
-433 0 0 -0.0195192005485296 -0.18554599583149
-432 0 0 -0.0191711001098156 -0.183318004012108
-431 0 0 -0.0188226997852325 -0.181079000234604
-430 0 0 -0.0184739995747805 -0.178827002644539
-429 0 0 -0.0181252993643284 -0.176562994718552
-428 0 0 -0.0177765004336834 -0.174283996224403
-427 0 0 -0.0174276996403933 -0.171993002295494
-426 0 0 -0.0170791000127792 -0.169686004519463
-425 0 0 -0.0167306996881962 -0.167365998029709
-424 0 0 -0.0163825992494822 -0.165030002593994
-423 0 0 -0.0160348992794752 -0.162678003311157
-422 0 0 -0.0156877990812063 -0.160310998558998
-421 0 0 -0.0153412995859981 -0.157927006483078
-420 0 0 -0.0149956000968814 -0.155526995658875
-419 0 0 -0.0146508002653718 -0.15310899913311
-418 0 0 -0.0143071003258228 -0.150674998760223
-417 0 0 -0.0139645002782345 -0.148221999406815
-416 0 0 -0.0136232003569603 -0.145752996206284
-415 0 0 -0.0132835004478693 -0.14326499402523
-414 0 0 -0.0129453996196389 -0.140760004520416
-413 0 0 -0.0126090999692678 -0.138236999511719
-412 0 0 -0.0122749004513025 -0.13569800555706
-411 0 0 -0.0119431000202894 -0.133141994476318
-410 0 0 -0.0116136996075511 -0.130570992827415
-409 0 0 -0.0112872002646327 -0.127985000610352
-408 0 0 -0.0109636997804046 -0.125386998057365
-407 0 0 -0.0106437001377344 -0.122777000069618
-406 0 0 -0.0103273997083306 -0.12015999853611
-405 0 0 -0.0100151998922229 -0.117536999285221
-404 0 0 -0.00970761012285948 -0.114910997450352
-403 0 0 -0.0094049796462059 -0.112286999821663
-402 0 0 -0.00910777971148491 -0.109668999910355
-401 0 0 -0.00881647039204836 -0.107063002884388
-400 16 4 -0.0085315303876996 -0.104471996426582
-399 0 0 -0.00825341045856476 -0.10190399736166
-398 0 0 -0.00798255018889904 -0.0993634015321732
-397 0 0 -0.00771935982629657 -0.0968564972281456
-396 0 0 -0.00746416999027133 -0.0943889021873474
-395 0 0 -0.00721728010103106 -0.0919660031795502
-394 0 0 -0.00697888014838099 -0.0895923003554344
-393 0 0 -0.00674910983070731 -0.0872721970081329
-392 0 0 -0.00652797985821962 -0.0850087031722069
-391 0 0 -0.00631547020748258 -0.0828045010566711
-390 0 0 -0.00611145002767444 -0.0806611999869347
-389 0 0 -0.00591574003919959 -0.0785797014832497
-388 0 0 -0.00572811020538211 -0.0765601992607117
-387 0 0 -0.00554826017469168 -0.0746022015810013
-386 0 0 -0.00537591008469462 -0.0727047026157379
-385 0 0 -0.00521069997921586 -0.0708663985133171
-384 0 0 -0.00505230017006397 -0.0690855011343956
-383 0 0 -0.00490036001428962 -0.0673599019646645
-382 0 0 -0.00475454004481435 -0.0656875967979431
-381 0 0 -0.00461449008435011 -0.0640662014484406
-380 0 0 -0.00447989022359252 -0.0624933987855911
-379 0 0 -0.00435040984302759 -0.0609669014811516
-378 0 0 -0.00422577001154423 -0.0594841986894608
-377 0 0 -0.00410566991195083 -0.0580432005226612
-376 0 0 -0.00398983992636204 -0.0566413998603821
-375 0 0 -0.00387802999466658 -0.0552769005298615
-374 0 0 -0.00376999005675316 -0.0539474003016949
-373 0 0 -0.00366551009938121 -0.0526508986949921
-372 0 0 -0.0035643600858748 -0.0513856001198292
-371 0 0 -0.00346636003814638 -0.0501493997871876
-370 0 0 -0.00337129994295537 -0.0489408001303673
-369 0 0 -0.00327903009019792 -0.047757800668478
-368 0 0 -0.00318938004784286 -0.0465990006923676
-367 0 0 -0.00310219009406865 -0.0454627983272076
-366 0 0 -0.0030173200648278 -0.0443475991487503
-365 0 0 -0.00293463002890348 -0.0432519987225533
-364 0 0 -0.00285400007851422 -0.0421747006475925
-363 0 0 -0.0027753000613302 -0.0411141999065876
-362 0 0 -0.00269841006956995 -0.0400693006813526
-361 0 0 -0.00262323999777436 -0.0390386991202831
-360 0 0 -0.00254965992644429 -0.0380211994051933
-359 0 0 -0.00247758999466896 -0.0370155014097691
-358 0 0 -0.0024069300852716 -0.0360203981399536
-357 0 0 -0.00233757006935775 -0.0350347012281418
-356 0 0 -0.00226944009773433 -0.0340571999549866
-355 0 0 -0.00220244005322456 -0.0330866985023022
-354 0 0 -0.00213649007491767 -0.0321220010519028
-353 0 0 -0.00207149004563689 -0.0311618000268936
-352 0 0 -0.00200736010447145 -0.0302047003060579
-351 0 0 -0.00194402004126459 -0.0292493999004364
-350 15 4 -0.00188136997167021 -0.028294499963522
-349 0 0 -0.00181932002305984 -0.0273382999002934
-348 0 0 -0.00175777997355908 -0.0263793002814054
-347 0 0 -0.00169663003180176 -0.0254155993461609
-346 0 0 -0.00163576996419579 -0.0244450997561216
-345 0 0 -0.001575079979375 -0.0234655998647213
-344 0 0 -0.00151442002970725 -0.0224744994193316
-343 0 0 -0.00145364995114505 -0.0214689001441002
-342 0 0 -0.00139256997499615 -0.0204450003802776
-341 0 0 -0.00133098999504 -0.0193987991660833
-340 0 0 -0.00128952995873988 -0.0186864007264376
-339 0 0 -0.00124765001237392 -0.017960000783205
-338 0 0 -0.00120524002704769 -0.0172173008322716
-337 0 0 -0.00116217997856438 -0.0164557993412018
-336 0 0 -0.0011183200404048 -0.0156723000109196
-335 0 0 -0.00108853995334357 -0.0151359997689724
-334 0 0 -0.0010582699906081 -0.0145869003608823
-333 0 0 -0.0010274100350216 -0.0140233999118209
-332 0 0 -0.00099588802549988 -0.0134434998035431
-331 0 0 -0.000963584985584021 -0.0128450999036431
-330 0 0 -0.000941552978474647 -0.0124343996867537
-329 0 0 -0.000919067999348044 -0.0120131997391582
-328 0 0 -0.000896074983756989 -0.0115802995860577
-327 0 0 -0.000872508971951902 -0.0111343003809452
-326 0 0 -0.000848290976136923 -0.0106736999005079
-325 0 0 -0.000831737008411437 -0.0103574004024267
-324 0 0 -0.000814819009974599 -0.010033099912107
-323 0 0 -0.000797497981693596 -0.00969986990094185
-322 0 0 -0.000779728987254202 -0.00935679022222757
-321 0 0 -0.000761458999477327 -0.00900276005268097
-320 0 0 -0.0007426249794662 -0.00863645970821381
-319 0 0 -0.000729719002265483 -0.00838468037545681
-318 0 0 -0.000716502021532506 -0.00812618993222713
-317 0 0 -0.000702944002114236 -0.00786035973578691
-316 0 0 -0.000689007982145995 -0.00758644985035062
-315 0 0 -0.000674653972964734 -0.00730356993153691
-314 0 0 -0.000659830984659493 -0.00701068993657827
-313 0 0 -0.000649660010822117 -0.00680929003283381
-312 0 0 -0.000639232981484383 -0.00660246005281806
-311 0 0 -0.000628525973297656 -0.00638971012085676
-310 0 0 -0.000617513025645167 -0.00617046980187297
-309 0 0 -0.000606160028837621 -0.00594406016170979
-308 0 0 -0.000594428973272443 -0.00570969982072711
-307 0 0 -0.000586376991122961 -0.00554856983944774
-306 0 0 -0.000578120991121978 -0.00538317020982504
-305 0 0 -0.000569643976632506 -0.005213120020926
-304 0 0 -0.000560924003366381 -0.00503798993304372
-303 0 0 -0.000551939010620117 -0.00485729007050395
-302 0 0 -0.000542659021448344 -0.00467042997479439
-301 0 0 -0.000533053011167794 -0.00447674980387092
-300 14 4 -0.000526448013260961 -0.00434343004599214
-299 0 0 -0.000519666995387524 -0.00420643016695976
-298 0 0 -0.000512694008648396 -0.00406544003635645
-297 0 0 -0.000505511008668691 -0.00392008014023304
-296 0 0 -0.000498099019750953 -0.0037699299864471
-295 0 0 -0.000490432023070753 -0.00361448992043734
-294 0 0 -0.000485166005091742 -0.00350763997994363
-293 0 0 -0.000479765003547072 -0.00339798000641167
-292 0 0 -0.000474217988085002 -0.0032852899748832
-291 0 0 -0.000468512997031212 -0.0031693100463599
-290 0 0 -0.000462635012809187 -0.00304975011385977
-289 0 0 -0.000456568988738582 -0.00292628002353013
-288 0 0 -0.000450296007329598 -0.00279851001687348
-287 0 0 -0.000443794007878751 -0.00266600004397333
-286 0 0 -0.000437039008829743 -0.00252821994945407
-285 0 0 -0.000429998995969072 -0.0023845499381423
-284 0 0 -0.000422640005126595 -0.00223426008597016
-283 0 0 -0.000414920010371134 -0.00207648007199168
-282 0 0 -0.00040678700315766 -0.0019101599464193
-281 0 0 -0.000398180010961369 -0.00173400994390249
-280 0 0 -0.000389024993637577 -0.00154651002958417
-279 0 0 -0.00037923498894088 -0.0013458599569276
-278 0 0 -0.000357331009581685 -0.000896414974704385
-277 0 0 -0.000247526011662558 0.00136442994698882
-276 0 0 -0.000183643001946621 0.00268248002976179
-275 0 0 -3.85282000934239E-05 0.00567009020596743
-274 0 0 0.000137220995384268 0.00924867019057274
-273 0 0 0.000384840997867286 0.0141625003889203
-272 0 0 0.000588940980378538 0.0180756002664566
-271 0 0 0.000777064997237176 0.0215719994157553
-270 0 0 0.000959180004429072 0.0248651001602411
-269 0 0 0.00114049995318055 0.0280670002102852
-268 0 0 0.0013244099682197 0.03125
-267 0 0 0.00151346996426582 0.034469198435545
-266 0 0 0.00170987995807081 0.0377716012299061
-265 0 0 0.00191568001173437 0.041202399879694
-264 0 0 0.00213292008265853 0.0448077991604805
-263 0 0 0.0023636999540031 0.0486383996903896
-262 0 0 0.00261021009646356 0.0527517981827259
-261 0 0 0.00287461001425982 0.0572139993309975
-260 0 0 0.00315889995545149 0.0621014982461929
-259 0 0 0.00346437003463507 0.0674996972084045
-258 0 0 0.00379074993543327 0.0734957978129387
-257 0 0 0.00413466012105346 0.0801616981625557
-256 0 0 0.00448775012046099 0.0875224024057388
-255 0 0 0.00483576022088528 0.0955189988017082
-254 0 0 0.00516034988686442 0.103996999561787
-253 0 0 0.00544402003288269 0.112745001912117
-252 0 0 0.00567496987059712 0.121564000844955
-251 0 0 0.00584858004003763 0.130309000611305
-250 13 4 0.00596599001437426 0.138899996876717
-249 0 0 0.00603176979348063 0.147300004959106
248 12 2 0.00605218997225165 0.155502006411552
247 0 0 0.00605140021070838 0.157148003578186
246 0 0 0.00602626008912921 0.165120005607605
245 0 0 0.00597068015486002 0.172916993498802
244 0 0 0.00589093985036016 0.180555000901222
243 0 0 0.0057927998714149 0.188050001859665
242 0 0 0.00568140018731356 0.195418998599052
241 0 0 0.0055612800642848 0.202674999833107
240 0 0 0.0054363701492548 0.20983199775219
239 0 0 0.00531008001416922 0.216903001070023
238 0 0 0.00518527021631598 0.223897993564606
237 0 0 0.00506433006376028 0.230828002095222
236 0 0 0.00494921999052167 0.237701997160912
235 0 0 0.00484153022989631 0.244527995586395
234 0 0 0.00474249990656972 0.251314014196396
233 0 0 0.00465309992432594 0.25806799530983
232 0 0 0.00457401014864445 0.264795988798141
231 0 0 0.00450571998953819 0.271504014730453
230 0 0 0.00444854004308581 0.27819898724556
229 0 0 0.00440260022878647 0.284886986017227
228 0 0 0.00436792010441422 0.291570991277695
227 0 0 0.00434440979734063 0.298258006572723
226 0 0 0.00433189980685711 0.304951995611191
225 11 2 0.00432953983545303 0.309421002864838
-224 0 0 0.00433035008609295 0.312054991722107
-223 0 0 0.00433538993820548 0.316534996032715
-222 0 0 0.00434496020898223 0.321024000644684
-221 0 0 0.00435895007103682 0.325524002313614
-220 0 0 0.0043772398494184 0.330033987760544
-219 0 0 0.00439972011372447 0.334556996822357
-218 0 0 0.00442624976858497 0.339094012975693
-217 0 0 0.00445671984925866 0.343645989894867
-216 0 0 0.00449097994714975 0.348214000463486
-215 0 0 0.00452890992164612 0.352800011634827
-214 0 0 0.0045703798532486 0.357403993606567
-213 0 0 0.004615250043571 0.362028002738953
-212 0 0 0.00466337986290455 0.366672992706299
-211 0 0 0.00471465010195971 0.371340990066528
-210 0 0 0.00476890010759234 0.376031994819641
-209 0 0 0.00482601998373866 0.380748003721237
-208 0 0 0.00488585978746414 0.385488986968994
-207 0 0 0.00494829006493092 0.390258014202118
-206 0 0 0.00501317018643022 0.395054996013641
-205 0 0 0.00508038001134992 0.399881988763809
-204 0 0 0.00514977006241679 0.404740005731583
-203 0 0 0.00522122019901872 0.409630000591278
-202 0 0 0.00529458001255989 0.414552986621857
-201 0 0 0.0053697400726378 0.419512003660202
-200 10 4 0.00544656021520495 0.424506008625031
-199 0 0 0.00552491005510092 0.429536998271942
-198 0 0 0.0056046498939395 0.43460801243782
-197 0 0 0.00568564981222153 0.439718008041382
-196 0 0 0.00576779013499618 0.444869995117188
-195 0 0 0.00585091998800635 0.450064986944199
-194 0 0 0.00590683985501528 0.45355299115181
-193 0 0 0.00596310012042522 0.457060992717743
-192 0 0 0.00601965980604291 0.460590004920959
-191 0 0 0.00607649004086852 0.464139014482498
-190 0 0 0.00613354984670877 0.467711001634598
-189 0 0 0.00619080010801554 0.471303999423981
-188 0 0 0.00624819006770849 0.474918991327286
-187 0 0 0.00630568014457822 0.478558003902435
-186 0 0 0.00636324007064104 0.482219994068146
-185 0 0 0.00642082979902625 0.485906004905701
-184 0 0 0.00647839019075036 0.489616006612778
-183 0 0 0.00653589004650712 0.493351012468338
-182 0 0 0.00659328978508711 0.49711200594902
-181 0 0 0.0066505498252809 0.500898003578186
-180 0 0 0.00670761009678245 0.504710972309113
-179 0 0 0.00676443986594677 0.508551001548767
-178 0 0 0.00682100001722574 0.51241797208786
-177 0 0 0.00687723001465201 0.516314029693604
-176 0 0 0.00693308981135488 0.520237982273102
-175 0 0 0.00698853982612491 0.52419102191925
-174 0 0 0.0070435400120914 0.528173983097076
-173 0 0 0.00709802005439997 0.532186985015869
-172 0 0 0.00715195015072823 0.536231994628906
-171 0 0 0.00720528000965714 0.540307998657227
-170 0 0 0.00725795980542898 0.544416010379791
-169 0 0 0.00730992993339896 0.5485560297966
-168 0 0 0.00736114988103509 0.552730023860931
-167 0 0 0.00741156982257962 0.556939005851746
-166 0 0 0.00746113993227482 0.561182022094727
-165 0 0 0.00750978989526629 0.565460026264191
-164 0 0 0.00755748990923166 0.569773972034454
-163 0 0 0.00760417012497783 0.574126005172729
-162 0 0 0.00764977978542447 0.578513979911804
-161 0 0 0.00769426021724939 0.582940995693207
-160 0 0 0.00773756019771099 0.587405979633331
-159 0 0 0.00777962012216449 0.591911971569061
-158 0 0 0.0078203696757555 0.596457004547119
-157 0 0 0.00785977020859718 0.601043999195099
-156 0 0 0.00789774954319 0.605672001838684
-155 0 0 0.00793424993753433 0.610342979431152
-154 0 0 0.00796920992434025 0.61505800485611
-153 0 0 0.00800255965441465 0.619817018508911
-152 0 0 0.00803424976766109 0.624620974063873
-151 0 0 0.00806420017033815 0.629469990730286
-150 9 4 0.00809235963970423 0.634366989135742
-149 0 0 0.00811866018921137 0.639310002326965
-148 0 0 0.00814301986247301 0.644303023815155
-147 0 0 0.00816539023071527 0.649344027042389
-146 0 0 0.00818569958209991 0.654435992240906
-145 0 0 0.00820387993007898 0.659578025341034
-144 0 0 0.00821985956281424 0.664772987365723
-143 0 0 0.00823356956243515 0.6700199842453
-142 0 0 0.00824494007974863 0.675320982933044
-141 0 0 0.00825390964746475 0.680676996707916
-140 0 0 0.00826040003448725 0.686088025569916
-139 0 0 0.00826434046030045 0.691555976867676
138 8 2 0.008265670388937 0.697081983089447
137 0 0 0.00826510041952133 0.700702011585236
136 0 0 0.00826197024434805 0.706323981285095
135 0 0 0.0082560395821929 0.712005972862244
134 0 0 0.00824724044650793 0.717750012874603
133 0 0 0.00823551975190639 0.723555028438568
132 0 0 0.00822078995406628 0.729422986507416
131 0 0 0.00820299983024597 0.735354006290436
130 0 0 0.0081820897758007 0.741351008415222
129 0 0 0.00815798994153738 0.747413992881775
128 0 0 0.00813063979148865 0.753543019294739
127 0 0 0.00809997972100973 0.759739995002747
126 0 0 0.00806596037000418 0.766005992889404
125 0 0 0.00802852027118206 0.772341012954712
124 0 0 0.00798762030899525 0.778747022151947
123 0 0 0.00794321019202471 0.785224974155426
122 0 0 0.00789523031562567 0.791774988174438
121 0 0 0.00784366019070148 0.798398017883301
120 0 0 0.00778844999149442 0.805095970630646
119 0 0 0.00772956991568208 0.811869025230408
118 0 0 0.00766699993982911 0.818718016147614
117 0 0 0.00760070979595184 0.825644016265869
116 0 0 0.00753069017082453 0.832647025585175
115 0 0 0.00745692988857627 0.839729011058807
114 0 0 0.00737940985709429 0.846889972686768
113 0 0 0.00729813985526562 0.854130983352661
112 0 0 0.00721313012763858 0.861452996730804
111 0 0 0.00712440023198724 0.868856012821198
110 0 0 0.00703195994719863 0.876340985298157
109 0 0 0.00693584000691772 0.883908987045288
108 0 0 0.00683608977124095 0.891560018062592
107 0 0 0.0067327399738133 0.899294018745422
106 0 0 0.00662585999816656 0.907113015651703
105 0 0 0.00651550013571978 0.915015995502472
104 0 0 0.00640174001455307 0.923003971576691
103 0 0 0.00628464994952083 0.931077003479004
102 0 0 0.00616433983668685 0.939235985279083
101 0 0 0.00604088976979256 0.947480022907257
100 7 4 0.00591441988945007 0.955810010433197
99 0 0 0.0057850400917232 0.964227020740509
98 0 0 0.00565289007499814 0.972729027271271
97 0 0 0.00551808997988701 0.98131799697876
96 0 0 0.00538079999387264 0.989992022514343
95 0 0 0.00524115981534123 0.998753011226654
94 0 0 0.00509935012087226 1.00759994983673
93 0 0 0.00495553994551301 1.01653003692627
92 0 0 0.00480990018695593 1.02555000782013
91 0 0 0.00466261990368366 1.03464996814728
90 0 0 0.00451391004025936 1.04384005069733
89 0 0 0.00436394987627864 1.05311000347137
88 0 0 0.00421296991407871 1.06245994567871
87 0 0 0.00406116992235184 1.07190001010895
86 0 0 0.00390879018232226 1.08141994476318
85 0 0 0.00375604000873864 1.09101998806
84 0 0 0.00360314990393817 1.10071003437042
83 0 0 0.00345035991631448 1.11047005653381
82 0 0 0.00329791009426117 1.12031996250153
81 0 0 0.00314604002051055 1.13023996353149
80 0 0 0.00299497996456921 1.14023995399475
79 0 0 0.00284497998654842 1.15032005310059
78 0 0 0.00269627990201116 1.16048002243042
77 0 0 0.00254913000389934 1.17070996761322
76 0 0 0.00240377010777593 1.1810200214386
75 0 0 0.00226043001748621 1.19140994548798
74 0 0 0.00211935001425445 1.20185995101929
73 0 0 0.00198077992536128 1.21238994598389
72 0 0 0.00184492999687791 1.22299003601074
71 0 0 0.00171205005608499 1.23365998268127
70 0 0 0.0015823399880901 1.24441003799438
69 0 0 0.00145603995770216 1.25522005558014
68 0 0 0.00133334996644408 1.26609003543854
67 0 0 0.0012144900392741 1.27704000473022
66 0 0 0.00109965004958212 1.28805005550385
65 0 0 0.000989021034911275 1.29912996292114
64 0 0 0.000882802007254213 1.31026995182037
63 0 0 0.000781171023845673 1.32148003578186
62 0 0 0.000684301019646227 1.33273994922638
61 0 0 0.000592358992435038 1.34406995773315
60 0 0 0.000505502976011485 1.3554699420929
59 0 0 0.000423885998316109 1.36691999435425
58 0 0 0.000347649998730049 1.37843000888824
57 0 0 0.000276931008556858 1.38999998569489
56 0 0 0.000211855993256904 1.40163004398346
55 0 0 0.000152548003825359 1.41331994533539
54 0 0 9.91160995909013E-05 1.42506003379822
53 0 0 5.16666004841682E-05 1.4368599653244
52 0 0 1.02962003438734E-05 1.44871997833252
51 0 0 -2.49056993197883E-05 1.46063005924225
50 6 4 -5.38569001946598E-05 1.47258996963501
49 0 0 -7.64828000683337E-05 1.4846099615097
48 0 0 -9.27154032979161E-05 1.49668002128601
47 0 0 -0.000102493999293074 1.50881004333496
-46 5 2 -0.000105763996543828 1.52098000049591
-45 0 0 -0.000104507998912595 1.52854001522064
-44 0 0 -9.71472036326304E-05 1.5407999753952
-43 0 0 -8.31668003229424E-05 1.55311000347137
-42 0 0 -6.25356988166459E-05 1.56546998023987
-41 0 0 -3.52286006091163E-05 1.57788002490997
-40 0 0 -1.22546998682083E-06 1.59035003185272
-39 0 0 3.94882990804035E-05 1.60285997390747
-38 0 0 8.69220020831563E-05 1.61540997028351
-37 0 0 0.000141080003231764 1.62802004814148
-36 0 0 0.000201962000573985 1.64067995548248
-35 0 0 0.000269564014161006 1.65338003635406
-34 0 0 0.000343875988619402 1.66612994670868
-33 0 0 0.000424884987296537 1.67893004417419
-32 0 0 0.000512574973981827 1.69176995754242
-31 0 0 0.00060692400438711 1.70466005802155
-30 0 0 0.000707907020114362 1.7175999879837
-29 0 0 0.00081549899186939 1.73057997226715
-28 0 0 0.000929666974116117 1.74361002445221
-27 0 0 0.00105037994217128 1.75669002532959
-26 0 0 0.00117760000284761 1.76979994773865
-25 0 0 0.0013112899614498 1.78296995162964
-24 0 0 0.0014513999922201 1.79618000984192
-23 0 0 0.00159789994359016 1.8094300031662
-22 0 0 0.00175072997808456 1.82272005081177
-21 0 0 0.00190985994413495 1.83606994152069
-20 0 0 0.0020752300042659 1.84944999217987
-19 0 0 0.00224678008817136 1.86287999153137
-18 0 0 0.00242446991614997 1.87635004520416
-17 0 0 0.00260824989527464 1.88986003398895
-16 0 0 0.00279804994352162 1.90341997146606
-15 0 0 0.00299382000230253 1.91700994968414
-14 0 0 0.0031955000013113 1.93064999580383
-13 0 0 0.0034030401147902 1.94433999061584
-12 0 0 0.00361637002788484 1.95806002616882
-11 0 0 0.00383543991483748 1.97183001041412
-10 0 0 0.00406017014756799 1.98563003540039
-9 0 0 0.00429052021354437 1.99948000907898
-8 0 0 0.00452642003074288 2.01337003707886
-7 0 0 0.00468672998249531 2.02265000343323
-6 0 0 0.00479495013132691 2.02885007858276
-5 0 0 0.00486769014969468 2.03298997879028
-4 0 0 0.00491645000874996 2.03574991226196
-3 0 0 0.00494907004758716 2.03759002685547
-2 0 0 0.00497086998075247 2.03881001472473
1 0 0 0.00499999988824129 2.04045009613037
1 0 0 0.00499999988824129 2.04045009613037
-2 0 0 0.00502920988947153 2.04208993911743
-3 0 0 0.00505116023123264 2.04331994056702
-4 0 0 0.00508415978401899 2.04516005516052
-5 0 0 0.00513383978977799 2.04793000221252
-6 0 0 0.00520874978974462 2.05207991600037
-7 0 0 0.0053219897672534 2.05832004547119
-8 0 0 0.00549380015581846 2.06767988204956
-9 0 0 0.00575587013736367 2.0817699432373
-10 0 0 0.00602310989052057 2.09589004516602
-11 0 0 0.00629547005519271 2.11005997657776
-12 0 0 0.00657285982742906 2.12425994873047
-13 0 0 0.00685524009168148 2.13849997520447
-14 0 0 0.00714252982288599 2.15278005599976
-15 0 0 0.00743466010317206 2.16708993911743
-16 0 0 0.00773158995434642 2.18144989013672
-17 0 0 0.00803322996944189 2.19583988189697
-18 0 0 0.00833952985703945 2.21026992797852
-19 0 0 0.00865042023360729 2.22474002838135
-20 0 0 0.00896583963185549 2.23923993110657
-21 0 0 0.00928573030978441 2.25377988815308
-22 0 0 0.00961001962423325 2.26835989952087
-23 0 0 0.00993863958865404 2.28296995162964
-24 0 0 0.0102714998647571 2.29762005805969
-25 0 0 0.0106087001040578 2.31229996681213
-26 0 0 0.0109499003738165 2.32701992988586
-27 0 0 0.0112952999770641 2.34176993370056
-28 0 0 0.0116446996107697 2.35655999183655
-29 0 0 0.0119981002062559 2.3713800907135
-30 0 0 0.0123552996665239 2.38624000549316
-31 0 0 0.0127165000885725 2.40111994743347
-32 0 0 0.0130813997238874 2.41604995727539
-33 0 0 0.0134500004351139 2.43099999427795
-34 0 0 0.0138223003596067 2.44599008560181
-35 0 0 0.0141983004286885 2.46099996566772
-36 0 0 0.0145778004080057 2.47604990005493
-37 0 0 0.0149608002975583 2.49113988876343
-38 0 0 0.0153472004458308 2.50624990463257
-39 0 0 0.0157370995730162 2.52138996124268
-40 0 0 0.0161303002387285 2.53657007217407
-41 0 0 0.0165267009288073 2.55176997184753
-42 0 0 0.0169264003634453 2.56700992584229
-43 0 0 0.0173292998224497 2.58226990699768
-44 0 0 0.0177353005856276 2.59755992889404
-45 0 0 0.0181443002074957 2.61287999153137
-46 0 0 0.0185563992708921 2.62823009490967
-47 0 0 0.0189715009182692 2.64361000061035
-48 0 0 0.0193895008414984 2.659019947052
-49 0 0 0.0198103003203869 2.6744499206543
-50 2 4 0.0202339999377728 2.68990993499756
-51 0 0 0.020660400390625 2.70539999008179
-52 0 0 0.0210896003991365 2.72091007232666
-53 0 0 0.0215214006602764 2.73644995689392
-54 0 0 0.0219558998942375 2.75201988220215
-55 0 0 0.022392999380827 2.7676100730896
-56 0 0 0.0228326003998518 2.78322005271912
-57 0 0 0.0232746992260218 2.7988600730896
-58 0 0 0.0237192008644342 2.81452989578247
-59 0 0 0.0241662003099918 2.83020997047424
-60 0 0 0.0246155001223087 2.8459300994873
-61 0 0 0.025067200884223 2.86166000366211
-62 0 0 0.0255210995674133 2.87741994857788
-63 0 0 0.0259773004800081 2.8931999206543
-64 0 0 0.026435699313879 2.90899991989136
-65 0 0 0.0268961992114782 2.92482995986938
-66 0 0 0.0273589007556438 2.94068002700806
-67 0 0 0.0278236009180546 2.95654010772705
-68 0 0 0.0282904002815485 2.97242999076843
-69 0 0 0.0287592001259327 2.98833990097046
-70 0 0 0.0292298998683691 3.00427007675171
-71 0 0 0.0297026000916958 3.02022004127502
-72 0 0 0.0301772002130747 3.03619003295898
-73 0 0 0.0306537002325058 3.05218005180359
-74 0 0 0.0311319995671511 3.06819009780884
-75 0 0 0.0316120982170105 3.08421993255615
-76 0 0 0.0320939011871815 3.10027003288269
-77 0 0 0.0325774997472763 3.11632990837097
-78 0 0 0.0330628007650375 3.13241004943848
-79 0 0 0.0335496999323368 3.14850997924805
-80 0 0 0.0340383015573025 3.16462993621826
-81 0 0 0.0345284007489681 3.1807599067688
-82 0 0 0.0350201986730099 3.19690990447998
-83 0 0 0.0355135016143322 3.21307992935181
-84 0 0 0.0360082983970642 3.22926998138428
-85 0 0 0.0365044996142387 3.24547004699707
-86 0 0 0.0370022989809513 3.26167988777161
-87 0 0 0.037501398473978 3.27790999412537
-88 0 0 0.0380019992589951 3.29415988922119
-89 0 0 0.0385039001703262 3.31042003631592
-90 0 0 0.0390072017908096 3.32668995857239
-91 0 0 0.0395117998123169 3.3429799079895
-92 0 0 0.0400177016854286 3.35928988456726
-93 0 0 0.0405247993767262 3.37561011314392
-94 0 0 0.0410332009196281 3.39194011688232
-95 0 0 0.041542898863554 3.40827989578247
-96 0 0 0.0420536994934082 3.42463994026184
-97 0 0 0.0425656996667385 3.44100999832153
-98 0 0 0.0430787988007069 3.45740008354187
-99 0 0 0.0435931012034416 3.47378993034363
-100 3 4 0.0441084988415241 3.49020004272461
-101 0 0 0.044624999165535 3.50661993026733
-102 0 0 0.0451425015926361 3.52306008338928
-103 0 0 0.045661099255085 3.53949999809265
-104 0 0 0.0464408993721008 3.56418991088867
-105 0 0 0.0472229011356831 3.58890008926392
-106 0 0 0.0480070002377033 3.61364006996155
-107 0 0 0.04879330098629 3.63840007781982
-108 0 0 0.0495816990733147 3.66318011283875
-109 4 9 0.0503720007836819 3.68798995018005
