-280 14 9 -0.0503206998109818 -0.398754000663757
-279 0 0 -0.0497067011892796 -0.393956005573273
-278 0 0 -0.0490940995514393 -0.38918599486351
-277 0 0 -0.0484826005995274 -0.384440988302231
-276 0 0 -0.0478717982769012 -0.379721999168396
-275 0 0 -0.0472615994513035 -0.375025987625122
-274 0 0 -0.0466516986489296 -0.370353013277054
-273 0 0 -0.0460417009890079 -0.365702003240585
-272 0 0 -0.0454313009977341 -0.3610720038414
-271 0 0 -0.0448204018175602 -0.356460005044937
-270 0 0 -0.044208500534296 -0.351866990327835
-269 0 0 -0.0435953997075558 -0.347290992736816
-268 0 0 -0.0429808981716633 -0.34273099899292
-267 0 0 -0.0423646010458469 -0.338185995817184
-266 0 0 -0.041746199131012 -0.33365398645401
-265 0 0 -0.0411254987120628 -0.329135000705719
-264 0 0 -0.0405021011829376 -0.324627012014389
-263 0 0 -0.0398758016526699 -0.320129007101059
-262 0 0 -0.0392462983727455 -0.31564000248909
-261 0 0 -0.0386133007705212 -0.311159014701843
-260 0 0 -0.037976399064064 -0.306683003902435
-259 0 0 -0.0373356007039547 -0.30221301317215
-258 0 0 -0.0366903990507126 -0.297746986150742
-257 0 0 -0.0360406003892422 -0.293282002210617
-256 0 0 -0.035385999828577 -0.28881898522377
-255 0 0 -0.0347261987626553 -0.284355014562607
-254 0 0 -0.0340612009167671 -0.279888987541199
-253 0 0 -0.0333906002342701 -0.275420010089874
-252 0 0 -0.0327142998576164 -0.270945012569427
-251 0 0 -0.03203209862113 -0.26646301150322
-250 13 4 -0.031343799084425 -0.261972993612289
-249 0 0 -0.0306493006646633 -0.257472008466721
-248 0 0 -0.0301827993243933 -0.254465013742447
-247 0 0 -0.029713399708271 -0.251451998949051
-246 0 0 -0.0292412005364895 -0.248431995511055
-245 0 0 -0.0287661999464035 -0.245405003428459
-244 0 0 -0.0282882992178202 -0.242369994521141
-243 0 0 -0.0278075002133846 -0.239326000213623
-242 0 0 -0.0273238997906446 -0.236274003982544
-241 0 0 -0.0268374998122454 -0.233210995793343
-240 0 0 -0.0263483002781868 -0.230137005448341
-239 0 0 -0.0258562993258238 -0.227053001523018
-238 0 0 -0.0253616999834776 -0.223955005407333
-237 0 0 -0.0250304993242025 -0.221882998943329
-236 0 0 -0.0246980991214514 -0.219805002212524
-235 0 0 -0.0243647005409002 -0.217721000313759
-234 0 0 -0.0240301005542278 -0.215629994869232
-233 0 0 -0.0236945003271103 -0.213532000780106
-232 0 0 -0.0233578998595476 -0.211427003145218
-231 0 0 -0.0230202004313469 -0.209314003586769
-230 0 0 -0.0226815994828939 -0.207194000482559
-229 0 0 -0.0223421007394791 -0.205064997076988
-228 0 0 -0.0220017991960049 -0.202929005026817
-227 0 0 -0.0216605998575687 -0.200782999396324
-226 0 0 -0.0213185995817184 -0.198629006743431
-225 0 0 -0.0209759008139372 -0.196465000510216
-224 0 0 -0.0206326004117727 -0.194290995597839
-223 0 0 -0.0202885996550322 -0.192107006907463
-222 0 0 -0.0199440997093916 -0.189913004636765
-221 0 0 -0.0195991992950439 -0.187707006931305
-220 0 0 -0.0192537996917963 -0.185490995645523
-219 0 0 -0.0189081002026796 -0.183262005448341
-218 0 0 -0.0185621008276939 -0.181022003293037
-217 0 0 -0.0182159002870321 -0.178769007325172
-216 0 0 -0.0178695991635323 -0.176503002643585
-215 0 0 -0.0175234004855156 -0.174224004149437
-214 0 0 -0.0171770993620157 -0.171930998563766
-213 0 0 -0.01683109998703 -0.169624000787735
-212 0 0 -0.0164852999150753 -0.167301997542381
-211 0 0 -0.0161397997289896 -0.164965003728867
-210 0 0 -0.015794899314642 -0.16261200606823
-209 0 0 -0.0154504999518394 -0.160244002938271
-208 0 0 -0.0151068000122905 -0.157858997583389
-207 0 0 -0.0147639000788331 -0.155457004904747
-206 0 0 -0.0144220003858209 -0.153038993477821
-205 0 0 -0.0140811000019312 -0.150602996349335
-204 0 0 -0.0137414997443557 -0.148148998618126
-203 0 0 -0.0134033001959324 -0.145677998661995
-202 0 0 -0.0130666000768542 -0.143189996480942
-201 0 0 -0.0127315996214747 -0.140682995319366
-200 12 4 -0.01239849999547 -0.13815900683403
-199 0 0 -0.0120674995705485 -0.13561899960041
-198 0 0 -0.0117388004437089 -0.13306200504303
-197 0 0 -0.0114126997068524 -0.130489006638527
-196 0 0 -0.0110895000398159 -0.127902999520302
-195 0 0 -0.0107693001627922 -0.125303000211716
-194 0 0 -0.0104526001960039 -0.122693002223969
-193 0 0 -0.0101397000253201 -0.12007500231266
-192 0 0 -0.00983093958348036 -0.117450997233391
-191 0 0 -0.00952672027051449 -0.114825002849102
-190 0 0 -0.00922747980803251 -0.112200997769833
-189 0 0 -0.00893365032970905 -0.109582997858524
-188 0 0 -0.00864569004625082 -0.106976002454758
-187 0 0 -0.00836407020688057 -0.104386001825333
-186 0 0 -0.00808923970907927 -0.10181800276041
-185 0 0 -0.00782162044197321 -0.0992781966924667
-184 0 0 -0.00756159983575344 -0.096772201359272
-183 0 0 -0.00730952015146613 -0.0943057984113693
-182 0 0 -0.00706565985456109 -0.0918842032551765
-181 0 0 -0.00683018984273076 -0.0895121023058891
-180 0 0 -0.00660324981436133 -0.087193600833416
-179 0 0 -0.00638487003743649 -0.0849319994449615
-178 0 0 -0.00617498019710183 -0.082729697227478
-177 0 0 -0.0059734801761806 -0.0805883035063744
-176 0 0 -0.00578017998486757 -0.0785088986158371
-175 0 0 -0.0055948500521481 -0.0764914005994797
-174 0 0 -0.00541719002649188 -0.0745353996753693
-173 0 0 -0.00524692004546523 -0.0726398974657059
-172 0 0 -0.0050836899317801 -0.0708035975694656
-171 0 0 -0.00492716999724507 -0.0690245032310486
-170 0 0 -0.0047770100645721 -0.0673007965087891
-169 0 0 -0.00463287020102143 -0.0656303018331528
-168 0 0 -0.00449443003162742 -0.0640105977654457
-167 0 0 -0.0043613500893116 -0.0624394007027149
-166 0 0 -0.00423331977799535 -0.0609144009649754
-165 0 0 -0.00411004014313221 -0.0594331994652748
-164 0 0 -0.00399124994874001 -0.0579935014247894
-163 0 0 -0.00387665000744164 -0.0565931014716625
-162 0 0 -0.00376602006144822 -0.055229801684618
-161 0 0 -0.00365910003893077 -0.0539015009999275
-160 0 0 -0.00355567992664874 -0.0526060983538628
-159 0 0 -0.00345554994419217 -0.0513417981564999
-158 0 0 -0.00335851009003818 -0.0501067005097866
-157 0 0 -0.00326438993215561 -0.0488989017903805
-156 0 0 -0.00317299994640052 -0.0477169007062912
-155 0 0 -0.00308418995700777 -0.0465589016675949
-154 0 0 -0.00299781002104282 -0.045423399657011
-153 0 0 -0.00291370996274054 -0.0443089008331299
-152 0 0 -0.0028317600954324 -0.0432140007615089
-151 0 0 -0.00275184004567564 -0.0421371981501579
-150 11 4 -0.00267381011508405 -0.0410773009061813
-149 0 0 -0.00259757996536791 -0.0400330014526844
-148 0 0 -0.00252302992157638 -0.0390027984976768
-147 0 0 -0.00245006009936333 -0.0379857011139393
-146 0 0 -0.00237855990417302 -0.036980401724577
-145 0 0 -0.00230844994075596 -0.0359856002032757
-144 0 0 -0.0022396300919354 -0.0350002981722355
-143 0 0 -0.00217201001942158 -0.0340230986475945
-142 0 0 -0.00210551009513438 -0.0330527983605862
-141 0 0 -0.00204002996906638 -0.0320882983505726
-140 0 0 -0.00197549001313746 -0.0311280991882086
-139 0 0 -0.00191181001719087 -0.030171200633049
-138 0 0 -0.00184888998046517 -0.0292159002274275
-137 0 0 -0.00178665004204959 -0.028261000290513
-136 0 0 -0.00172498996835202 -0.0273046996444464
-135 0 0 -0.00166382000315934 -0.0263455994427204
-134 0 0 -0.00160304002929479 -0.0253816992044449
-133 0 0 -0.00154253002256155 -0.0244108997285366
-132 0 0 -0.00148216995876282 -0.0234310999512672
-131 0 0 -0.00142183003481477 -0.0224395003169775
-130 0 0 -0.00136135995853692 -0.02143320068717
-129 0 0 -0.00130056997295469 -0.0204086992889643
-128 0 0 -0.00123925996012986 -0.019361600279808
-127 0 0 -0.0011979800183326 -0.018648499622941
-126 0 0 -0.00115626002661884 -0.0179213006049395
-125 0 0 -0.00111399998422712 -0.0171776991337538
-124 0 0 -0.00107107998337597 -0.0164151005446911
-123 0 0 -0.00102734996471554 -0.0156303998082876
-122 0 0 -0.000997656024992466 -0.0150931002572179
-121 0 0 -0.000967452011536807 -0.0145429000258446
-120 0 0 -0.000936660973820835 -0.0139782000333071
-119 0 0 -0.000905191991478205 -0.0133969997987151
-118 0 0 -0.000872934004291892 -0.0127969002351165
-117 0 0 -0.000850923999678344 -0.0123849995434284
-116 0 0 -0.000828455027658492 -0.0119625004008412
-115 0 0 -0.000805469986516982 -0.011528099887073
-114 0 0 -0.000781901995651424 -0.0110804997384548
-113 0 0 -0.000757672009058297 -0.0106180002912879
-112 0 0 -0.000741103023756295 -0.01030039973557
-111 0 0 -0.000724163022823632 -0.00997455976903439
-110 0 0 -0.000706812017597258 -0.00963964033871889
-109 0 0 -0.000689004024025053 -0.00929469987750053
-108 0 0 -0.000670685025397688 -0.00893859006464481
-107 0 0 -0.000651789014227688 -0.00856995955109596
-106 0 0 -0.000638832978438586 -0.00831644982099533
-105 0 0 -0.000625559012405574 -0.00805606972426176
-104 0 0 -0.000611933995969594 -0.00778815988451242
-103 0 0 -0.000597921025473624 -0.00751193985342979
-102 0 0 -0.000583477027248591 -0.00722650997340679
-101 0 0 -0.000568548974115402 -0.00693076988682151
-100 10 4 -0.000558296975214034 -0.00672724982723594
-99 0 0 -0.000547781004570425 -0.00651811994612217
-98 0 0 -0.000536974985152483 -0.00630284985527396
-97 0 0 -0.000525849987752736 -0.0060808202251792
-96 0 0 -0.000514369981829077 -0.0058513400144875
-95 0 0 -0.00050249497871846 -0.00561353005468845
-94 0 0 -0.000494336010888219 -0.00544989015907049
-93 0 0 -0.000485961994854733 -0.00528173986822367
-92 0 0 -0.000477355002658442 -0.00510870013386011
-91 0 0 -0.000468492013169453 -0.00493028992787004
-90 0 0 -0.000459345988929272 -0.00474597979336977
-89 0 0 -0.00044988701120019 -0.0045551098883152
-88 0 0 -0.00044338998850435 -0.0044238599948585
-87 0 0 -0.000436723988968879 -0.0042891101911664
-86 0 0 -0.000429876992711797 -0.00415056012570858
-85 0 0 -0.000422829994931817 -0.00400786986574531
-84 0 0 -0.000415566988522187 -0.00386064988560975
-83 0 0 -0.00040806399192661 -0.00370844011195004
-82 0 0 -0.000400296004954726 -0.00355072994716465
-81 0 0 -0.000394956005038694 -0.0034422199241817
-80 0 0 -0.000389474007533863 -0.00333076994866133
-79 0 0 -0.000383839011192322 -0.00321613997220993
-78 0 0 -0.000378036987967789 -0.00309804989956319
-77 0 0 -0.000372053997125477 -0.00297619006596506
-76 0 0 -0.000365871994290501 -0.00285019003786147
-75 0 0 -0.000359469006070867 -0.00271964003331959
-74 0 0 -0.000352823990397155 -0.00258402992039919
-73 0 0 -0.000345906999427825 -0.00244279997423291
-72 0 0 -0.000338685000315309 -0.00229526008479297
-71 0 0 -0.000331120012560859 -0.00214058998972178
-70 0 0 -0.000323163985740393 -0.00197782996110618
-69 0 0 -0.000314759003231302 -0.0018057799898088
-68 0 0 -0.000305836991174147 -0.00162302004173398
-67 0 0 -0.000296317011816427 -0.00142787001095712
-66 0 0 -0.000286104012047872 -0.00121837004553527
-65 0 0 -0.000263174995779991 -0.000747537007555366
-64 0 0 -0.00015536299906671 0.00147259002551436
-63 0 0 -9.32761031435803E-05 0.00275283004157245
-62 0 0 0.000296037003863603 0.0106771001592278
-61 0 0 0.000528138014487922 0.0152248004451394
-60 0 0 0.000727584993001074 0.0189996995031834
-59 0 0 0.000914498989004642 0.0224296003580093
-58 0 0 0.00109711999539286 0.0256907995790243
-57 0 0 0.00128005002625287 0.0288819000124931
-56 0 0 0.00146642001345754 0.0320693999528885
-55 0 0 0.00165869004558772 0.0353056006133556
-54 0 0 0.00185902998782694 0.0386365987360477
-53 0 0 0.00206953007727861 0.0421076007187366
-52 0 0 0.00229227007366717 0.0457657016813755
-51 0 0 0.00252943998202682 0.0496629998087883
-50 9 4 0.00278330990113318 0.0538589991629124
-49 0 0 0.00305613991804421 0.0584225989878178
-48 0 0 0.00334992003627121 0.0634327009320259
-47 0 0 0.00366579997353256 0.0689760968089104
-46 0 0 0.00400302978232503 0.0751385018229485
-45 0 0 0.0043572997674346 0.0819832980632782
-44 0 0 0.00471886992454529 0.0895171016454697
-43 0 0 0.00507204001769423 0.0976561009883881
-42 0 0 0.00539792980998755 0.106225997209549
-41 0 0 0.00567980017513037 0.115010999143124
-40 0 0 0.00590733019635081 0.123823001980782
-39 0 0 0.00607727002352476 0.132537007331848
-38 0 0 0.00619164993986487 0.141082003712654
-37 0 0 0.00625550001859665 0.149434000253677
36 8 2 0.00627525988966227 0.157587006688118
35 0 0 0.00627405010163784 0.159652993083
34 0 0 0.00624810019508004 0.167570993304253
33 0 0 0.00619329977780581 0.175319001078606
32 0 0 0.00611585006117821 0.18291300535202
31 0 0 0.00602139020338655 0.190369993448257
30 0 0 0.00591496005654335 0.197704002261162
29 0 0 0.00580098992213607 0.204929992556572
28 0 0 0.00568336015567183 0.212062001228333
27 0 0 0.00556534994393587 0.219110995531082
26 0 0 0.00544977001845837 0.226087003946304
25 0 0 0.00533895986154675 0.233002007007599
24 0 0 0.00523481983691454 0.239862993359566
23 0 0 0.00513888988643885 0.246678993105888
22 0 0 0.00505239982157946 0.253457009792328
21 0 0 0.00497626978904009 0.260206013917923
20 0 0 0.00491118989884853 0.266930997371674
19 0 0 0.00485762022435665 0.273638010025024
18 0 0 0.00481586996465921 0.280333995819092
17 0 0 0.00478608021512628 0.287023991346359
16 0 0 0.00476827006787062 0.293713003396988
15 7 2 0.00476237013936043 0.300406008958817
-14 0 0 0.00476418994367123 0.304143995046616
-13 0 0 0.00477648014202714 0.310853004455566
-12 0 0 0.00480013992637396 0.317577987909317
-11 0 0 0.00483484985306859 0.324324011802673
-10 0 0 0.00488029001280665 0.331095010042191
-9 0 0 0.00491634989157319 0.335624992847443
-8 0 0 0.00494290003553033 0.338652998209
-7 0 0 0.00496168993413448 0.340676009654999
-6 0 0 0.00497468980029225 0.342025011777878
-5 0 0 0.00498356996104121 0.342925995588303
-4 0 0 0.00498959003016353 0.343526989221573
-3 0 0 0.00499363988637924 0.343928009271622
-2 0 0 0.00499635003507137 0.344195008277893
1 0 0 0.00499999988824129 0.344550997018814
1 0 0 0.00499999988824129 0.344550997018814
-2 0 0 0.00500368000939488 0.344907999038696
-3 0 0 0.00500645022839308 0.345174998044968
-4 0 0 0.00501063000410795 0.345575988292694
-5 0 0 0.00501696998253465 0.346177995204926
-6 0 0 0.00502661988139153 0.347081989049911
-7 0 0 0.00504139997065067 0.348439007997513
-8 0 0 0.00506424019113183 0.350477010011673
-9 0 0 0.00510002998635173 0.353540986776352
-10 0 0 0.00515705998986959 0.358152985572815
-11 0 0 0.00524989003315568 0.365108996629715
-12 0 0 0.00535110011696815 0.372114986181259
-13 0 0 0.0054602799937129 0.379175007343292
-14 0 0 0.00557701988145709 0.386292994022369
-15 0 0 0.00570093980059028 0.393472999334335
-16 0 0 0.00583164021372795 0.400718986988068
-17 0 0 0.00596872996538877 0.40803599357605
-18 0 0 0.00611183000728488 0.415428012609482
-19 0 0 0.0062605501152575 0.42289999127388
-20 0 0 0.00641454011201859 0.43045499920845
-21 0 0 0.00657340977340937 0.438100010156631
-22 0 0 0.00673680007457733 0.445836991071701
-23 0 0 0.00690435990691185 0.453673005104065
-24 0 0 0.00707572000101209 0.46161299943924
-25 0 0 0.00725053017958999 0.469660997390747
-26 0 0 0.00742840021848679 0.477822989225388
-27 0 0 0.00760899996384978 0.486104995012283
-28 0 0 0.00779194012284279 0.494511991739273
-29 0 0 0.00797685980796814 0.503050029277802
-30 0 0 0.00816337019205093 0.511725008487701
-31 0 0 0.00835108011960983 0.52054500579834
-32 0 0 0.00853960961103439 0.529515027999878
-33 0 0 0.00872853957116604 0.53864198923111
-34 0 0 0.00891744997352362 0.547933995723724
-35 0 0 0.00910590961575508 0.557398021221161
-36 0 0 0.0092934500426054 0.567040979862213
-37 0 0 0.00947961956262589 0.576871991157532
-38 0 0 0.00966391991823912 0.586899995803833
-39 0 0 0.00984583981335163 0.5971320271492
-40 0 0 0.010024799965322 0.607577979564667
-41 0 0 0.0102003999054432 0.618247985839844
-42 0 0 0.0103719001635909 0.629150986671448
-43 0 0 0.0105387000367045 0.640296995639801
-44 0 0 0.010700199753046 0.651696026325226
-45 0 0 0.0108557995408773 0.663361012935638
-46 0 0 0.0110047999769449 0.675301015377045
-47 0 0 0.0111464001238346 0.687528014183044
-48 0 0 0.0112798996269703 0.700055003166199
-49 0 0 0.011404599994421 0.712893009185791
-50 2 4 0.0115197002887726 0.726055026054382
-51 0 0 0.0116243995726109 0.739553987979889
-52 0 0 0.0117178997024894 0.7534019947052
-53 0 0 0.011799399740994 0.767612993717194
-54 0 0 0.0118682002648711 0.782199025154114
-55 0 0 0.0119235003367066 0.797173023223877
-56 0 0 0.0119645996019244 0.812548995018005
-57 0 0 0.011990699917078 0.828338027000427
-58 0 0 0.0120013998821378 0.844552993774414
59 3 2 0.0120016001164913 0.847284972667694
60 0 0 0.0119933998212218 0.864010989665985
61 0 0 0.0119687002152205 0.881187975406647
62 0 0 0.011927199549973 0.898823976516724
63 0 0 0.0118687003850937 0.916929006576538
64 0 0 0.0117931999266148 0.935510993003845
65 0 0 0.0117009999230504 0.954576015472412
66 0 0 0.0115924999117851 0.974129021167755
67 0 0 0.011468400247395 0.994171977043152
68 0 0 0.0113294003531337 1.01470994949341
69 0 0 0.0111768003553152 1.03574001789093
70 0 0 0.0110117997974157 1.05726003646851
71 0 0 0.0108361998572946 1.07925999164581
72 0 0 0.0106515996158123 1.10175001621246
73 0 0 0.0104601997882128 1.12471997737885
74 0 0 0.0102640995755792 1.14813995361328
75 0 0 0.0100656999275088 1.17202997207642
76 0 0 0.00986746978014708 1.19635999202728
77 0 0 0.00967197027057409 1.22113001346588
78 0 0 0.00948179978877306 1.24632000923157
79 0 0 0.00929958000779152 1.27191996574402
80 0 0 0.00912785995751619 1.29790997505188
81 0 0 0.00896918028593063 1.32429003715515
82 0 0 0.00882592983543873 1.3510400056839
83 0 0 0.00870042014867067 1.37813997268677
84 0 0 0.00859476998448372 1.40559005737305
85 0 0 0.00851096957921982 1.43338000774384
86 0 0 0.00845082011073828 1.46148002147675
87 0 0 0.00841592997312546 1.48989999294281
-88 4 2 0.00840718019753695 1.51284003257751
-89 0 0 0.00842121988534927 1.54179000854492
-90 0 0 0.00846404954791069 1.57103002071381
-91 0 0 0.0085365604609251 1.60054004192352
-92 0 0 0.0086394902318716 1.63031995296478
-93 0 0 0.00877340044826269 1.66035997867584
-94 0 0 0.00893869996070862 1.69064998626709
-95 0 0 0.00913564022630453 1.72118997573853
-96 0 0 0.00936436001211405 1.75196003913879
-97 0 0 0.00962486024945974 1.78296995162964
-98 0 0 0.00991703011095524 1.81421005725861
-99 0 0 0.010240700095892 1.84567999839783
-100 5 4 0.0105954995378852 1.87735998630524
-101 0 0 0.0109810996800661 1.90925002098083
-102 0 0 0.0113971000537276 1.94134998321533
-103 0 0 0.0118428999558091 1.97365999221802
-104 0 0 0.0123180998489261 2.00616002082825
-105 0 0 0.0128220003098249 2.03886008262634
-106 0 0 0.0133539000526071 2.0717499256134
-107 0 0 0.0139132998883724 2.10482001304626
-108 0 0 0.0144993998110294 2.13807988166809
-109 0 0 0.01511160004884 2.1715099811554
-110 0 0 0.0157491005957127 2.20512008666992
-111 0 0 0.0164110995829105 2.23889994621277
-112 0 0 0.0170971006155014 2.27284002304077
-113 0 0 0.0178062003105879 2.30694007873535
-114 0 0 0.018537599593401 2.34120011329651
-115 0 0 0.0192907992750406 2.37561011314392
-116 0 0 0.0200648996978998 2.41016006469727
-117 0 0 0.0208592992275953 2.44485998153687
-118 0 0 0.0216732006520033 2.47970008850098
-119 0 0 0.0225060004740953 2.51467990875244
-120 0 0 0.0233568996191025 2.5497899055481
-121 0 0 0.0242253001779318 2.58502006530762
-122 0 0 0.0251106005162001 2.62037992477417
-123 0 0 0.0260122008621693 2.65585994720459
-124 0 0 0.0269293002784252 2.69145011901855
-125 0 0 0.0278613995760679 2.72714996337891
-126 0 0 0.0288079995661974 2.7629599571228
-127 0 0 0.0297683998942375 2.79888010025024
-128 0 0 0.0307420995086432 2.83489990234375
-129 0 0 0.0317285992205143 2.87101006507874
-130 0 0 0.0327274017035961 2.90721988677979
-131 0 0 0.0337379015982151 2.94351005554199
-132 0 0 0.0347597002983093 2.97989010810852
-133 0 0 0.0357922986149788 3.01636004447937
-134 0 0 0.0368353016674519 3.05290007591248
-135 0 0 0.0378881990909576 3.0895299911499
-136 0 0 0.0389505997300148 3.12621998786926
-137 0 0 0.0400222018361092 3.1629900932312
-138 0 0 0.0411024987697601 3.19982004165649
-139 0 0 0.0421910993754864 3.23673009872437
-140 0 0 0.0432877987623215 3.27368998527527
-141 0 0 0.0443921983242035 3.31070995330811
-142 0 0 0.0455038994550705 3.34779000282288
-143 0 0 0.0466226004064083 3.384929895401
-144 0 0 0.0477481000125408 3.42212009429932
-145 0 0 0.0488799996674061 3.45935988426208
-146 6 9 0.050018098205328 3.49664998054504
