-285 14 9 -0.0503941997885704 -0.398831009864807
-284 0 0 -0.0497820004820824 -0.394033014774323
-283 0 0 -0.0491712987422943 -0.389261990785599
-282 0 0 -0.0485616996884346 -0.384517014026642
-281 0 0 -0.0479529984295368 -0.379797011613846
-280 0 0 -0.0473450012505054 -0.375101000070572
-279 0 0 -0.0467372015118599 -0.370427995920181
-278 0 0 -0.0461294017732143 -0.365776002407074
-277 0 0 -0.0455214008688927 -0.361144989728928
-276 0 0 -0.044912900775671 -0.356534004211426
-275 0 0 -0.0443034991621971 -0.351940006017685
-274 0 0 -0.0436929985880852 -0.347364008426666
-273 0 0 -0.0430811010301113 -0.34280401468277
-272 0 0 -0.0424675010144711 -0.338257998228073
-271 0 0 -0.0418520011007786 -0.333725988864899
-270 0 0 -0.0412340983748436 -0.329207003116608
-269 0 0 -0.0406138002872467 -0.324699014425278
-268 0 0 -0.0399904996156693 -0.320201009511948
-267 0 0 -0.0393640995025635 -0.315712004899979
-266 0 0 -0.0387342981994152 -0.311230003833771
-265 0 0 -0.0381008014082909 -0.306755006313324
-264 0 0 -0.0374632999300957 -0.302284002304077
-263 0 0 -0.0368216000497341 -0.297818005084991
-262 0 0 -0.036175299435854 -0.293352991342545
-261 0 0 -0.0355243012309074 -0.28889000415802
-260 0 0 -0.034868199378252 -0.284426003694534
-259 0 0 -0.0342068001627922 -0.279960006475449
-258 0 0 -0.0335398986935616 -0.275490999221802
-257 0 0 -0.0328674018383026 -0.271016001701355
-256 0 0 -0.0321888998150826 -0.266534000635147
-255 0 0 -0.031504400074482 -0.262044012546539
-254 0 0 -0.0308136008679867 -0.257544010877609
-253 0 0 -0.0303495991975069 -0.254536986351013
-252 0 0 -0.0298826992511749 -0.25152400135994
-251 0 0 -0.0294129997491837 -0.248503997921944
-250 13 4 -0.028940299525857 -0.245477005839348
-249 0 0 -0.028464799746871 -0.24244199693203
-248 0 0 -0.0279862992465496 -0.239399001002312
-247 0 0 -0.0275049991905689 -0.236346006393433
-246 0 0 -0.027020800858736 -0.233283996582031
-245 0 0 -0.0265337005257607 -0.23021100461483
-244 0 0 -0.026043800637126 -0.227126002311707
-243 0 0 -0.0255511999130249 -0.224029004573822
-242 0 0 -0.0252212006598711 -0.221956998109818
-241 0 0 -0.0248901005834341 -0.219879999756813
-240 0 0 -0.0245577991008759 -0.217794999480247
-239 0 0 -0.0242242999374866 -0.215705007314682
-238 0 0 -0.0238898005336523 -0.213606998324394
-237 0 0 -0.0235540997236967 -0.211502000689507
-236 0 0 -0.0232174005359411 -0.209389999508858
-235 0 0 -0.0228796992450953 -0.207269996404648
-234 0 0 -0.0225409995764494 -0.205142006278038
-233 0 0 -0.0222012996673584 -0.203005000948906
-232 0 0 -0.0218608006834984 -0.200859993696213
-231 0 0 -0.0215192995965481 -0.19870600104332
-230 0 0 -0.0211771000176668 -0.196541994810104
-229 0 0 -0.0208342000842094 -0.194368004798889
-228 0 0 -0.0204904992133379 -0.192184999585152
-227 0 0 -0.0201462004333735 -0.189990997314453
-226 0 0 -0.0198013000190258 -0.187785997986794
-225 0 0 -0.0194559004157782 -0.185570001602173
-224 0 0 -0.0191099997609854 -0.18334199488163
-223 0 0 -0.0187637992203236 -0.181101992726326
-222 0 0 -0.0184172000735998 -0.178849995136261
-221 0 0 -0.018070500344038 -0.176584005355835
-220 0 0 -0.0177235994488001 -0.174306005239487
-219 0 0 -0.0173765998333693 -0.172012999653816
-218 0 0 -0.0170297008007765 -0.169706001877785
-217 0 0 -0.0166829004883766 -0.167384997010231
-216 0 0 -0.0163362994790077 -0.165049001574516
-215 0 0 -0.015990000218153 -0.162697002291679
-214 0 0 -0.0156442001461983 -0.16032899916172
-213 0 0 -0.0152989998459816 -0.157943993806839
-212 0 0 -0.0149544002488256 -0.155542999505997
-211 0 0 -0.0146105997264385 -0.153125002980232
-210 0 0 -0.0142676997929811 -0.150690004229546
-209 0 0 -0.0139260003343225 -0.148237004876137
-208 0 0 -0.0135853998363018 -0.145767003297806
-207 0 0 -0.0132462996989489 -0.143279001116753
-206 0 0 -0.0129086999222636 -0.140772998332977
-205 0 0 -0.0125729003921151 -0.13824999332428
-204 0 0 -0.0122389998286963 -0.135710000991821
-203 0 0 -0.0119072999805212 -0.133153006434441
-202 0 0 -0.0115780998021364 -0.130582004785538
-201 0 0 -0.011251600459218 -0.127995997667313
-200 12 4 -0.0109280999749899 -0.125396996736526
-199 0 0 -0.0106079000979662 -0.122786998748779
-198 0 0 -0.0102914003655314 -0.120168998837471
-197 0 0 -0.00997899007052183 -0.117545001208782
-196 0 0 -0.00967102963477373 -0.114918999373913
-195 0 0 -0.00936796981841326 -0.112295001745224
-194 0 0 -0.00907028000801802 -0.109676003456116
-193 0 0 -0.00877843983471394 -0.107069000601768
-192 0 0 -0.00849291030317545 -0.104478001594543
-191 0 0 -0.00821417011320591 -0.101910002529621
-190 0 0 -0.00794265978038311 -0.0993686988949776
-189 0 0 -0.00767879001796246 -0.0968613997101784
-188 0 0 -0.00742291007190943 -0.0943934991955757
-187 0 0 -0.00717531004920602 -0.0919701978564262
-186 0 0 -0.00693621020764112 -0.089596301317215
-185 0 0 -0.00670571997761726 -0.0872758030891418
-184 0 0 -0.00648389011621475 -0.0850121006369591
-183 0 0 -0.00627068988978863 -0.0828076004981995
-182 0 0 -0.00606598984450102 -0.0806640982627869
-181 0 0 -0.00586962001398206 -0.0785823985934258
-180 0 0 -0.00568134011700749 -0.0765627026557922
-179 0 0 -0.00550086982548237 -0.0746044963598251
-178 0 0 -0.00532791018486023 -0.072706900537014
-177 0 0 -0.0051621301099658 -0.0708684995770454
-176 0 0 -0.00500317011028528 -0.0690874010324478
-175 0 0 -0.00485068978741765 -0.0673618018627167
-174 0 0 -0.00470435013994575 -0.0656893998384476
-173 0 0 -0.00456380005925894 -0.0640679001808167
-172 0 0 -0.00442872010171413 -0.0624950006604195
-171 0 0 -0.00429878989234567 -0.0609683990478516
-170 0 0 -0.0041737100109458 -0.059485699981451
-169 0 0 -0.00405318988487124 -0.0580446012318134
-168 0 0 -0.00393695989623666 -0.0566428005695343
-167 0 0 -0.00382475997321308 -0.0552782006561756
-166 0 0 -0.00371636007912457 -0.053948599845171
-165 0 0 -0.00361151993274689 -0.0526520982384682
-164 0 0 -0.00351002998650074 -0.0513866990804672
-163 0 0 -0.00341170001775026 -0.0501505993306637
-162 0 0 -0.00331633002497256 -0.0489418990910053
-161 0 0 -0.00322376005351543 -0.0477588996291161
-160 0 0 -0.00313381990417838 -0.0466000996530056
-159 0 0 -0.0030463500879705 -0.0454638004302979
-158 0 0 -0.00296120997518301 -0.0443486012518406
-157 0 0 -0.00287826010026038 -0.0432530008256435
-156 0 0 -0.00279738008975983 -0.0421755984425545
-155 0 0 -0.00271843001246452 -0.0411151014268398
-154 0 0 -0.00264131999574602 -0.0400701984763145
-153 0 0 -0.0025659198872745 -0.0390396006405354
-152 0 0 -0.0024921300355345 -0.0380220003426075
-151 0 0 -0.00241985009051859 -0.0370162986218929
-150 11 4 -0.00234897993505001 -0.0360211990773678
-149 0 0 -0.00227942992933095 -0.0350354984402657
-148 0 0 -0.0022111099679023 -0.0340580008924007
-147 0 0 -0.00214392994530499 -0.0330876000225544
-146 0 0 -0.00207779998891056 -0.0321227982640266
-145 0 0 -0.00201262999325991 -0.0311625991016626
-144 0 0 -0.00194833998102695 -0.030205499380827
-143 0 0 -0.00188482995145023 -0.0292502008378506
-142 0 0 -0.00182203005533665 -0.0282953009009361
-141 0 0 -0.00175983004737645 -0.0273391995579004
-140 0 0 -0.0016981300432235 -0.0263800993561745
-139 0 0 -0.00163684005383402 -0.0254164002835751
-138 0 0 -0.00157584995031357 -0.0244459006935358
-137 0 0 -0.00151502003427595 -0.0234664995223284
-136 0 0 -0.00145423994399607 -0.0224753990769386
-135 0 0 -0.00139333005063236 -0.0214696992188692
-134 0 0 -0.00133213005028665 -0.0204459000378847
-133 0 0 -0.0012704300461337 -0.0193997006863356
-132 0 0 -0.00122890004422516 -0.0186873003840446
-131 0 0 -0.00118694000411779 -0.0179609004408121
-130 0 0 -0.00114446005318314 -0.0172182004898787
-129 0 0 -0.00110132002737373 -0.016456700861454
-128 0 0 -0.00105739000719041 -0.0156733002513647
-127 0 0 -0.00102756998967379 -0.0151370000094175
-126 0 0 -0.000997242983430624 -0.0145880002528429
-125 0 0 -0.000966341991443187 -0.0140244998037815
-124 0 0 -0.000934773008339107 -0.0134445996955037
-123 0 0 -0.000902427011169493 -0.0128461997956038
-122 0 0 -0.000880365027114749 -0.0124354995787144
-121 0 0 -0.000857851991895586 -0.0120144002139568
-120 0 0 -0.000834830978419632 -0.0115815000608563
-119 0 0 -0.000811237026937306 -0.0111355995759368
-118 0 0 -0.000786990975029767 -0.0106750000268221
-117 0 0 -0.000770420010667294 -0.0103588001802564
-116 0 0 -0.000753484026063234 -0.0100344996899366
-115 0 0 -0.000736145011615008 -0.00970129016786814
-114 0 0 -0.000718359020538628 -0.009358249604702
-113 0 0 -0.000700071977917105 -0.00900426972657442
-112 0 0 -0.000681222009006888 -0.00863802991807461
-111 0 0 -0.000668304972350597 -0.00838628970086575
-110 0 0 -0.000655077979899943 -0.0081278495490551
-109 0 0 -0.000641510006971657 -0.00786206033080816
-108 0 0 -0.000627565023023635 -0.00758819980546832
-107 0 0 -0.000613201002124697 -0.00730537995696068
-106 0 0 -0.000598368991632015 -0.00701258005574346
-105 0 0 -0.000588192022405565 -0.00681122019886971
-104 0 0 -0.000577758997678757 -0.00660444004461169
-103 0 0 -0.00056704698363319 -0.00639175018295646
-102 0 0 -0.000556028971914202 -0.00617258017882705
-101 0 0 -0.000544671027455479 -0.00594623992219567
-100 10 4 -0.000532936013769358 -0.00571194989606738
-99 0 0 -0.000524881994351745 -0.00555089022964239
-98 0 0 -0.00051662401529029 -0.00538555020466447
-97 0 0 -0.000508143974002451 -0.00521556986495852
-96 0 0 -0.00049942301120609 -0.00504051009193063
-95 0 0 -0.000490435981191695 -0.00485988985747099
-94 0 0 -0.000481155992019922 -0.0046731298789382
-93 0 0 -0.000471548992209136 -0.00447954004630446
-92 0 0 -0.000464943994302303 -0.00434629991650581
-91 0 0 -0.000458163005532697 -0.00420938991010189
-90 0 0 -0.000451191008323804 -0.00406847987323999
-89 0 0 -0.00044400998740457 -0.00392322009429336
-88 0 0 -0.000436598988017067 -0.00377318006940186
-87 0 0 -0.000428934989031404 -0.00361785991117358
-86 0 0 -0.000423671008320525 -0.0035110900644213
-85 0 0 -0.000418271985836327 -0.00340152997523546
-84 0 0 -0.000412727997172624 -0.00328894006088376
-83 0 0 -0.000407026003813371 -0.00317307002842426
-82 0 0 -0.000401152006816119 -0.00305363000370562
-81 0 0 -0.000395089999074116 -0.00293029006570578
-80 0 0 -0.000388821994420141 -0.00280265999026597
-79 0 0 -0.000382325000828132 -0.002670309972018
-78 0 0 -0.000375575997168198 -0.00253270007669926
-77 0 0 -0.000368543987860903 -0.00238923006691039
-76 0 0 -0.000361193990102038 -0.00223917001858354
-75 0 0 -0.000353484007064253 -0.00208164006471634
-74 0 0 -0.000345362990628928 -0.00191561004612595
-73 0 0 -0.000336769997375086 -0.0017397899646312
-72 0 0 -0.000327632005792111 -0.001552680041641
-71 0 0 -0.000317861995426938 -0.00135249004233629
-70 0 0 -0.000307362992316484 -0.00113717000931501
-69 0 0 -0.000296036014333367 -0.000904705026187003
-68 0 0 -0.000270654010819271 -0.000383147009415552
-67 0 0 -0.000215478998143226 0.000752968015149236
-66 0 0 -0.000139948999276385 0.00231125997379422
-65 0 0 -5.01583999721333E-05 0.00416351994499564
-64 0 0 6.64602994220331E-05 0.00655935006216168
-63 0 0 0.000228548000450246 0.00985105987638235
-62 0 0 0.000468484009616077 0.0146014001220465
-61 0 0 0.000669788976665586 0.0184547994285822
-60 0 0 0.000856542028486729 0.0219225995242596
-59 0 0 0.00103793002199382 0.0252020005136728
-58 0 0 0.00121889996808022 0.0283988993614912
-57 0 0 0.00140269997064024 0.0315833985805511
-56 0 0 0.00159183004871011 0.0348091013729572
-55 0 0 0.00178845995105803 0.0381227992475033
-54 0 0 0.00199461006559432 0.0415696017444134
-53 0 0 0.00221231998875737 0.0451961010694504
-52 0 0 0.0024436900857836 0.0490534007549286
-51 0 0 0.00269086007028818 0.0531998984515667
-50 9 4 0.00295600993558764 0.057702798396349
-49 0 0 0.00324104004539549 0.0626396983861923
-48 0 0 0.00354710989631712 0.068096399307251
-47 0 0 0.00387370004318655 0.0741598010063171
-46 0 0 0.00421698018908501 0.0808987021446228
-45 0 0 0.00456811022013426 0.0883307978510857
-44 0 0 0.00491236988455057 0.0963872969150543
-43 0 0 0.00523146009072661 0.104905001819134
-42 0 0 0.00550854997709394 0.113670997321606
-41 0 0 0.00573283992707729 0.122488997876644
-40 0 0 0.00590059021487832 0.131222993135452
-39 0 0 0.00601352006196976 0.139797002077103
-38 0 0 0.00607653008773923 0.148177996277809
37 8 2 0.00609601987525821 0.156361997127533
36 0 0 0.00607963977381587 0.164155006408691
35 0 0 0.00603312999010086 0.171975001692772
34 0 0 0.00596278021112084 0.179634004831314
33 0 0 0.00587437022477388 0.187148004770279
32 0 0 0.00577306002378464 0.194533005356789
31 0 0 0.00566340005025268 0.201804995536804
30 0 0 0.00554936984553933 0.208976000547409
29 0 0 0.00543435011059046 0.216059997677803
28 0 0 0.00532124983146787 0.223066002130508
27 0 0 0.00521244993433356 0.230006992816925
26 0 0 0.00510994996875525 0.236890003085136
25 0 0 0.00501532992348075 0.243724003434181
24 0 0 0.0049298801459372 0.250517994165421
23 0 0 0.00485455011948943 0.257279008626938
22 0 0 0.00479007000103593 0.26401299238205
21 0 0 0.00473695015534759 0.270727008581161
20 0 0 0.00469549978151917 0.27742800116539
19 0 0 0.00466590980067849 0.284119009971619
18 0 0 0.0046481997705996 0.290807992219925
17 7 2 0.00464233011007309 0.297499001026154
-16 0 0 0.00464241020381451 0.298276007175446
-15 0 0 0.00464955996721983 0.304973989725113
-14 0 0 0.00466815987601876 0.311684995889664
-13 0 0 0.00469791004434228 0.318412989377975
-12 0 0 0.0047385198995471 0.325161993503571
-11 0 0 0.00478962995111942 0.331936001777649
-10 0 0 0.00485086999833584 0.338739991188049
-9 0 0 0.00489713996648788 0.343295007944107
-8 0 0 0.00493032997474074 0.346341013908386
-7 0 0 0.00495349010452628 0.348374992609024
-6 0 0 0.00496937008574605 0.349732995033264
-5 0 0 0.00498015992343426 0.350639998912811
-4 0 0 0.00498744007200003 0.351244986057281
-3 0 0 0.00499232998117805 0.35164800286293
-2 0 0 0.00499561009928584 0.351916998624802
1 0 0 0.00499999988824129 0.352275013923645
1 0 0 0.00499999988824129 0.352275013923645
-2 0 0 0.00500441994518042 0.352634012699127
-3 0 0 0.00500774988904595 0.352903008460999
-4 0 0 0.0050127599388361 0.353307008743286
-5 0 0 0.00502035021781921 0.353913009166718
-6 0 0 0.00503185018897057 0.354822993278503
-7 0 0 0.0050493897870183 0.356189012527466
-8 0 0 0.00507633993402123 0.358242005109787
-9 0 0 0.00511818006634712 0.36132800579071
-10 0 0 0.00518405996263027 0.365974992513657
-11 0 0 0.00528963003307581 0.372987002134323
-12 0 0 0.0054029799066484 0.380053997039795
-13 0 0 0.00552369980141521 0.387178987264633
-14 0 0 0.00565139017999172 0.394367009401321
-15 0 0 0.00578567013144493 0.401621997356415
-16 0 0 0.00592616014182568 0.408948004245758
-17 0 0 0.00607249001041055 0.41635000705719
-18 0 0 0.00622428022325039 0.423830986022949
-19 0 0 0.0063811601139605 0.431396991014481
-20 0 0 0.00654277997091413 0.439052999019623
-21 0 0 0.00670877005904913 0.446803003549576
-22 0 0 0.00687878020107746 0.45465099811554
-23 0 0 0.00705244997516274 0.462603986263275
-24 0 0 0.00722941989079118 0.470665991306305
-25 0 0 0.00740933977067471 0.478841990232468
-26 0 0 0.00759185990318656 0.487138986587524
-27 0 0 0.00777659006416798 0.495561987161636
-28 0 0 0.00796317961066961 0.504117012023926
-29 0 0 0.00815124996006489 0.512809991836548
-30 0 0 0.00834040995687246 0.521647989749908
-31 0 0 0.00853027030825615 0.53063702583313
-32 0 0 0.00872042030096054 0.539784014225006
-33 0 0 0.00891043990850449 0.549097001552582
-34 0 0 0.00909989979118109 0.558582007884979
-35 0 0 0.00928833987563848 0.568248987197876
-36 0 0 0.00947530008852482 0.578104019165039
-37 0 0 0.00966028030961752 0.58815598487854
-38 0 0 0.0098427701741457 0.59841400384903
-39 0 0 0.0100221997126937 0.60888797044754
-40 0 0 0.0101980995386839 0.619585990905762
-41 0 0 0.0103698996827006 0.630518019199371
-42 0 0 0.0105368001386523 0.641695022583008
-43 0 0 0.0106984004378319 0.653127014636993
-44 0 0 0.0108538996428251 0.664825022220612
-45 0 0 0.0110026001930237 0.676800012588501
-46 0 0 0.0111439004540443 0.689064025878906
-47 0 0 0.0112768998369575 0.701628029346466
-48 0 0 0.0114011000841856 0.714505970478058
-49 0 0 0.0115154003724456 0.727708995342255
-50 2 4 0.0116192996501923 0.741249978542328
-51 0 0 0.0117119001224637 0.755142986774445
-52 0 0 0.0117923999205232 0.769398987293243
-53 0 0 0.0118599999696016 0.784031987190247
-54 0 0 0.011913999915123 0.799055993556976
-55 0 0 0.0119537003338337 0.814481973648071
-56 0 0 0.0119783002883196 0.830322980880737
-57 0 0 0.0119874002411962 0.846592009067535
58 3 2 0.0119874002411962 0.847666025161743
59 0 0 0.0119792995974422 0.864403009414673
60 0 0 0.0119545003399253 0.881590008735657
61 0 0 0.0119129000231624 0.899236977100372
62 0 0 0.011854300275445 0.917352974414825
63 0 0 0.0117787998169661 0.935945987701416
64 0 0 0.0116865001618862 0.955021977424622
65 0 0 0.0115778995677829 0.974586009979248
66 0 0 0.0114535996690392 0.994641005992889
67 0 0 0.0113145997747779 1.01519000530243
68 0 0 0.0111619001254439 1.03622996807098
69 0 0 0.0109968995675445 1.05776000022888
70 0 0 0.0108212996274233 1.07977998256683
71 0 0 0.0106367003172636 1.10228002071381
72 0 0 0.0104454001411796 1.12524998188019
73 0 0 0.0102493995800614 1.14868998527527
74 0 0 0.0100510995835066 1.17259001731873
75 0 0 0.00985310971736908 1.19693005084991
76 0 0 0.00965785980224609 1.22170996665955
77 0 0 0.00946800038218498 1.24689996242523
78 0 0 0.0092861196026206 1.27251005172729
79 0 0 0.00911481957882643 1.29851996898651
80 0 0 0.00895658973604441 1.32490003108978
81 0 0 0.00881384965032339 1.35166001319885
82 0 0 0.00868888013064861 1.37876999378204
83 0 0 0.00858382042497396 1.40622997283936
84 0 0 0.0085006495937705 1.43402004241943
85 0 0 0.00844116043299437 1.4621399641037
86 0 0 0.00840696971863508 1.49056005477905
-87 4 2 0.00839877966791391 1.5127500295639
-88 0 0 0.00841282028704882 1.54170000553131
-89 0 0 0.00845563039183617 1.5709400177002
-90 0 0 0.00852813012897968 1.60045003890991
-91 0 0 0.00863104034215212 1.63022994995117
-92 0 0 0.00876491982489824 1.66025996208191
-93 0 0 0.00893018022179604 1.69054996967316
-94 0 0 0.00912708975374699 1.72108995914459
-95 0 0 0.00935577042400837 1.75187003612518
-96 0 0 0.00961622036993504 1.78287994861603
-97 0 0 0.00990835018455982 1.814120054245
-98 0 0 0.0102319000288844 1.84557998180389
-99 0 0 0.0105867004022002 1.8772599697113
-100 5 4 0.0109722996130586 1.9091500043869
-101 0 0 0.0113882003352046 1.9412499666214
-102 0 0 0.0118340002372861 1.97354996204376
-103 0 0 0.012309099547565 2.00605988502502
-104 0 0 0.0128129003569484 2.03875994682312
-105 0 0 0.0133448000997305 2.07165002822876
-106 0 0 0.0139041999354959 2.10472011566162
-107 0 0 0.0144902002066374 2.13797998428345
-108 0 0 0.015102400444448 2.17141008377075
-109 0 0 0.0157398004084826 2.2050199508667
-110 0 0 0.0164017993956804 2.2387900352478
-111 0 0 0.0170876998454332 2.27273011207581
-112 0 0 0.0177967995405197 2.30682992935181
-113 0 0 0.0185282006859779 2.34108996391296
-114 0 0 0.0192812997847795 2.37549996376038
-115 0 0 0.0200554002076387 2.41004991531372
-116 0 0 0.0208496991544962 2.44476008415222
-117 0 0 0.0216636005789042 2.47959995269775
-118 0 0 0.0224962998181581 2.51456999778748
-119 0 0 0.0233472008258104 2.54967999458313
-120 0 0 0.0242155995219946 2.58490991592407
-121 0 0 0.0251008998602629 2.6202700138092
-122 0 0 0.026002399623394 2.65575003623962
-123 0 0 0.0269195009022951 2.69133996963501
-124 0 0 0.0278516001999378 2.72704005241394
-125 0 0 0.0287980996072292 2.76285004615784
-126 0 0 0.0297584999352694 2.7987699508667
-127 0 0 0.030732199549675 2.83477997779846
-128 0 0 0.0317187011241913 2.87089991569519
-129 0 0 0.0327173992991447 2.9070999622345
-130 0 0 0.0337278991937637 2.94339990615845
-131 0 0 0.0347497016191483 2.97977995872498
-132 0 0 0.0357822999358177 3.01624989509583
-133 0 0 0.0368251986801624 3.05278992652893
-134 0 0 0.0378780998289585 3.08941006660461
-135 0 0 0.0389405004680157 3.1261100769043
-136 0 0 0.0400120988488197 3.16287994384766
-137 0 0 0.041092399507761 3.19970989227295
-138 0 0 0.0421810001134872 3.2366099357605
-139 0 0 0.0432776995003223 3.27357006072998
-140 0 0 0.0443819984793663 3.31060004234314
-141 0 0 0.0454936996102333 3.34768009185791
-142 0 0 0.0466124005615711 3.38480997085571
-143 0 0 0.0477379001677036 3.42199993133545
-144 0 0 0.0488697998225689 3.4592399597168
-145 6 9 0.0500078983604908 3.49653005599976
