-277 14 9 -0.0502494983375072 -0.389284998178482
-276 0 0 -0.0494675002992153 -0.383037000894547
-275 0 0 -0.0486872009932995 -0.376834005117416
-274 0 0 -0.0479079000651836 -0.370671987533569
-273 0 0 -0.047128900885582 -0.36454901099205
-272 0 0 -0.0463494993746281 -0.358462005853653
-271 0 0 -0.0455688983201981 -0.352407991886139
-270 0 0 -0.0447864010930061 -0.34638500213623
-269 0 0 -0.0440012998878956 -0.340389996767044
-268 0 0 -0.0432128012180328 -0.334421008825302
-267 0 0 -0.0424199998378754 -0.32847398519516
-266 0 0 -0.0416222997009754 -0.322546988725662
-265 0 0 -0.0408186987042427 -0.316637992858887
-264 0 0 -0.0400083996355534 -0.310741990804672
-263 0 0 -0.0391906015574932 -0.304856985807419
-262 0 0 -0.0383646003901958 -0.298981010913849
-261 0 0 -0.0375293008983135 -0.293108999729156
-260 0 0 -0.0366839990019798 -0.287239998579025
-259 0 0 -0.0361144989728928 -0.283325999975204
-258 0 0 -0.0355398990213871 -0.279410004615784
-257 0 0 -0.034960001707077 -0.275492012500763
-256 0 0 -0.0343745015561581 -0.271569013595581
-255 0 0 -0.0337833017110825 -0.267641991376877
-254 0 0 -0.033185999840498 -0.263707995414734
-253 0 0 -0.0325824990868568 -0.25976699590683
-252 0 0 -0.031972598284483 -0.255816996097565
-251 0 0 -0.0313560999929905 -0.2518570125103
-250 13 4 -0.030732799321413 -0.247885003685951
-249 0 0 -0.0301025006920099 -0.243900999426842
-248 0 0 -0.029678400605917 -0.241236999630928
-247 0 0 -0.0292511004954576 -0.238565996289253
-246 0 0 -0.0288206003606319 -0.235887005925179
-245 0 0 -0.0283869002014399 -0.233200997114182
-244 0 0 -0.0279498994350433 -0.230506002902985
-243 0 0 -0.0275097005069256 -0.227803006768227
-242 0 0 -0.0270661991089582 -0.225089997053146
-241 0 0 -0.0266194995492697 -0.222367003560066
-240 0 0 -0.0261694993823767 -0.219632998108864
-239 0 0 -0.0257162991911173 -0.2168879956007
-238 0 0 -0.0252599008381367 -0.214130997657776
-237 0 0 -0.0248003993183374 -0.21136200428009
-236 0 0 -0.0244922991842031 -0.209508001804352
-235 0 0 -0.0241829007863998 -0.207649007439613
-234 0 0 -0.0238720998167992 -0.205782994627953
-233 0 0 -0.0235600993037224 -0.203909993171692
-232 0 0 -0.0232466999441385 -0.202031001448631
-231 0 0 -0.0229320991784334 -0.200143992900848
-230 0 0 -0.0226162001490593 -0.198249995708466
-229 0 0 -0.022299200296402 -0.196348994970322
-228 0 0 -0.0219810009002686 -0.194440007209778
-227 0 0 -0.0216616000980139 -0.192523002624512
-226 0 0 -0.0213412009179592 -0.190597996115685
-225 0 0 -0.0210197996348143 -0.188664004206657
-224 0 0 -0.0206972993910313 -0.186720997095108
-223 0 0 -0.0203738994896412 -0.184769004583359
-222 0 0 -0.0200497005134821 -0.182806998491287
-221 0 0 -0.0197246000170708 -0.180836006999016
-220 0 0 -0.0193987004458904 -0.178855001926422
-219 0 0 -0.0190721992403269 -0.176862999796867
-218 0 0 -0.0187449995428324 -0.174860000610352
-217 0 0 -0.0184172000735998 -0.172846004366875
-216 0 0 -0.0180890001356602 -0.170820996165276
-215 0 0 -0.0177602991461754 -0.168782994151115
-214 0 0 -0.0174313001334667 -0.166733995079994
-213 0 0 -0.0171020999550819 -0.164672002196312
-212 0 0 -0.0167727004736662 -0.162597000598907
-211 0 0 -0.0164432991296053 -0.160509005188942
-210 0 0 -0.0161138996481895 -0.158407002687454
-209 0 0 -0.0157846007496119 -0.156290993094444
-208 0 0 -0.015455599874258 -0.154159992933273
-207 0 0 -0.0151268998160958 -0.152015000581741
-206 0 0 -0.0147988004609942 -0.149855002760887
-205 0 0 -0.0144712002947927 -0.147679999470711
-204 0 0 -0.0141444001346827 -0.145489007234573
-203 0 0 -0.0138184996321797 -0.143281996250153
-202 0 0 -0.0134936003014445 -0.141058996319771
-201 0 0 -0.0131697999313474 -0.138820007443428
-200 12 4 -0.0128474999219179 -0.136564999818802
-199 0 0 -0.0125265996903181 -0.134294003248215
-198 0 0 -0.0122074000537395 -0.132007002830505
-197 0 0 -0.0118901999667287 -0.129704996943474
-196 0 0 -0.0115751000121236 -0.127388000488281
-195 0 0 -0.0112623004242778 -0.125055998563766
-194 0 0 -0.0109521998092532 -0.122711002826691
-193 0 0 -0.0106448996812105 -0.120353996753693
-192 0 0 -0.0103406999260187 -0.117986001074314
-191 0 0 -0.0100400997325778 -0.115608997642994
-190 0 0 -0.00974326021969318 -0.113225996494293
-189 0 0 -0.0094505799934268 -0.110839001834393
-188 0 0 -0.0091624204069376 -0.108451001346111
-187 0 0 -0.00887919031083584 -0.106066003441811
-186 0 0 -0.00860126968473196 -0.10368599742651
-185 0 0 -0.00832905992865562 -0.101318001747131
-184 0 0 -0.00806295964866877 -0.0989639982581139
-183 0 0 -0.00780333997681737 -0.0966299027204514
-182 0 0 -0.00755055993795395 -0.0943202972412109
-181 0 0 -0.00730491988360882 -0.0920396968722343
-180 0 0 -0.00706670014187694 -0.089792899787426
-179 0 0 -0.00683607999235392 -0.0875838026404381
-178 0 0 -0.00661322008818388 -0.0854165032505989
-177 0 0 -0.00639818981289864 -0.0832941010594368
-176 0 0 -0.00619099009782076 -0.0812193006277084
-175 0 0 -0.00599155994132161 -0.0791942030191422
-174 0 0 -0.005799800157547 -0.0772202014923096
-173 0 0 -0.00561551982536912 -0.0752981007099152
-172 0 0 -0.00543852988630533 -0.0734281986951828
-171 0 0 -0.00526857003569603 -0.0716101974248886
-170 0 0 -0.00510537018999457 -0.0698435977101326
-169 0 0 -0.00494865979999304 -0.0681272968649864
-168 0 0 -0.00479811988770962 -0.0664599984884262
-167 0 0 -0.00465347012504935 -0.0648401007056236
-166 0 0 -0.00451439013704658 -0.0632660984992981
-165 0 0 -0.00438060006126761 -0.061736099421978
-164 0 0 -0.00425180001184344 -0.0602481998503208
-163 0 0 -0.00412771990522742 -0.0588006004691124
-162 0 0 -0.0040080901235342 -0.0573913007974625
-161 0 0 -0.00389265990816057 -0.0560185015201569
-160 0 0 -0.00378117989748716 -0.054680198431015
-159 0 0 -0.00367343006655574 -0.0533745996654034
-158 0 0 -0.00356917991302907 -0.0520999990403652
-157 0 0 -0.00346824992448092 -0.0508546009659767
-156 0 0 -0.00337042007595301 -0.0496366992592812
-155 0 0 -0.00327552994713187 -0.0484446994960308
-154 0 0 -0.00318340002559125 -0.0472771003842354
-153 0 0 -0.00309386989101768 -0.0461324006319046
-152 0 0 -0.00300680007785559 -0.0450089983642101
-151 0 0 -0.00292202993296087 -0.0439057014882565
-150 11 4 -0.00283943000249565 -0.0428209006786346
-149 0 0 -0.00275887991301715 -0.0417535006999969
-148 0 0 -0.00268025998957455 -0.0407021008431911
-147 0 0 -0.00260345009155571 -0.0396655015647411
-146 0 0 -0.00252833007834852 -0.0386424995958805
-145 0 0 -0.00245482008904219 -0.0376317985355854
-144 0 0 -0.0023827999830246 -0.0366322994232178
-143 0 0 -0.00231217010878026 -0.0356426984071732
-142 0 0 -0.00224285991862416 -0.0346620008349419
-141 0 0 -0.0021747499704361 -0.0336887985467911
-140 0 0 -0.00210776994936168 -0.0327221006155014
-139 0 0 -0.00204182998277247 -0.03176049888134
-138 0 0 -0.00197682995349169 -0.0308028999716043
-137 0 0 -0.00191269000060856 -0.0298478007316589
-136 0 0 -0.001849320018664 -0.0288938991725445
-135 0 0 -0.00178662000689656 -0.0279396995902061
-134 0 0 -0.00172450998798013 -0.0269836001098156
-133 0 0 -0.00166287994943559 -0.0260240007191896
-132 0 0 -0.00160163000691682 -0.0250588990747929
-131 0 0 -0.00154063000809401 -0.0240860991179943
-130 0 0 -0.00147977005690336 -0.0231034997850657
-129 0 0 -0.00141889997757971 -0.0221081003546715
-128 0 0 -0.00135786994360387 -0.0210969001054764
-127 0 0 -0.00129647005815059 -0.0200660992413759
-126 0 0 -0.00125523994211107 -0.0193658992648125
-125 0 0 -0.00121365999802947 -0.0186532996594906
-124 0 0 -0.00117167003918439 -0.017926499247551
-123 0 0 -0.00112914002966136 -0.0171834994107485
-122 0 0 -0.00108596996869892 -0.0164215005934238
-121 0 0 -0.00104197999462485 -0.0156373996287584
-120 0 0 -0.00101212994195521 -0.0151004996150732
-119 0 0 -0.000981766963377595 -0.014550800435245
-118 0 0 -0.000950824003666639 -0.013986499980092
-117 0 0 -0.000919208978302777 -0.0134057998657227
-116 0 0 -0.000886809022631496 -0.0128063997253776
-115 0 0 -0.000864707981236279 -0.0123949004337192
-114 0 0 -0.000842150009702891 -0.0119727998971939
-113 0 0 -0.000819079985376447 -0.0115390000864863
-112 0 0 -0.000795429979916662 -0.0110919000580907
-111 0 0 -0.000771121995057911 -0.0106300003826618
-110 0 0 -0.00075450399890542 -0.010312800295651
-109 0 0 -0.000737515976652503 -0.00998739991337061
-108 0 0 -0.00072012102464214 -0.00965298991650343
-107 0 0 -0.000702271005138755 -0.00930859986692667
-106 0 0 -0.000683912017848343 -0.00895310007035732
-105 0 0 -0.000664982013404369 -0.00858514010906219
-104 0 0 -0.000652005022857338 -0.00833212956786156
-103 0 0 -0.000638712022919208 -0.00807228963822126
-102 0 0 -0.000625070999376476 -0.00780496001243591
-101 0 0 -0.000611044990364462 -0.00752939004451036
-100 10 4 -0.000596590980421752 -0.00724466983228922
-99 0 0 -0.000581657979637384 -0.0069497199729085
-98 0 0 -0.000571405980736017 -0.00674678012728691
-97 0 0 -0.000560890999622643 -0.00653827982023358
-96 0 0 -0.000550088996533304 -0.00632369006052613
-95 0 0 -0.000538971973583102 -0.00610243016853929
-94 0 0 -0.000527504016645253 -0.00587376998737454
-93 0 0 -0.000515646010171622 -0.00563688995316625
-92 0 0 -0.000507500022649765 -0.00547392992302775
-91 0 0 -0.000499142974149436 -0.00530652003362775
-90 0 0 -0.000490556005388498 -0.0051342798396945
-89 0 0 -0.000481716997455806 -0.0049567399546504
-88 0 0 -0.000472599000204355 -0.00477339001372457
-87 0 0 -0.000463173986645415 -0.00458359019830823
-86 0 0 -0.000456701003713533 -0.00445313006639481
-85 0 0 -0.000450063991593197 -0.00431921985000372
-84 0 0 -0.000443249009549618 -0.00418158015236259
-83 0 0 -0.000436239002738148 -0.00403987988829613
-82 0 0 -0.000429016014095396 -0.00389375002123415
-81 0 0 -0.000421559001551941 -0.0037427400238812
-80 0 0 -0.000413842994021252 -0.00358636002056301
-79 0 0 -0.000405839993618429 -0.00342397997155786
-78 0 0 -0.000397513998905197 -0.00325489998795092
-77 0 0 -0.000388824002584442 -0.00307825999334455
-76 0 0 -0.00037971799611114 -0.00289297988638282
-75 0 0 -0.000370133988326415 -0.00269778002984822
-74 0 0 -0.000359992001904175 -0.00249100010842085
-73 0 0 -0.000349190988345072 -0.00227053998969495
-72 0 0 -0.00033759800135158 -0.00203367997892201
-71 0 0 -0.000325039989547804 -0.00177682004868984
-70 0 0 -0.00031128799309954 -0.0014952199999243
-69 0 0 -0.000296045996947214 -0.00118275999557227
-68 0 0 -0.00027898300322704 -0.000832554011140019
-67 0 0 -0.000259911001194268 -0.000440651987446472
-66 0 0 -0.000239293003687635 -1.65047003974905E-05
-65 0 0 -0.000199128000531346 0.000810948025900871
-64 0 0 5.74131008761469E-05 0.00609679985791445
-63 0 0 0.000189181999303401 0.00878318957984447
-62 0 0 0.000385872001061216 0.0127188004553318
-61 0 0 0.000696024973876774 0.018698999658227
-60 0 0 0.000972457986790687 0.0237965006381273
-59 0 0 0.00124286999925971 0.0286069996654987
-58 0 0 0.00151930004358292 0.0333929993212223
-57 0 0 0.0018095700070262 0.0383284017443657
-56 0 0 0.00212010997347534 0.0435642004013062
-55 0 0 0.00245694001205266 0.0492579005658627
-54 0 0 0.00282566994428635 0.0555915012955666
-53 0 0 0.00323043996468186 0.062780499458313
-52 0 0 0.00367051991634071 0.071061298251152
-51 0 0 0.00413331016898155 0.0806189998984337
-50 9 4 0.00458580022677779 0.0914271026849747
-49 0 0 0.00497762020677328 0.103114999830723
-48 0 0 0.00526482006534934 0.115116998553276
-47 0 0 0.00543045997619629 0.126989006996155
-46 8 2 0.00548176001757383 0.138514995574951
45 0 0 0.00547832995653152 0.141570001840591
44 0 0 0.00541220000013709 0.152584001421928
43 0 0 0.00527870981022716 0.163219004869461
42 0 0 0.00509838992729783 0.173519998788834
41 0 0 0.00488911010324955 0.183531001210213
40 0 0 0.00466575985774398 0.193296998739243
39 0 0 0.00444030994549394 0.202853992581367
38 0 0 0.00422214018180966 0.212236002087593
37 0 0 0.00401830999180675 0.22147099673748
36 0 0 0.00383397005498409 0.230584993958473
35 0 0 0.00367264007218182 0.239600002765656
34 0 0 0.00353656988590956 0.248535007238388
33 0 0 0.00342700001783669 0.257407993078232
32 0 0 0.00334438006393611 0.266234010457993
31 0 0 0.00328858010470867 0.275029003620148
30 0 0 0.00325901992619038 0.283805012702942
29 7 2 0.00325347995385528 0.289651989936829
-28 0 0 0.00325403991155326 0.291518986225128
-27 0 0 0.00326290004886687 0.297367006540298
-26 0 0 0.00328227994032204 0.303220987319946
-25 0 0 0.00331180007196963 0.309083014726639
-24 0 0 0.00335109001025558 0.314956992864609
-23 0 0 0.00339975999668241 0.320845991373062
-22 0 0 0.00345741002820432 0.326752007007599
-21 0 0 0.00352366990409791 0.332677990198135
-20 0 0 0.00359814008697867 0.338627994060516
-19 0 0 0.0036804499104619 0.344603985548019
-18 0 0 0.00377022009342909 0.350609004497528
-17 0 0 0.00386709999293089 0.356644988059998
-16 0 0 0.00397071987390518 0.362717002630234
-15 0 0 0.00408075982704759 0.368824988603592
-14 0 0 0.00419687991961837 0.374974012374878
-13 0 0 0.00431874999776483 0.381166011095047
-12 0 0 0.00444605993106961 0.387403011322021
-11 0 0 0.00457852007821202 0.39368999004364
-10 0 0 0.00471581984311342 0.400027006864548
-9 0 0 0.00480990996584296 0.404282987117767
-8 0 0 0.00487372977659106 0.407133996486664
-7 0 0 0.00491674011573195 0.409040004014969
-6 0 0 0.00494561996310949 0.410313993692398
-5 0 0 0.00496495980769396 0.411164999008179
-4 0 0 0.00497788982465863 0.411733001470566
-3 0 0 0.00498653016984463 0.412111014127731
-2 0 0 0.00499230017885566 0.41236400604248
1 0 0 0.00499999988824129 0.412701010704041
1 0 0 0.00499999988824129 0.412701010704041
-2 0 0 0.00500770984217525 0.413037985563278
-3 0 0 0.00501349987462163 0.41329100728035
-4 0 0 0.0050221998244524 0.413670986890793
-5 0 0 0.00503527000546455 0.414240002632141
-6 0 0 0.00505493022501469 0.415096014738083
-7 0 0 0.00508455978706479 0.416381001472473
-8 0 0 0.00512926978990436 0.4183129966259
-9 0 0 0.00519696995615959 0.421223014593124
-10 0 0 0.00529988016933203 0.42561000585556
-11 0 0 0.00545714003965259 0.432247012853622
-12 0 0 0.00561766978353262 0.438953995704651
-13 0 0 0.00578121980652213 0.445733994245529
-14 0 0 0.00594754004850984 0.452591001987457
-15 0 0 0.00611640000715852 0.459527999162674
-16 0 0 0.00628755008801818 0.46654799580574
-17 0 0 0.0064607597887516 0.473655998706818
-18 0 0 0.00663580000400543 0.480854988098145
-19 0 0 0.00681240996345878 0.488148987293243
-20 0 0 0.00699036987498403 0.495543003082275
-21 0 0 0.00716943014413118 0.503040015697479
-22 0 0 0.00734933977946639 0.510644018650055
-23 0 0 0.00752985011786222 0.51836097240448
-24 0 0 0.00771071016788483 0.526196002960205
-25 0 0 0.00789165962487459 0.534151971340179
-26 0 0 0.00807240977883339 0.542235016822815
-27 0 0 0.00825271010398865 0.550450026988983
-28 0 0 0.00843224953860044 0.558803021907806
-29 0 0 0.00861074030399323 0.567299008369446
-30 0 0 0.00878787040710449 0.575944006443024
-31 0 0 0.00896331015974283 0.584744989871979
-32 0 0 0.00913674011826515 0.593707978725433
-33 0 0 0.00930779986083508 0.60283899307251
-34 0 0 0.00947611965239048 0.612145006656647
-35 0 0 0.00964132975786924 0.621634006500244
-36 0 0 0.00980302039533854 0.631313025951385
-37 0 0 0.0099607901647687 0.641188979148865
-38 0 0 0.0101142004132271 0.651271998882294
-39 0 0 0.0102628003805876 0.661567986011505
-40 0 0 0.0104061001911759 0.672088027000427
-41 0 0 0.0105435997247696 0.68283998966217
-42 0 0 0.0106749003753066 0.693832993507385
-43 0 0 0.0107992999255657 0.70507800579071
-44 0 0 0.010916399769485 0.716583013534546
-45 0 0 0.0110256001353264 0.728361010551453
-46 0 0 0.0111263003200293 0.740419983863831
-47 0 0 0.011218000203371 0.752772986888885
-48 0 0 0.0113001000136137 0.765430986881256
-49 0 0 0.0113719003275037 0.778405010700226
-50 2 4 0.0114329000934958 0.791706025600433
-51 0 0 0.0114826001226902 0.805347979068756
-52 0 0 0.0115203000605106 0.819341003894806
-53 0 0 0.0115456003695726 0.833697021007538
-54 0 0 0.0115579999983311 0.848429977893829
55 3 2 0.0115591995418072 0.854815006256104
56 0 0 0.0115523003041744 0.870104014873505
57 0 0 0.0115315997973084 0.88579797744751
58 0 0 0.0114967003464699 0.901907980442047
59 0 0 0.01144739985466 0.918444991111755
60 0 0 0.0113837998360395 0.935419976711273
61 0 0 0.0113057000562549 0.952839970588684
62 0 0 0.011213599704206 0.970717012882233
63 0 0 0.0111076002940536 0.989057004451752
64 0 0 0.0109884003177285 1.00786995887756
65 0 0 0.0108565995469689 1.02715003490448
66 0 0 0.0107131004333496 1.04691994190216
67 0 0 0.0105590997263789 1.06716001033783
68 0 0 0.0103957997635007 1.08790004253387
69 0 0 0.0102247996255755 1.10910999774933
70 0 0 0.0100475000217557 1.13081002235413
71 0 0 0.00986597035080194 1.15297996997833
72 0 0 0.00968209002166986 1.17562997341156
73 0 0 0.00949797965586185 1.19874000549316
74 0 0 0.00931585021317005 1.22231996059418
75 0 0 0.00913798995316029 1.24634003639221
76 0 0 0.00896672997623682 1.27081000804901
77 0 0 0.00880442000925541 1.29570996761322
78 0 0 0.00865336041897535 1.32103002071381
79 0 0 0.0085158497095108 1.34676003456116
80 0 0 0.00839406996965408 1.37288999557495
81 0 0 0.00829012040048838 1.39941000938416
82 0 0 0.00820598006248474 1.42630004882813
83 0 0 0.00814349018037319 1.45354998111725
84 0 0 0.00810431968420744 1.4811600446701
85 0 0 0.00808999966830015 1.50910997390747
-86 4 2 0.00808995962142944 1.51064002513885
-87 0 0 0.00810331013053656 1.53893005847931
-88 0 0 0.00814407970756292 1.56754994392395
-89 0 0 0.00821330025792122 1.59646999835968
-90 0 0 0.00831179041415453 1.62568998336792
-91 0 0 0.008440219797194 1.65520000457764
-92 0 0 0.00859909970313311 1.68499994277954
-93 0 0 0.0087888203561306 1.71507000923157
-94 0 0 0.00900959968566895 1.74539995193481
-95 0 0 0.00926155969500542 1.77599000930786
-96 0 0 0.00954467989504337 1.80683994293213
-97 0 0 0.00985885038971901 1.83792996406555
-98 0 0 0.0102038998156786 1.86925995349884
-99 0 0 0.0105793997645378 1.90082001686096
-100 5 4 0.0109852002933621 1.93261003494263
-101 0 0 0.0114206997677684 1.96461999416351
-102 0 0 0.0118853999301791 1.99684000015259
-103 0 0 0.0123787997290492 2.02927994728088
-104 0 0 0.0129003999754786 2.06191992759705
-105 0 0 0.0134495003148913 2.09475994110107
-106 0 0 0.0140254003927112 2.12778997421265
-107 0 0 0.0146275004372001 2.16101002693176
-108 0 0 0.0152551997452974 2.19442009925842
-109 0 0 0.0159076005220413 2.2279999256134
-110 0 0 0.0165839996188879 2.26175999641418
-111 0 0 0.0172838997095823 2.29569005966187
-112 0 0 0.0180063005536795 2.32979011535645
-113 0 0 0.0187507998198271 2.3640398979187
-114 0 0 0.0195163991302252 2.39845991134644
-115 0 0 0.0203025005757809 2.43302011489868
-116 0 0 0.0211084000766277 2.4677300453186
-117 0 0 0.0219334997236729 2.50257992744446
-118 0 0 0.0227768998593092 2.53756999969482
-119 0 0 0.0236382000148296 2.5726900100708
-120 0 0 0.0245165005326271 2.60793995857239
-121 0 0 0.0254113990813494 2.64332008361816
-122 0 0 0.0263221003115177 2.67880988121033
-123 0 0 0.0272480007261038 2.71442008018494
-124 0 0 0.0281885992735624 2.75014996528625
-125 0 0 0.0291432999074459 2.7859799861908
-126 0 0 0.0301115997135639 2.8219199180603
-127 0 0 0.0310928001999855 2.85795998573303
-128 0 0 0.0320864990353584 2.89408993721008
-129 0 0 0.033092200756073 2.93032002449036
-130 0 0 0.0341092981398106 2.96663999557495
-131 0 0 0.0351375006139278 3.00304007530212
-132 0 0 0.0361762009561062 3.03953003883362
-133 0 0 0.0372251011431217 3.07610011100769
-134 0 0 0.0382836014032364 3.11274003982544
-135 0 0 0.039351399987936 3.14946007728577
-136 0 0 0.0404281988739967 3.18623995780945
-137 0 0 0.0415133982896805 3.22309994697571
-138 0 0 0.0426069013774395 3.2600200176239
-139 0 0 0.0437081009149551 3.29699993133545
-140 0 0 0.0448167994618416 3.33403992652893
-141 0 0 0.045932698994875 3.37114000320435
-142 0 0 0.0470555014908314 3.40829992294312
-143 0 0 0.0481848008930683 3.44549989700317
-144 0 0 0.049320500344038 3.48275995254517
-145 6 9 0.0504621006548405 3.52007007598877
