-302 18 9 -0.0502800010144711 -0.409211009740829
-301 0 0 -0.0496691018342972 -0.404529988765717
-300 17 4 -0.0490599982440472 -0.399875998497009
-299 0 0 -0.0484522990882397 -0.395247012376785
-298 0 0 -0.0478457994759083 -0.390641987323761
-297 0 0 -0.0472403988242149 -0.386061012744904
-296 0 0 -0.0466357991099358 -0.381502002477646
-295 0 0 -0.0460317991673946 -0.37696498632431
-294 0 0 -0.0454282015562057 -0.372447997331619
-293 0 0 -0.0448247008025646 -0.367951989173889
-292 0 0 -0.0442212000489235 -0.363474011421204
-291 0 0 -0.0436175018548965 -0.359012991189957
-290 0 0 -0.0430134013295174 -0.354570001363754
-289 0 0 -0.042408499866724 -0.350142002105713
-288 0 0 -0.0418028011918068 -0.345728993415833
-287 0 0 -0.0411961004137993 -0.341329008340836
-286 0 0 -0.0405880995094776 -0.336943000555038
-285 0 0 -0.039978701621294 -0.332567989826202
-284 0 0 -0.039367601275444 -0.328204989433289
-283 0 0 -0.0387547016143799 -0.323850989341736
-282 0 0 -0.0381398014724255 -0.319505006074905
-281 0 0 -0.0375226996839046 -0.315167009830475
-280 0 0 -0.0369032993912697 -0.310835987329483
-279 0 0 -0.0362813994288445 -0.306510001420975
-278 0 0 -0.0356567986309528 -0.302188009023666
-277 0 0 -0.0350294001400471 -0.297870010137558
-276 0 0 -0.0343990996479988 -0.293552994728088
-275 0 0 -0.0337658002972603 -0.28923699259758
-274 0 0 -0.0331293009221554 -0.284920006990433
-273 0 0 -0.0324896015226841 -0.280602008104324
-272 0 0 -0.0318465009331703 -0.276279985904694
-271 0 0 -0.0312000997364521 -0.271952986717224
-270 0 0 -0.0305502004921436 -0.267621010541916
-269 0 0 -0.0298967994749546 -0.263280987739563
-268 0 0 -0.0292399991303682 -0.258931010961533
-267 0 0 -0.0288002006709576 -0.25602599978447
-266 0 0 -0.0283589009195566 -0.253114998340607
-265 0 0 -0.0279159992933273 -0.250198006629944
-264 0 0 -0.0274717006832361 -0.247275993227959
-263 0 0 -0.0270259007811546 -0.244345992803574
-262 0 0 -0.0265785995870829 -0.241409003734589
-261 0 0 -0.0261300001293421 -0.238462999463081
-260 0 0 -0.0256799999624491 -0.235508993268013
-259 0 0 -0.0252286996692419 -0.232546001672745
-258 0 0 -0.0247760992497206 -0.229572996497154
-257 0 0 -0.0243222992867231 -0.226589992642403
-256 0 0 -0.0238674003630877 -0.22359499335289
-255 0 0 -0.023411400616169 -0.220587998628616
-254 0 0 -0.0229544006288052 -0.21756899356842
-253 0 0 -0.0224965997040272 -0.214535996317863
-252 0 0 -0.0220378991216421 -0.211489006876945
-251 0 0 -0.0215785000473261 -0.208425998687744
-250 16 4 -0.0211185999214649 -0.205347999930382
-249 0 0 -0.0206581000238657 -0.202252998948097
-248 0 0 -0.0201973002403975 -0.199140995740891
-247 0 0 -0.0197362005710602 -0.196008995175362
-246 0 0 -0.0192750003188848 -0.192857995629311
-245 0 0 -0.0188139006495476 -0.189686998724937
-244 0 0 -0.0183530002832413 -0.186493992805481
-243 0 0 -0.0178922992199659 -0.183277994394302
-242 0 0 -0.0174323003739119 -0.180038005113602
-241 0 0 -0.0169728007167578 -0.176773995161057
-240 0 0 -0.0165142994374037 -0.173483997583389
-239 0 0 -0.0160568002611399 -0.170167997479439
-238 0 0 -0.0156006002798676 -0.166823998093605
-237 0 0 -0.0151460003107786 -0.163451001048088
-236 0 0 -0.0146930003538728 -0.160049006342888
-235 0 0 -0.0142419999465346 -0.156617000699043
-234 0 0 -0.0137933995574713 -0.153154000639915
-233 0 0 -0.0133472997695208 -0.149662002921104
-232 0 0 -0.0129041997715831 -0.146138995885849
-231 0 0 -0.0124644003808498 -0.142587006092072
-230 0 0 -0.0120285004377365 -0.13900800049305
-229 0 0 -0.0115967998281121 -0.135404005646706
-228 0 0 -0.0111701004207134 -0.131778001785278
-227 0 0 -0.0107490001246333 -0.128134995698929
-226 0 0 -0.010334299877286 -0.124480001628399
-225 0 0 -0.00992675963789225 -0.120823003351688
-224 0 0 -0.00952746998518705 -0.117170996963978
-223 0 0 -0.00913743954151869 -0.11353699862957
-222 0 0 -0.0087577598169446 -0.109931997954845
-221 0 0 -0.00838952977210283 -0.106371000409126
-220 0 0 -0.00803379993885756 -0.102866999804974
-219 0 0 -0.00769149977713823 -0.0994355976581573
-218 0 0 -0.00736337993294001 -0.0960891023278236
-217 0 0 -0.00704996008425951 -0.0928390994668007
-216 0 0 -0.0067515098489821 -0.0896947011351585
-215 0 0 -0.00646803993731737 -0.0866622999310493
-214 0 0 -0.00619933009147644 -0.0837458968162537
-213 0 0 -0.00594495004042983 -0.0809466987848282
-212 0 0 -0.00570432003587484 -0.0782637000083923
-211 0 0 -0.00547674018889666 -0.0756945013999939
-210 0 0 -0.00526147009804845 -0.0732351019978523
-209 0 0 -0.00505772000178695 -0.0708805024623871
-208 0 0 -0.00486468989402056 -0.0686253979802132
-207 0 0 -0.00468161981552839 -0.0664639994502068
-206 0 0 -0.00450776983052492 -0.0643903985619545
-205 0 0 -0.004342429805547 -0.06239889934659
-204 0 0 -0.00418497016653419 -0.0604837983846664
-203 0 0 -0.00403477996587753 -0.0586397014558315
-202 0 0 -0.00389128993265331 -0.0568615011870861
-201 0 0 -0.00375398993492126 -0.0551442988216877
-200 15 4 -0.00362241989932954 -0.0534836016595364
-199 0 0 -0.0034961299970746 -0.0518749989569187
-198 0 0 -0.00337474001571536 -0.0503146015107632
-197 0 0 -0.00325786997564137 -0.0487985983490944
-196 0 0 -0.00314519996754825 -0.0473233982920647
-195 0 0 -0.00303641008213162 -0.0458858013153076
-194 0 0 -0.00293121999129653 -0.0444827005267143
-193 0 0 -0.00282936007715762 -0.0431110002100468
-192 0 0 -0.00273060007020831 -0.0417678989470005
-191 0 0 -0.00263469992205501 -0.0404508002102375
-190 0 0 -0.00254145008511841 -0.0391572006046772
-189 0 0 -0.00245065009221435 -0.0378843992948532
-188 0 0 -0.00236209994181991 -0.0366301015019417
-187 0 0 -0.00227563991211355 -0.0353919006884098
-186 0 0 -0.00219107000157237 -0.0341673009097576
-185 0 0 -0.00210823002271354 -0.0329541005194187
-184 0 0 -0.00202695000916719 -0.0317496992647648
-183 0 0 -0.00194707000628114 -0.0305515993386507
-182 0 0 -0.00186841003596783 -0.0293572004884481
-181 0 0 -0.00179082003887743 -0.0281636994332075
-180 0 0 -0.00171410001348704 -0.0269680991768837
-179 0 0 -0.00163806998170912 -0.0257670003920794
-178 0 0 -0.00156252994202077 -0.0245565008372068
-177 0 0 -0.00148723996244371 -0.0233325008302927
-176 0 0 -0.00141192995943129 -0.0220897998660803
-175 0 0 -0.00136157998349518 -0.0212479997426271
-174 0 0 -0.00131097994744778 -0.0203930996358395
-173 0 0 -0.00126000994350761 -0.0195224992930889
-172 0 0 -0.00120853004045784 -0.0186333004385233
-171 0 0 -0.00115636002738029 -0.017721900716424
-170 0 0 -0.0011211100500077 -0.0170999001711607
-169 0 0 -0.0010853799758479 -0.0164646003395319
-168 0 0 -0.00104908994399011 -0.0158140994608402
-167 0 0 -0.00101213995367289 -0.0151463001966476
-166 0 0 -0.00097440998069942 -0.0144584998488426
-165 0 0 -0.000948745000641793 -0.0139873996376991
-164 0 0 -0.000922611972782761 -0.0135048003867269
-163 0 0 -0.000895945995580405 -0.01300960034132
-162 0 0 -0.000868673028890043 -0.0125000001862645
-161 0 0 -0.000840705004520714 -0.0119743999093771
-160 0 0 -0.000821620982605964 -0.0116138001903892
-159 0 0 -0.000802143011242151 -0.0112442998215556
-158 0 0 -0.000782227027229965 -0.010865000076592
-157 0 0 -0.000761820992920548 -0.0104745998978615
-156 0 0 -0.000740866002161056 -0.0100720003247261
-155 0 0 -0.000719288014806807 -0.00965571962296963
-154 0 0 -0.000697000010404736 -0.00922382995486259
-153 0 0 -0.000673895003274083 -0.00877409987151623
-152 0 0 -0.000649835972581059 -0.00830371957272291
-151 0 0 -0.000624650972895324 -0.00780906993895769
-150 14 4 -0.00059811002574861 -0.00728539004921913
-149 0 0 -0.000569903990253806 -0.00672621978446841
-148 0 0 -0.000539591012056917 -0.00612238980829716
-147 0 0 -0.000506506999954581 -0.00546013005077839
-146 0 0 -0.000469576014438644 -0.00471709994599223
-145 0 0 -0.00042682999628596 -0.00385254994034767
-144 0 0 -0.000295347010251135 -0.0011687099467963
-143 0 0 -0.000165192002896219 0.0015104099875316
-142 0 0 -9.44978019106202E-05 0.00296805007383227
-141 0 0 6.40997022856027E-05 0.00622572004795074
-140 0 0 0.000170193001395091 0.00838338956236839
-139 0 0 0.00025750498753041 0.0101399999111891
-138 0 0 0.00033462600549683 0.0116745997220278
-137 0 0 0.000405289989430457 0.0130655001848936
-136 0 0 0.000471509993076324 0.0143550001084805
-135 0 0 0.000534521997906268 0.01556930039078
-134 0 0 0.000595144985709339 0.0167255997657776
-133 0 0 0.000653956027235836 0.0178363006561995
-132 0 0 0.000711383996531367 0.0189105998724699
-131 0 0 0.000767756020650268 0.0199552997946739
-130 0 0 0.00082333100726828 0.0209759008139372
-129 0 0 0.000878316990565509 0.0219771005213261
-128 0 0 0.000932888011448085 0.0229624006897211
-127 0 0 0.000987190986052155 0.0239349994808435
-126 0 0 0.00104134995490313 0.024897700175643
-125 0 0 0.00109548005275428 0.0258526001125574
-124 0 0 0.00114967999979854 0.0268018990755081
-123 0 0 0.0012040400179103 0.0277475006878376
-122 0 0 0.00125862995628268 0.0286910999566317
-121 0 0 0.0013135300250724 0.0296342000365257
-120 0 0 0.00136880995705724 0.0305783003568649
-119 0 0 0.00142453995067626 0.0315247997641563
-118 0 0 0.00148078997153789 0.0324749015271664
-117 0 0 0.0015375999500975 0.0334299989044666
-116 0 0 0.00159504998009652 0.0343911983072758
-115 0 0 0.00163373001851141 0.0350360013544559
-114 0 0 0.00167272996623069 0.0356843993067741
-113 0 0 0.0017120799748227 0.0363367982208729
-112 0 0 0.00175178004428744 0.0369934998452663
-111 0 0 0.00179185997694731 0.0376547984778881
-110 0 0 0.00183233001735061 0.0383212007582188
-109 0 0 0.00187320995610207 0.0389930009841919
-108 0 0 0.00191452004946768 0.0396704003214836
-107 0 0 0.00195627007633448 0.040353998541832
-106 0 0 0.00199848995544016 0.0410440005362034
-105 0 0 0.00204118993133307 0.0417409017682076
-104 0 0 0.00208438001573086 0.0424448996782303
-103 0 0 0.00212810002267361 0.0431566014885902
-102 0 0 0.00217233994044363 0.0438762009143829
-101 0 0 0.00221715006045997 0.0446043014526367
-100 13 4 0.00226252991706133 0.0453412011265755
-99 0 0 0.00230849999934435 0.0460872985422611
-98 0 0 0.00233948999084532 0.0465901009738445
-97 0 0 0.00237076007761061 0.0470973998308182
-96 0 0 0.00240231002680957 0.0476091988384724
-95 0 0 0.0024341600947082 0.0481256991624832
-94 0 0 0.00246630003675818 0.0486470982432365
-93 0 0 0.00249875010922551 0.0491736009716988
-92 0 0 0.00253151007927954 0.0497050993144512
-91 0 0 0.00256458995863795 0.0502419993281364
-90 0 0 0.00259798998013139 0.0507844015955925
-89 0 0 0.00263171992264688 0.0513323992490768
-88 0 0 0.00266579003073275 0.0518863014876842
-87 0 0 0.00270020007155836 0.0524460002779961
-86 0 0 0.00273497006855905 0.0530119016766548
-85 0 0 0.00277009001001716 0.053584199398756
-84 0 0 0.00280557991936803 0.0541629008948803
-83 0 0 0.00284144002944231 0.0547483004629612
-82 0 0 0.00287768989801407 0.0553405992686749
-81 0 0 0.00291430996730924 0.0559399016201496
-80 0 0 0.00295134005136788 0.0565465018153191
-79 0 0 0.002988759893924 0.0571606010198593
-78 0 0 0.00302659999579191 0.0577822998166084
-77 0 0 0.0030648501124233 0.0584118999540806
-76 0 0 0.00309057999402285 0.0588360987603664
-75 0 0 0.00311651010997593 0.059264000505209
-74 0 0 0.0031426299829036 0.0596956014633179
-73 0 0 0.00316894007846713 0.0601309984922409
-72 0 0 0.00319544994272292 0.0605701990425587
-71 0 0 0.00322215002961457 0.061013400554657
-70 0 0 0.00324905989691615 0.0614605993032455
-69 0 0 0.00327616999857128 0.0619118995964527
-68 0 0 0.0033034801017493 0.0623673014342785
-67 0 0 0.00333100999705493 0.0628269985318184
-66 0 0 0.00335873011499643 0.0632909014821053
-65 0 0 0.00338667002506554 0.0637592002749443
-64 0 0 0.0034148299600929 0.0642319023609161
-63 0 0 0.00344318989664316 0.0647090971469879
-62 0 0 0.00347177009098232 0.0651908963918686
-61 0 0 0.00350057007744908 0.0656773969531059
-60 0 0 0.00352958007715642 0.0661685988306999
-59 0 0 0.0035588201135397 0.0666647031903267
-58 0 0 0.0035882699303329 0.0671655982732773
-57 0 0 0.00361795001663268 0.067671500146389
-56 0 0 0.00364784989506006 0.0681824013590813
-55 0 0 0.00367798004299402 0.0686985030770302
-54 0 0 0.00370832998305559 0.0692197978496552
-53 0 0 0.00373890995979309 0.0697463974356651
-52 0 0 0.00376970996148884 0.0702783018350601
-51 0 0 0.00380073999986053 0.0708156004548073
-50 12 4 0.00383199006319046 0.0713585019111633
-49 0 0 0.00386346993036568 0.0719069987535477
-48 0 0 0.00389518006704748 0.0724610984325409
-47 0 0 0.00392711022868752 0.0730208978056908
-46 0 0 0.00395927019417286 0.0735865980386734
-45 0 0 0.00398082984611392 0.0739668980240822
-44 0 0 0.00400249008089304 0.0743499025702477
-43 0 0 0.00402426021173596 0.0747355967760086
-42 0 0 0.00404610997065902 0.0751238986849785
-41 0 0 0.00406807009130716 0.0755148977041245
-40 0 0 0.00409012986347079 0.0759086012840271
-39 0 0 0.00411227997392416 0.0763050988316536
-38 0 0 0.00413451995700598 0.0767043009400368
-37 0 0 0.00415686005726457 0.0771062970161438
-36 0 0 0.00417929980903864 0.0775109976530075
-35 0 0 0.00420182989910245 0.0779184997081757
-34 0 0 0.00422444986179471 0.078328900039196
-33 0 0 0.00424716016277671 0.0787421017885208
-32 0 0 0.00426995987072587 0.0791580975055695
-31 0 0 0.00429284991696477 0.0795769020915031
-30 0 0 0.00431582983583212 0.0799987018108368
-29 0 0 0.00433890009298921 0.0804233029484749
-28 0 0 0.00436204019933939 0.0808508023619652
-27 0 0 0.00438527017831802 0.0812811031937599
-26 0 0 0.00440859002992511 0.0817143991589546
-25 0 0 0.00443198019638658 0.0821506008505821
-24 0 0 0.00445544999092817 0.0825897008180618
-23 0 0 0.00447899010032415 0.0830318033695221
-22 0 0 0.00450260983780026 0.0834766998887062
-21 0 0 0.00452629989013076 0.0839245989918709
-20 0 0 0.00455005979165435 0.0843753963708878
-19 0 0 0.00457389000803232 0.0848291963338852
-18 0 0 0.00459777982905507 0.0852857977151871
-17 0 0 0.00462173018604517 0.0857454016804695
-16 0 0 0.00464574014768004 0.0862078964710236
-15 0 0 0.00466981017962098 0.0866732969880104
-14 0 0 0.00469393003731966 0.0871416032314301
-13 0 0 0.00471810018643737 0.0876128003001213
-12 0 0 0.00474232016131282 0.0880869030952454
-11 0 0 0.00476658996194601 0.088563896715641
-10 0 0 0.00479089003056288 0.0890436992049217
-9 0 0 0.00481523014605045 0.0895263999700546
-8 0 0 0.00483960984274745 0.090011902153492
-7 0 0 0.00486401980742812 0.0905001983046532
-6 0 0 0.00488844979554415 0.0909913033246994
-5 0 0 0.00491291005164385 0.0914850980043411
-4 0 0 0.00493738986551762 0.0919817015528679
-3 0 0 0.0049618799239397 0.0924810022115707
-2 0 0 0.0049782101996243 0.0928153991699219
1 0 0 0.00499999988824129 0.0932630971074104
1 0 0 0.00499999988824129 0.0932630971074104
-2 0 0 0.00502179004251957 0.0937127992510796
-3 0 0 0.0050381300970912 0.0940515026450157
-4 0 0 0.00506264995783567 0.0945617035031319
-5 0 0 0.0050871497951448 0.095074400305748
-6 0 0 0.00511165009811521 0.0955896005034447
-7 0 0 0.00513614015653729 0.0961074009537697
-8 0 0 0.00516059994697571 0.0966275036334991
-9 0 0 0.00518504017964005 0.0971501022577286
-10 0 0 0.00520945014432073 0.0976750031113625
-11 0 0 0.00523382984101772 0.0982023030519485
-12 0 0 0.0052581699565053 0.0987318977713585
-13 0 0 0.00528247002512217 0.0992636010050774
-14 0 0 0.00530671980232 0.0997975990176201
-15 0 0 0.00533092999830842 0.100334003567696
-16 0 0 0.00535506987944245 0.100872002542019
-17 0 0 0.00537915015593171 0.101411998271942
-18 0 0 0.00540316989645362 0.101953998208046
-19 0 0 0.00542711978778243 0.10249800235033
-20 0 0 0.00545099005103111 0.103044003248215
-21 0 0 0.00547478022053838 0.103592000901699
-22 0 0 0.00549848983064294 0.104142002761364
-23 0 0 0.00552211003378034 0.104693002998829
-24 0 0 0.005545639898628 0.105245999991894
-25 0 0 0.00556905986741185 0.105801001191139
-26 0 0 0.00559238996356726 0.106357000768185
-27 0 0 0.00561559991911054 0.10691499710083
-28 0 0 0.00563871022313833 0.107473999261856
-29 0 0 0.00566169992089272 0.108033999800682
-30 0 0 0.00568456994369626 0.108595997095108
-31 0 0 0.00570731004700065 0.109159000217915
-32 0 0 0.00572993000969291 0.109723001718521
-33 0 0 0.00575240980833769 0.110288999974728
-34 0 0 0.0057747601531446 0.110854998230934
-35 0 0 0.00579696986824274 0.111423000693321
-36 0 0 0.00581903988495469 0.111991003155708
-37 0 0 0.00584095017984509 0.112561002373695
-38 0 0 0.00586271984502673 0.113131001591682
-39 0 0 0.00588432978838682 0.113701999187469
-40 0 0 0.0059057897888124 0.114274002611637
-41 0 0 0.00592707982286811 0.114846996963024
-42 0 0 0.00594821013510227 0.115419998764992
-43 0 0 0.00596917001530528 0.115993998944759
-44 0 0 0.00598995992913842 0.116568997502327
-45 0 0 0.00601059012115002 0.117144003510475
-46 0 0 0.0060310298576951 0.117719002068043
-47 0 0 0.00605130009353161 0.11829499900341
-48 0 0 0.00607139011844993 0.118871003389359
-49 0 0 0.00609129015356302 0.119447998702526
-50 2 4 0.00611100997775793 0.120025001466274
-51 0 0 0.00613053981214762 0.120601996779442
-52 0 0 0.0061498899012804 0.12117899954319
-53 0 0 0.00616904022172093 0.121757000684738
-54 0 0 0.00618800008669496 0.122334003448486
-55 0 0 0.00620676996186376 0.122911997139454
-56 0 0 0.0062253400683403 0.123489998281002
-57 0 0 0.00624372018501163 0.12406700104475
-58 0 0 0.00626190006732941 0.124645002186298
-59 0 0 0.00627986993640661 0.125222995877266
-60 0 0 0.0062976498156786 0.125799998641014
-61 0 0 0.00631522014737129 0.126377999782562
-62 0 0 0.00633260002359748 0.12695500254631
-63 0 0 0.00634976010769606 0.127532005310059
-64 0 0 0.00636673020198941 0.128108993172646
-65 0 0 0.00638348981738091 0.128685995936394
-66 0 0 0.00640003988519311 0.129262000322342
-67 0 0 0.00641639018431306 0.12983800470829
-68 0 0 0.00643253000453115 0.130412995815277
-69 0 0 0.00644845981150866 0.130989000201225
-70 0 0 0.00646418984979391 0.131564006209373
-71 0 0 0.00647970009595156 0.13213799893856
-72 0 0 0.00649501988664269 0.132712006568909
-73 0 0 0.00651759002357721 0.133572995662689
-74 0 0 0.00653970986604691 0.134432002902031
-75 0 0 0.00656135007739067 0.135289996862411
-76 0 0 0.00658253021538258 0.136147007346153
-77 0 0 0.00660324981436133 0.137003004550934
-78 0 0 0.00662350002676249 0.137857005000114
-79 0 0 0.00664329016581178 0.138710007071495
-80 0 0 0.00666262023150921 0.139561995863914
-81 0 0 0.00668150000274181 0.140412002801895
-82 0 0 0.00669992016628385 0.141260996460915
-83 0 0 0.00671789003536105 0.142107993364334
-84 0 0 0.00673541007563472 0.142954006791115
-85 0 0 0.00675247982144356 0.143799006938934
-86 0 0 0.00676910998299718 0.144640997052193
-87 0 0 0.00678530009463429 0.145483002066612
-88 0 0 0.0068010501563549 0.146321997046471
-89 0 0 0.00681636994704604 0.147159993648529
-90 0 0 0.00683127017691731 0.147995993494987
-91 0 0 0.00684572989121079 0.148830994963646
-92 0 0 0.00685977982357144 0.149663999676704
-93 0 0 0.00687339995056391 0.150494992733002
-94 0 0 0.00688662007451057 0.15132500231266
-95 0 0 0.00689942017197609 0.152153000235558
-96 0 0 0.00691181980073452 0.152979001402855
-97 0 0 0.00692381989210844 0.153804004192352
-98 0 0 0.00693543022498488 0.154626995325089
-99 0 0 0.00694664008915424 0.155448004603386
-100 3 4 0.00695746997371316 0.156267002224922
-101 0 0 0.00696791987866163 0.157085001468658
-102 0 0 0.00697798002511263 0.157901003956795
-103 0 0 0.00699238991364837 0.159122005105019
-104 0 0 0.00700596999377012 0.160338997840881
-105 0 0 0.00701875006780028 0.161552995443344
-106 0 0 0.00703073991462588 0.162762999534607
-107 0 0 0.00704194977879524 0.163968995213509
-108 0 0 0.00705240992829204 0.16517099738121
-109 0 0 0.00706211989745498 0.166370004415512
-110 0 0 0.00707110995426774 0.167565003037453
-111 0 0 0.00707940012216568 0.168755993247032
-112 0 0 0.00708698993548751 0.169944003224373
-113 0 0 0.00709391012787819 0.171128004789352
-114 0 0 0.00710015976801515 0.172308996319771
-115 0 0 0.00710577983409166 0.173486992716789
-116 0 0 0.00711076986044645 0.174660995602608
-117 0 0 0.00711514009162784 0.175832003355026
-118 0 0 0.00711891986429691 0.177000001072884
-119 0 0 0.00712213013321161 0.178164005279541
-120 0 0 0.00712476996704936 0.179324999451637
-121 0 0 0.0071268598549068 0.180482998490334
-122 0 0 0.00712841004133224 0.18163800239563
-123 0 0 0.0071294498629868 0.182789996266365
-124 0 0 0.0071300701238215 0.184512004256248
125 4 2 0.00713007990270853 0.184626996517181
126 0 0 0.00712954020127654 0.186342000961304
127 0 0 0.00712683983147144 0.188903003931046
128 0 0 0.00712196994572878 0.191449999809265
129 0 0 0.00711512006819248 0.193983003497124
130 0 0 0.00710642011836171 0.19650299847126
131 0 0 0.00709602003917098 0.199010998010635
132 0 0 0.00708408001810312 0.20150700211525
133 0 0 0.0070707299746573 0.203991994261742
134 0 0 0.00705609982833266 0.206466004252434
135 0 0 0.00704031996428967 0.208929002285004
136 0 0 0.00702351983636618 0.211382001638412
137 0 0 0.00700580980628729 0.21382600069046
138 0 0 0.00698731979355216 0.216260001063347
139 0 0 0.00696814991533756 0.218685999512672
140 0 0 0.00694839982315898 0.221102997660637
141 0 0 0.00692819012328982 0.223513007164001
142 0 0 0.0069075901992619 0.225914999842644
143 0 0 0.00688672019168735 0.228310003876686
144 0 0 0.00686566019430757 0.230697005987167
145 0 0 0.00684448005631566 0.233079001307487
146 0 0 0.0068232798948884 0.235453993082047
147 0 0 0.00680211978033185 0.237823992967606
148 0 0 0.00678109005093575 0.240188002586365
149 0 0 0.00676024006679654 0.242547005414963
150 5 4 0.00672947010025382 0.246076002717018
151 0 0 0.00669948011636734 0.249595999717712
152 0 0 0.00667046010494232 0.253107011318207
153 0 0 0.00664256978780031 0.256608992815018
154 0 0 0.00661598984152079 0.260105013847351
155 0 0 0.00659083994105458 0.263595014810562
156 0 0 0.00656727002933621 0.267078995704651
157 0 0 0.00654538022354245 0.270559012889862
158 0 0 0.00652529019862413 0.274035006761551
159 0 0 0.00650708982720971 0.277507990598679
160 0 0 0.00649084988981485 0.280979007482529
161 0 0 0.00647033983841538 0.286182999610901
162 0 0 0.00645462982356548 0.291386991739273
163 0 0 0.00644388003274798 0.296591997146606
164 0 0 0.00643821014091372 0.30180099606514
-165 6 2 0.00643728021532297 0.304906994104385
-166 0 0 0.00643990002572536 0.31012699007988
-167 0 0 0.00645367009565234 0.317974001169205
-168 0 0 0.00647930009290576 0.325850009918213
-169 0 0 0.00651670014485717 0.333759993314743
-170 0 0 0.00656571006402373 0.34171199798584
-171 0 0 0.00662609981372952 0.349711000919342
-172 0 0 0.00669758021831512 0.35776498913765
-173 0 0 0.00677980994805694 0.365880012512207
-174 0 0 0.00687238993123174 0.374060988426208
-175 0 0 0.00697494018822908 0.382315993309021
-176 0 0 0.00708700995892286 0.390650987625122
-177 0 0 0.00720814988017082 0.399071007966995
-178 0 0 0.00733789009973407 0.407584995031357
-179 0 0 0.00747577007859945 0.41619798541069
-180 0 0 0.00762127991765738 0.424917012453079
-181 0 0 0.00777393020689487 0.433748990297318
-182 0 0 0.00793323013931513 0.442701011896133
-183 0 0 0.00809864979237318 0.451781004667282
-184 0 0 0.00826967041939497 0.460994988679886
-185 0 0 0.00844576023519039 0.470353007316589
-186 0 0 0.00862639024853706 0.479860991239548
-187 0 0 0.00881101004779339 0.489526987075806
-188 0 0 0.00899904035031796 0.499361991882324
-189 0 0 0.0091899000108242 0.509371995925903
-190 0 0 0.00938300043344498 0.519568026065826
-191 0 0 0.00957771018147469 0.52995902299881
-192 0 0 0.00977340992540121 0.540555000305176
-193 0 0 0.00996940955519676 0.551365971565247
-194 0 0 0.0101650003343821 0.562402009963989
-195 0 0 0.0103594996035099 0.573674976825714
-196 0 0 0.0105521995574236 0.585196018218994
-197 0 0 0.0107421996071935 0.59697699546814
-198 0 0 0.0109286997467279 0.60903000831604
-199 0 0 0.0111108003184199 0.62136697769165
-200 7 4 0.0112877003848553 0.634001970291138
-201 0 0 0.0114583997055888 0.646947979927063
-202 0 0 0.0116219995543361 0.660216987133026
-203 0 0 0.0117773003876209 0.673825979232788
-204 0 0 0.0119235003367066 0.687785983085632
-205 0 0 0.0120593002066016 0.702112972736359
-206 0 0 0.0121838003396988 0.716820001602173
-207 0 0 0.0122956996783614 0.73192298412323
-208 0 0 0.0123941004276276 0.747434020042419
-209 0 0 0.0124776996672153 0.763368010520935
-210 0 0 0.0125457001850009 0.779739022254944
-211 0 0 0.0125968996435404 0.796557009220123
-212 0 0 0.0126304998993874 0.813835978507996
-213 0 0 0.0126454997807741 0.831587016582489
214 8 2 0.0126464003697038 0.836844980716705
215 0 0 0.0126366000622511 0.855216979980469
216 0 0 0.0126069998368621 0.874081015586853
217 0 0 0.0125574003905058 0.893441021442413
218 0 0 0.012487499974668 0.913303017616272
219 0 0 0.0123977996408939 0.933668971061707
220 0 0 0.0122886002063751 0.954537987709045
221 0 0 0.0121606001630425 0.975908994674683
222 0 0 0.0120150996372104 0.997777998447418
223 0 0 0.0118533000349998 1.02014005184174
224 0 0 0.0116769000887871 1.04298996925354
225 0 0 0.0114879002794623 1.06631004810333
226 0 0 0.0112885003909469 1.09009003639221
227 0 0 0.0110812000930309 1.11433005332947
228 0 0 0.0108684999868274 1.13900005817413
229 0 0 0.0106533002108335 1.16410005092621
230 0 0 0.0104384003207088 1.18959999084473
231 0 0 0.0102267004549503 1.21549999713898
232 0 0 0.0100212004035711 1.24178004264832
233 0 0 0.00982480961829424 1.26841998100281
234 0 0 0.0096402196213603 1.29541003704071
235 0 0 0.00947016011923552 1.32273995876312
236 0 0 0.00931715965270996 1.35038995742798
237 0 0 0.00918359030038118 1.37835001945496
238 0 0 0.00907162018120289 1.40662002563477
239 0 0 0.00898320972919464 1.43517005443573
240 0 0 0.00892013963311911 1.46399998664856
241 0 0 0.00888394005596638 1.49309003353119
-242 9 2 0.00887523964047432 1.51587998867035
-243 0 0 0.00888997968286276 1.54542994499207
-244 0 0 0.00893482007086277 1.57524001598358
-245 0 0 0.00901055987924337 1.60529005527496
-246 0 0 0.0091177998110652 1.63557004928589
-247 0 0 0.0092569999396801 1.66607999801636
-248 0 0 0.00942844990640879 1.69681000709534
-249 0 0 0.00963229034096003 1.72776997089386
-250 10 4 0.00986853986978531 1.75893998146057
-251 0 0 0.0101370997726917 1.79032003879547
-252 0 0 0.0104377996176481 1.82190001010895
-253 0 0 0.0107703004032373 1.85369002819061
-254 0 0 0.0111343003809452 1.88567996025085
-255 0 0 0.0115293003618717 1.91786003112793
-256 0 0 0.0119548002257943 1.95024001598358
-257 0 0 0.0124102002009749 1.98280000686646
-258 0 0 0.012895000167191 2.01554989814758
-259 0 0 0.013408400118351 2.04848003387451
-260 0 0 0.0139498999342322 2.08158993721008
-261 0 0 0.0145186996087432 2.11487007141113
-262 0 0 0.0151142003014684 2.1483199596405
-263 0 0 0.015735499560833 2.18194007873535
-264 0 0 0.0163819994777441 2.2157199382782
-265 0 0 0.0170529000461102 2.2496600151062
-266 0 0 0.017747500911355 2.28376007080078
-267 0 0 0.0184649005532265 2.31801009178162
-268 0 0 0.0192045997828245 2.35241007804871
-269 0 0 0.0199657008051872 2.38696002960205
-270 0 0 0.0207474995404482 2.42163991928101
-271 0 0 0.0215492993593216 2.45645999908447
-272 0 0 0.0223705004900694 2.49142003059387
-273 0 0 0.0232101995497942 2.52651000022888
-274 0 0 0.0240678992122412 2.56171989440918
-275 0 0 0.0249428004026413 2.59704995155334
-276 0 0 0.0258344002068043 2.6324999332428
-277 0 0 0.0267418995499611 2.66807007789612
-278 0 0 0.0276648998260498 2.70374989509583
-279 0 0 0.0286026000976563 2.73953008651733
-280 0 0 0.0295544993132353 2.77541995048523
-281 0 0 0.0305201001465321 2.81140995025635
-282 0 0 0.0314987003803253 2.84750008583069
-283 0 0 0.032489899545908 2.88367009162903
-284 0 0 0.03349319845438 2.91993999481201
-285 0 0 0.0345081016421318 2.9563000202179
-286 0 0 0.0355339981615543 2.99273991584778
-287 0 0 0.0365706011652946 3.02925992012024
-288 0 0 0.0376174002885818 3.06586003303528
-289 0 0 0.0386740006506443 3.10253000259399
-290 0 0 0.0397398993372917 3.13927006721497
-291 0 0 0.0408147983253002 3.17607998847961
-292 0 0 0.0418981984257698 3.21296000480652
-293 0 0 0.0429899990558624 3.24990010261536
-294 0 0 0.044089499861002 3.28690004348755
-295 0 0 0.0451967008411884 3.32396006584167
-296 0 0 0.0463109984993935 3.36107993125916
-297 0 0 0.0474322997033596 3.39825010299683
-298 0 0 0.0485601983964443 3.43547010421753
-299 0 0 0.0496945008635521 3.47273993492126
-300 11 9 0.0508348010480404 3.51006007194519
