-343 19 9 -0.0503022000193596 -0.408044010400772
-342 0 0 -0.049735501408577 -0.403694987297058
-341 0 0 -0.0491701997816563 -0.399367988109589
-340 0 0 -0.048606101423502 -0.395063012838364
-339 0 0 -0.0480430983006954 -0.390780001878738
-338 0 0 -0.0474810004234314 -0.386516988277435
-337 0 0 -0.0469195991754532 -0.382274001836777
-336 0 0 -0.0463586002588272 -0.378049999475479
-335 0 0 -0.0457979999482632 -0.373843997716904
-334 0 0 -0.0452376008033752 -0.36965599656105
-333 0 0 -0.0446772016584873 -0.365483999252319
-332 0 0 -0.0441166013479233 -0.36132800579071
-331 0 0 -0.0435556992888451 -0.357187002897263
-330 0 0 -0.0429942011833191 -0.353060007095337
-329 0 0 -0.0424319989979267 -0.348946988582611
-328 0 0 -0.0418688990175724 -0.34484601020813
-327 0 0 -0.0413048006594181 -0.340757012367249
-326 0 0 -0.0407395996153355 -0.336679011583328
-325 0 0 -0.0401729010045528 -0.332612007856369
-324 0 0 -0.0396047011017799 -0.328554004430771
-323 0 0 -0.0390348993241787 -0.324503988027573
-322 0 0 -0.0384632013738155 -0.320461988449097
-321 0 0 -0.0378894992172718 -0.316426992416382
-320 0 0 -0.0373138003051281 -0.312397986650467
-319 0 0 -0.0367356985807419 -0.308373987674713
-318 0 0 -0.0361552983522415 -0.30435499548912
-317 0 0 -0.0355723015964031 -0.300338000059128
-316 0 0 -0.0349867008626461 -0.296324014663696
-315 0 0 -0.0343983992934227 -0.292311012744904
-314 0 0 -0.0338071994483471 -0.288298010826111
-313 0 0 -0.0332130007445812 -0.284283995628357
-312 0 0 -0.0326159000396729 -0.280268996953964
-311 0 0 -0.0320155993103981 -0.27625098824501
-310 0 0 -0.031412199139595 -0.272228986024857
-309 0 0 -0.0308055002242327 -0.268200993537903
-308 0 0 -0.0301957000046968 -0.264167994260788
-307 0 0 -0.0295825991779566 -0.260125994682312
-306 0 0 -0.028966199606657 -0.256076008081436
-305 0 0 -0.0283466000109911 -0.252014994621277
-304 0 0 -0.0279318001121283 -0.249301999807358
-303 0 0 -0.0275155007839203 -0.246582001447678
-302 0 0 -0.027097899466753 -0.243856996297836
-301 0 0 -0.0266789998859167 -0.241125002503395
-300 18 4 -0.0262586995959282 -0.238387003540993
-299 0 0 -0.0258370991796255 -0.235640004277229
-298 0 0 -0.0254142004996538 -0.232886001467705
-297 0 0 -0.0249901991337538 -0.230122998356819
-296 0 0 -0.0245650000870228 -0.227350994944572
-295 0 0 -0.0241387002170086 -0.224570006132126
-294 0 0 -0.0237112995237112 -0.221778005361557
-293 0 0 -0.0232829991728067 -0.218976005911827
-292 0 0 -0.0228537004441023 -0.216161996126175
-291 0 0 -0.0224236007779837 -0.213336005806923
-290 0 0 -0.0219928007572889 -0.210498005151749
-289 0 0 -0.02156119979918 -0.207645997405052
-288 0 0 -0.0211290996521711 -0.204779997467995
-287 0 0 -0.0206965003162622 -0.201899006962776
-286 0 0 -0.0202635005116463 -0.199002996087074
-285 0 0 -0.0198302995413542 -0.196089997887611
-284 0 0 -0.0193968992680311 -0.193160995841026
-283 0 0 -0.0189634002745152 -0.190212994813919
-282 0 0 -0.0185301005840302 -0.18724699318409
-281 0 0 -0.0180968996137381 -0.184261992573738
-280 0 0 -0.0176641996949911 -0.181254997849464
-279 0 0 -0.0172319002449512 -0.178228005766869
-278 0 0 -0.0168002992868423 -0.175178006291389
-277 0 0 -0.0163695998489857 -0.172105997800827
-276 0 0 -0.0159398000687361 -0.169009000062943
-275 0 0 -0.0155111998319626 -0.165887996554375
-274 0 0 -0.0150840003043413 -0.162742003798485
-273 0 0 -0.0146583998575807 -0.15956999361515
-272 0 0 -0.0142345996573567 -0.156370997428894
-271 0 0 -0.0138127002865076 -0.153145000338554
-270 0 0 -0.0133932000026107 -0.149893000721931
-269 0 0 -0.0129762999713421 -0.146613001823425
-268 0 0 -0.0125623000785708 -0.143307000398636
-267 0 0 -0.0121515998616815 -0.139975994825363
-266 0 0 -0.0117445001378655 -0.136620998382568
-265 0 0 -0.0113415000960231 -0.133245006203651
-264 0 0 -0.0109432004392147 -0.129850998520851
-263 0 0 -0.0105502000078559 -0.12644200026989
-262 0 0 -0.0101629998534918 -0.123025000095367
-261 0 0 -0.00978248007595539 -0.119604997336864
-260 0 0 -0.00940939970314503 -0.116191998124123
-259 0 0 -0.00904463976621628 -0.112793996930122
-258 0 0 -0.00868908036500216 -0.109420999884605
-257 0 0 -0.00834363978356123 -0.106085002422333
-256 0 0 -0.0080091804265976 -0.102798998355865
-255 0 0 -0.00768647016957402 -0.0995725989341736
-254 0 0 -0.00737616000697017 -0.0964182987809181
-253 0 0 -0.00707873003557324 -0.0933457016944885
-252 0 0 -0.0067944498732686 -0.0903630033135414
-251 0 0 -0.00652340007945895 -0.0874766036868095
-250 17 4 -0.00626548007130623 -0.0846904963254929
-249 0 0 -0.00602040020748973 -0.0820069015026093
-248 0 0 -0.00578773021697998 -0.079425998032093
-247 0 0 -0.00556696020066738 -0.0769466012716293
-246 0 0 -0.00535748014226556 -0.0745661035180092
-245 0 0 -0.00515865022316575 -0.0722810998558998
-244 0 0 -0.00496981991454959 -0.0700872987508774
-243 0 0 -0.00479034008458257 -0.0679802969098091
-242 0 0 -0.00461956020444632 -0.0659553036093712
-241 0 0 -0.0044568800367415 -0.0640074983239174
-240 0 0 -0.00430171005427837 -0.0621319003403187
-239 0 0 -0.00415351986885071 -0.0603240989148617
-238 0 0 -0.00401178980246186 -0.0585794001817703
-237 0 0 -0.00387606001459062 -0.0568935982882977
-236 0 0 -0.00374590000137687 -0.0552625991404057
-235 0 0 -0.00362088996917009 -0.0536824986338615
-234 0 0 -0.00350066996179521 -0.0521496012806892
-233 0 0 -0.00338490004651248 -0.0506604984402657
-232 0 0 -0.00327326008118689 -0.0492121018469334
-231 0 0 -0.00316546997055411 -0.0478012003004551
-230 0 0 -0.00306125008501112 -0.046424999833107
-229 0 0 -0.00296034989878535 -0.0450807996094227
-228 0 0 -0.0028625400736928 -0.0437659993767738
-227 0 0 -0.00276761990971863 -0.0424780994653702
-226 0 0 -0.00267537008039653 -0.0412148982286453
-225 0 0 -0.00258560990914702 -0.0399741008877754
-224 0 0 -0.00249816011637449 -0.0387534014880657
-223 0 0 -0.00241285003721714 -0.037550900131464
-222 0 0 -0.00232951994985342 -0.0363643988966942
-221 0 0 -0.00224800989963114 -0.0351919010281563
-220 0 0 -0.00216818996705115 -0.0340313017368317
-219 0 0 -0.0020898999646306 -0.0328807011246681
-218 0 0 -0.00201300997287035 -0.0317379012703896
-217 0 0 -0.0019373600371182 -0.0306007005274296
-216 0 0 -0.00186282000504434 -0.029466999694705
-215 0 0 -0.00178924005012959 -0.0283342991024256
-214 0 0 -0.00171648000832647 -0.027200099080801
-213 0 0 -0.00164436001796275 -0.026061499491334
-212 0 0 -0.00157272000797093 -0.0249154008924961
-211 0 0 -0.0015013599768281 -0.0237582996487617
-210 0 0 -0.00143008003942668 -0.0225859992206097
-209 0 0 -0.00135863001924008 -0.0213938001543283
-208 0 0 -0.00131076003890485 -0.0205848999321461
-207 0 0 -0.00126258004456758 -0.0197625998407602
-206 0 0 -0.0012139700120315 -0.0189242009073496
-205 0 0 -0.00116480002179742 -0.0180670004338026
-204 0 0 -0.00111489999108016 -0.017187399789691
-203 0 0 -0.00108111998997629 -0.0165865998715162
-202 0 0 -0.00104686000850052 -0.0159724000841379
-201 0 0 -0.00101203005760908 -0.0153432004153728
-200 16 4 -0.000976527982857078 -0.0146966995671391
-199 0 0 -0.000940228987019509 -0.0140303997322917
-198 0 0 -0.000915516982786357 -0.0135736996307969
-197 0 0 -0.000890332972630858 -0.0131058003753424
-196 0 0 -0.000864617002662271 -0.0126251997426152
-195 0 0 -0.000838293984998018 -0.012130600400269
-194 0 0 -0.000811278994660825 -0.0116200000047684
-193 0 0 -0.000792831997387111 -0.0112696001306176
-192 0 0 -0.000773992971517146 -0.0109104998409748
-191 0 0 -0.00075472000753507 -0.0105414995923638
-190 0 0 -0.000734960020054132 -0.0101618003100157
-189 0 0 -0.000714656023774296 -0.00976996961981058
-188 0 0 -0.000693733978550881 -0.00936461985111237
-187 0 0 -0.000679401971865445 -0.00908598024398088
-186 0 0 -0.000664727995172143 -0.00879989005625248
-185 0 0 -0.000649675028398633 -0.00850562006235123
-184 0 0 -0.000634205003734678 -0.00820230040699244
-183 0 0 -0.000618266989476979 -0.00788892991840839
-182 0 0 -0.000601804000325501 -0.00756432022899389
-181 0 0 -0.000590502982959151 -0.00734094996005297
-180 0 0 -0.000578914012294263 -0.00711143016815186
-179 0 0 -0.000567008974030614 -0.00687518017366529
-178 0 0 -0.000554753001779318 -0.00663150986656547
-177 0 0 -0.000542110006790608 -0.00637962017208338
-176 0 0 -0.000529033015482128 -0.00611856020987034
-175 0 0 -0.000520046974997967 -0.00593886990100145
-174 0 0 -0.000510825018864125 -0.00575419003143907
-173 0 0 -0.000501343980431557 -0.00556408008560538
-172 0 0 -0.000491579005029052 -0.00536801014095545
-171 0 0 -0.00048149999929592 -0.00516533991321921
-170 0 0 -0.000471072009531781 -0.00495534995570779
-169 0 0 -0.000463906006189063 -0.00481087015941739
-168 0 0 -0.000456550013041124 -0.0046624499373138
-167 0 0 -0.000448990002041683 -0.00450974004343152
-166 0 0 -0.000441206007963046 -0.00435234978795052
-165 0 0 -0.000433175009675324 -0.0041898200288415
-164 0 0 -0.000424872006988153 -0.00402159988880157
-163 0 0 -0.0004191700136289 -0.00390599993988872
-162 0 0 -0.000413322995882481 -0.00378737994469702
-161 0 0 -0.000407320010708645 -0.00366550008766353
-160 0 0 -0.000401146011427045 -0.00354007002897561
-159 0 0 -0.000394786999095231 -0.00341078010387719
-158 0 0 -0.000388223998015746 -0.0032772698905319
-157 0 0 -0.000381437013857067 -0.00313911004923284
-156 0 0 -0.00037440299638547 -0.00299579999409616
-155 0 0 -0.000367092987289652 -0.00284676998853683
-154 0 0 -0.000359472003765404 -0.00269130989909172
-153 0 0 -0.000351502007106319 -0.00252858991734684
-152 0 0 -0.000343132996931672 -0.00235760002397001
-151 0 0 -0.000334304000716656 -0.00217708991840482
-150 15 4 -0.000324941996950656 -0.00198552990332246
-149 0 0 -0.000314953009365126 -0.00178099004551768
-148 0 0 -0.000304223009152338 -0.00156110001262277
-147 0 0 -0.000292607990559191 -0.00132290995679796
-146 0 0 -0.000279947998933494 -0.00106305000372231
-145 0 0 -0.000266085000475869 -0.000778304995037615
-144 0 0 -0.000234649996855296 -0.000131869994220324
-143 0 0 -0.000172576998011209 0.00114675995428115
-142 0 0 3.75562012777664E-05 0.00547076994553208
-141 0 0 0.000152688997332007 0.00781734008342028
-140 0 0 0.000244229013333097 0.00966276042163372
-139 0 0 0.000323877000482753 0.0112506002187729
-138 0 0 0.000396241986891255 0.0126774003729224
-137 0 0 0.000463692005723715 0.0139928003773093
-136 0 0 0.000527634983882308 0.0152265997603536
-135 0 0 0.000588984985370189 0.0163981001824141
-134 0 0 0.000648378976620734 0.0175208002328873
-133 0 0 0.000706280989106745 0.0186046995222569
-132 0 0 0.000763043004553765 0.0196572002023458
-131 0 0 0.000818940985482186 0.0206842999905348
-130 0 0 0.000874196994118392 0.0216905996203423
-129 0 0 0.000928993977140635 0.0226799994707108
-128 0 0 0.000983485952019691 0.0236559007316828
-127 0 0 0.00103779998607934 0.0246210992336273
-126 0 0 0.00109206000342965 0.0255779009312391
-125 0 0 0.00114636996295303 0.0265286006033421
-124 0 0 0.00120079994667321 0.0274749994277954
-123 0 0 0.00125545996706933 0.0284189004451036
-122 0 0 0.00131039996631444 0.0293618999421597
-121 0 0 0.00136571004986763 0.0303054004907608
-120 0 0 0.00142145995050669 0.0312509983778
-119 0 0 0.00147769995965064 0.0321998000144958
-118 0 0 0.00153449003119022 0.0331531018018723
-117 0 0 0.0015919100260362 0.0341123007237911
-116 0 0 0.00163056002929807 0.0347554981708527
-115 0 0 0.00166952994186431 0.0354022011160851
-114 0 0 0.00170883000828326 0.0360527001321316
-113 0 0 0.00174848001915962 0.0367073006927967
-112 0 0 0.00178851000964642 0.0373664982616901
-111 0 0 0.00182891997974366 0.0380305014550686
-110 0 0 0.00186973996460438 0.0386997014284134
-109 0 0 0.00191096996422857 0.0393745005130768
-108 0 0 0.00195265002548695 0.0400552004575729
-107 0 0 0.00199478003196418 0.0407421998679638
-106 0 0 0.00203737989068031 0.0414358004927635
-105 0 0 0.00208048010244966 0.0421365015208721
-104 0 0 0.00212407996878028 0.0428445003926754
-103 0 0 0.00216822000220418 0.0435604006052017
-102 0 0 0.00221289996989071 0.044284500181675
-101 0 0 0.00225814990699291 0.0450172014534473
-100 14 4 0.0023039800580591 0.0457588993012905
-99 0 0 0.0023348699323833 0.0462586991488934
-98 0 0 0.00236603990197182 0.0467628017067909
-97 0 0 0.00239748996682465 0.0472713001072407
-96 0 0 0.00242922990582883 0.0477844998240471
-95 0 0 0.00246125995181501 0.0483024008572102
-94 0 0 0.00249358988367021 0.0488253012299538
-93 0 0 0.00252622994594276 0.0493532009422779
-92 0 0 0.00255917990580201 0.0498863011598587
-91 0 0 0.00259245000779629 0.0504246987402439
-90 0 0 0.00262604001909494 0.050968699157238
-89 0 0 0.00265996996313334 0.0515182986855507
-88 0 0 0.0026942400727421 0.0520736984908581
-87 0 0 0.00272885011509061 0.0526352003216743
-86 0 0 0.0027638201136142 0.0532028004527092
-85 0 0 0.00279915006831288 0.0537768006324768
-84 0 0 0.00283483997918665 0.0543573014438152
-83 0 0 0.00287091010250151 0.0549445003271103
-82 0 0 0.00290735997259617 0.0555385984480381
-81 0 0 0.00294419005513191 0.0561398006975651
-80 0 0 0.00298141990788281 0.0567483007907867
-79 0 0 0.00301906000822783 0.0573642998933792
-78 0 0 0.00305710011161864 0.0579879991710186
-77 0 0 0.00308269006200135 0.0584082007408142
-76 0 0 0.00310847000218928 0.0588319003582001
-75 0 0 0.00313443993218243 0.0592592991888523
-74 0 0 0.00316060008481145 0.0596904009580612
-73 0 0 0.00318694999441504 0.0601251982152462
-72 0 0 0.00321349990554154 0.060563899576664
-71 0 0 0.0032402400393039 0.0610065013170242
-70 0 0 0.00326717994175851 0.0614531002938747
-69 0 0 0.00329433009028435 0.0619037002325058
-68 0 0 0.00332166999578476 0.0623584985733032
-67 0 0 0.00334921991452575 0.0628174021840096
-66 0 0 0.00337698007933795 0.0632805004715919
-65 0 0 0.00340494001284242 0.0637480020523071
-64 0 0 0.00343311997130513 0.0642198994755745
-63 0 0 0.00346149993129075 0.0646962970495224
-62 0 0 0.00349009991623461 0.0651772022247314
-61 0 0 0.00351890991441905 0.0656626969575882
-60 0 0 0.00354793993756175 0.06615299731493
-59 0 0 0.00357717997394502 0.0666479989886284
-58 0 0 0.00360664003528655 0.0671477988362312
-57 0 0 0.00363631988875568 0.0676525011658669
-56 0 0 0.00366620998829603 0.0681622996926308
-55 0 0 0.00369632989168167 0.0686770975589752
-54 0 0 0.00372667005285621 0.0691971033811569
-53 0 0 0.00375723000615835 0.0697221979498863
-52 0 0 0.00378800998441875 0.0702527016401291
-51 0 0 0.0038190099876374 0.0707885026931763
-50 13 4 0.00385024002753198 0.071329802274704
-49 0 0 0.00388168008066714 0.0718766003847122
-48 0 0 0.00391334993764758 0.072428897023201
-47 0 0 0.00394523004069924 0.072986900806427
-46 0 0 0.0039666099473834 0.0733620971441269
-45 0 0 0.00398808997124434 0.0737397968769073
-44 0 0 0.00400965986773372 0.0741202011704445
-43 0 0 0.00403132010251284 0.0745031014084816
-42 0 0 0.00405308976769447 0.074888601899147
-41 0 0 0.00407493999227881 0.0752767994999886
-40 0 0 0.00409690011292696 0.0756675973534584
-39 0 0 0.00411893986165524 0.0760610997676849
-38 0 0 0.00414108019322157 0.0764572992920876
-37 0 0 0.00416330993175507 0.0768562033772469
-36 0 0 0.0041856300085783 0.0772577971220016
-35 0 0 0.00420803995802999 0.0776621028780937
-34 0 0 0.00423053978011012 0.0780692026019096
-33 0 0 0.00425312994047999 0.0784789994359016
-32 0 0 0.00427580019459128 0.0788917019963264
-31 0 0 0.00429855985566974 0.0793071016669273
-30 0 0 0.00432140007615089 0.0797253027558327
-29 0 0 0.0043443301692605 0.0801462978124619
-28 0 0 0.00436733011156321 0.0805701017379761
-27 0 0 0.00439041992649436 0.0809966996312141
-26 0 0 0.0044135800562799 0.081426203250885
-25 0 0 0.00443681981414557 0.0818585008382797
-24 0 0 0.00446012988686562 0.0822936967015266
-23 0 0 0.00448350980877876 0.0827317014336586
-22 0 0 0.00450696004554629 0.0831725001335144
-21 0 0 0.00453048013150692 0.0836161971092224
-20 0 0 0.00455407006666064 0.0840627998113632
-19 0 0 0.00457772007212043 0.0845120996236801
-18 0 0 0.00460143014788628 0.0849644020199776
-17 0 0 0.00462519004940987 0.0854194015264511
-16 0 0 0.00464901002123952 0.0858772993087769
-15 0 0 0.00467287981882691 0.0863381028175354
-14 0 0 0.00469681015238166 0.08680160343647
-13 0 0 0.0047207698225975 0.0872680023312569
-12 0 0 0.0047447900287807 0.0877372026443481
-11 0 0 0.00476884003728628 0.0882091000676155
-10 0 0 0.00479293009266257 0.0886837989091873
-9 0 0 0.00481704995036125 0.0891612991690636
-8 0 0 0.00484120007604361 0.0896414965391159
-7 0 0 0.00486538000404835 0.0901243984699249
-6 0 0 0.00488957995548844 0.0906101018190384
-5 0 0 0.00491379015147686 0.0910983979701996
-4 0 0 0.00493803014978766 0.0915893018245697
-3 0 0 0.00496227014809847 0.0920829027891159
-2 0 0 0.00497843977063894 0.0924134030938148
1 0 0 0.00499999988824129 0.092855803668499
1 0 0 0.00499999988824129 0.092855803668499
-2 0 0 0.00502156000584364 0.0933002978563309
-3 0 0 0.0050377300940454 0.0936350002884865
-4 0 0 0.00506197987124324 0.094139002263546
-5 0 0 0.00508621986955404 0.0946455970406532
-6 0 0 0.00511043984442949 0.0951545014977455
-7 0 0 0.00513465004041791 0.0956659018993378
-8 0 0 0.00515882996842265 0.0961795970797539
-9 0 0 0.00518298009410501 0.0966956987977028
-10 0 0 0.00520711019635201 0.0972139984369278
-11 0 0 0.00523119000717998 0.0977345034480095
-12 0 0 0.00525524001568556 0.098257303237915
-13 0 0 0.0052792401984334 0.0987821966409683
-14 0 0 0.00530317984521389 0.0993091985583305
-15 0 0 0.00532707991078496 0.0998381972312927
-16 0 0 0.00535091012716293 0.100368998944759
-17 0 0 0.00537467980757356 0.100901998579502
-18 0 0 0.00539838010445237 0.101437002420425
-19 0 0 0.00542199984192848 0.101974003016949
-20 0 0 0.00544555019587278 0.102513000369072
-21 0 0 0.00546901021152735 0.103053003549576
-22 0 0 0.00549239013344049 0.10359500348568
-23 0 0 0.00551568018272519 0.104139000177383
-24 0 0 0.0055388598702848 0.104684002697468
-25 0 0 0.00556195015087724 0.105231001973152
-26 0 0 0.00558493006974459 0.105778999626637
-27 0 0 0.00560780009254813 0.106329001486301
-28 0 0 0.00563056021928787 0.106880001723766
-29 0 0 0.00565320020541549 0.107432000339031
-30 0 0 0.00567572005093098 0.107986003160477
-31 0 0 0.00569810997694731 0.108540996909142
-32 0 0 0.00572036998346448 0.109096996486187
-33 0 0 0.00574250007048249 0.109654001891613
-34 0 0 0.00576448999345303 0.110211998224258
-35 0 0 0.00578632997348905 0.110771000385284
-36 0 0 0.00580804003402591 0.11133199930191
-37 0 0 0.00582958990707994 0.111892998218536
-38 0 0 0.00585098983719945 0.112453997135162
-39 0 0 0.00587223004549742 0.113017000257969
-40 0 0 0.00589331984519958 0.113580003380775
-41 0 0 0.00591424014419317 0.114143997430801
-42 0 0 0.00593499979004264 0.114708997309208
-43 0 0 0.00595558993518353 0.115273997187614
-44 0 0 0.00597601011395454 0.115840002894402
-45 0 0 0.00599625008180737 0.116406001150608
-46 0 0 0.00601632008329034 0.116972997784615
-47 0 0 0.00603622011840343 0.117540001869202
-48 0 0 0.00605593016371131 0.118107996881008
-49 0 0 0.00607545021921396 0.118675000965595
-50 2 4 0.00609479984268546 0.119244001805782
-51 0 0 0.00611395016312599 0.119811996817589
-52 0 0 0.00613291980698705 0.120379999279976
-53 0 0 0.00615169014781713 0.120949000120163
-54 0 0 0.00617027003318071 0.12151700258255
-55 0 0 0.00618865992873907 0.122086003422737
-56 0 0 0.00620685005560517 0.122654996812344
-57 0 0 0.00622483994811773 0.123223997652531
-58 0 0 0.00624263985082507 0.123792000114918
-59 0 0 0.00626023020595312 0.124361000955105
-60 0 0 0.00627763010561466 0.124930001795292
-61 0 0 0.00629481999203563 0.125497996807098
-62 0 0 0.00631181010976434 0.126065999269485
-63 0 0 0.00632859021425247 0.126634001731873
-64 0 0 0.00634517008438706 0.12720200419426
-65 0 0 0.0063615501858294 0.127768993377686
-66 0 0 0.00637771980836987 0.128336995840073
-67 0 0 0.00639367988333106 0.12890399992466
-68 0 0 0.00640944018959999 0.129470005631447
-69 0 0 0.00642499001696706 0.130036994814873
-70 0 0 0.00644032983109355 0.13060200214386
-71 0 0 0.00645546987652779 0.131167992949486
-72 0 0 0.00647039990872145 0.131733000278473
-73 0 0 0.0064924000762403 0.132579997181892
-74 0 0 0.0065139401704073 0.133424997329712
-75 0 0 0.00653500994667411 0.134269997477531
-76 0 0 0.00655560987070203 0.135113000869751
-77 0 0 0.00657575996592641 0.135956004261971
-78 0 0 0.00659542996436357 0.136795997619629
-79 0 0 0.0066146501339972 0.137636005878448
-80 0 0 0.00663341023027897 0.138474002480507
-81 0 0 0.00665170978754759 0.139311000704765
-82 0 0 0.00666955020278692 0.140146002173424
-83 0 0 0.00668695010244846 0.140980005264282
-84 0 0 0.00670388992875814 0.14181299507618
-85 0 0 0.00672039017081261 0.142644003033638
-86 0 0 0.00673644011840224 0.143472999334335
-87 0 0 0.00675205001607537 0.144300997257233
-88 0 0 0.00676723010838032 0.14512699842453
-89 0 0 0.00678197015076876 0.145952001214027
-90 0 0 0.00679629016667604 0.146775007247925
-91 0 0 0.00681017991155386 0.147596001625061
-92 0 0 0.00682363985106349 0.148415997624397
-93 0 0 0.00683669000864029 0.149233996868134
-94 0 0 0.00684932013973594 0.15005099773407
-95 0 0 0.0068615498021245 0.150865003466606
-96 0 0 0.00687337014824152 0.151677995920181
-97 0 0 0.00688479002565145 0.152490004897118
-98 0 0 0.00689580990001559 0.153300002217293
-99 0 0 0.00690644001588225 0.154108002781868
-100 3 4 0.00691669015213847 0.154914006590843
-101 0 0 0.00692655006423593 0.155718997120857
-102 0 0 0.00693602999672294 0.156522005796432
-103 0 0 0.00694955978542566 0.157722994685173
-104 0 0 0.00696226023137569 0.158921003341675
-105 0 0 0.00697414996102452 0.160115003585815
-106 0 0 0.00698524992913008 0.161305993795395
-107 0 0 0.00699556991457939 0.162492007017136
-108 0 0 0.00700514018535614 0.163674995303154
-109 0 0 0.00701395981013775 0.164855003356934
-110 0 0 0.00702205020934343 0.166031002998352
-111 0 0 0.00702943978831172 0.167202994227409
-112 0 0 0.00703612016513944 0.168372005224228
-113 0 0 0.00704212998971343 0.169536992907524
-114 0 0 0.00704747997224331 0.170699000358582
-115 0 0 0.00705217989161611 0.171856999397278
-116 0 0 0.00705624977126718 0.173013001680374
-117 0 0 0.00705971010029316 0.174163997173309
-118 0 0 0.0070625701919198 0.175312995910645
-119 0 0 0.00706485006958246 0.17645800113678
-120 0 0 0.00706655997782946 0.177600994706154
-121 0 0 0.00706771016120911 0.178739994764328
-122 0 0 0.00706834020093083 0.179875999689102
123 4 2 0.00706845987588167 0.180663004517555
124 0 0 0.00706820981577039 0.181794002652168
125 0 0 0.00706689991056919 0.183485001325607
126 0 0 0.00706453016027808 0.185168996453285
127 0 0 0.00706114992499352 0.186847001314163
128 0 0 0.00705678993836045 0.18851900100708
129 0 0 0.00705150980502367 0.190184995532036
130 0 0 0.0070453598164022 0.191844999790192
131 0 0 0.00703836977481842 0.193498998880386
132 0 0 0.00703060021623969 0.19514699280262
133 0 0 0.00702208979055285 0.196789994835854
134 0 0 0.00701287016272545 0.198428004980087
135 0 0 0.00700300000607967 0.200060993432999
136 0 0 0.00699251005426049 0.201688006520271
137 0 0 0.00698143988847733 0.203310996294022
138 0 0 0.00696983002126217 0.204928994178772
139 0 0 0.00695772003382444 0.206542000174522
140 0 0 0.00694514997303486 0.208150997757912
141 0 0 0.00692549021914601 0.210556000471115
142 0 0 0.00690498994663358 0.212952002882957
143 0 0 0.0068837502039969 0.215339004993439
144 0 0 0.00686189020052552 0.217717006802559
145 0 0 0.0068394998088479 0.220087006688118
146 0 0 0.00681668985635042 0.222449004650116
147 0 0 0.00679355021566153 0.224803999066353
148 0 0 0.00677018007263541 0.22715200483799
149 0 0 0.00674665020778775 0.229493007063866
150 5 4 0.00672305002808571 0.23182700574398
151 0 0 0.00669946987181902 0.234155997633934
152 0 0 0.00667596003040671 0.236478000879288
153 0 0 0.00665262015536427 0.23879599571228
154 0 0 0.00662948982790112 0.241108000278473
155 0 0 0.00659536989405751 0.244567006826401
156 0 0 0.0065620900131762 0.248015999794006
157 0 0 0.0065298299305141 0.251457005739212
158 0 0 0.0064987801015377 0.254889011383057
159 0 0 0.00646908022463322 0.25831401348114
160 0 0 0.00644086999818683 0.261732995510101
161 0 0 0.00641427980735898 0.265145987272263
162 0 0 0.00638940976932645 0.268554002046585
163 0 0 0.00636638002470136 0.271959006786346
164 0 0 0.00634527998045087 0.275359988212585
165 0 0 0.00632617017254233 0.278757989406586
166 0 0 0.00630141980946064 0.283852994441986
167 0 0 0.00628151977434754 0.288946002721786
168 0 0 0.00626662978902459 0.294039994478226
169 0 0 0.00625686999410391 0.299136012792587
170 0 0 0.00625232001766562 0.304235994815826
-171 6 2 0.00625196984037757 0.306097000837326
-172 0 0 0.0062546101398766 0.311208009719849
-173 0 0 0.00626851012930274 0.318892002105713
-174 0 0 0.00629427004605532 0.326604008674622
-175 0 0 0.00633177999407053 0.334349006414413
-176 0 0 0.00638082018122077 0.342135012149811
-177 0 0 0.00644112983718514 0.349967986345291
-178 0 0 0.00651238020509481 0.357852011919022
-179 0 0 0.00659422017633915 0.365794986486435
-180 0 0 0.00668625021353364 0.373802006244659
-181 0 0 0.00678804982453585 0.381879985332489
-182 0 0 0.00689919013530016 0.39003399014473
-183 0 0 0.00701921992003918 0.398270010948181
-184 0 0 0.00714768003672361 0.40659499168396
-185 0 0 0.00728410016745329 0.415015012025833
-186 0 0 0.00742800021544099 0.423534989356995
-187 0 0 0.0075789000838995 0.432164013385773
-188 0 0 0.00773630989715457 0.440907001495361
-189 0 0 0.00789973977953196 0.449770987033844
-190 0 0 0.00806869007647038 0.458763003349304
-191 0 0 0.00824264995753765 0.467891991138458
-192 0 0 0.00842112023383379 0.47716298699379
-193 0 0 0.00860355980694294 0.48658499121666
-194 0 0 0.00878944993019104 0.496165007352829
-195 0 0 0.00897824019193649 0.505913019180298
-196 0 0 0.00916936993598938 0.515837013721466
-197 0 0 0.00936224963515997 0.525945007801056
-198 0 0 0.00955628976225853 0.53624701499939
-199 0 0 0.00975088030099869 0.546752989292145
-200 7 4 0.00994536001235247 0.557473003864288
-201 0 0 0.010139100253582 0.568415999412537
-202 0 0 0.0103313000872731 0.579594016075134
-203 0 0 0.010521300137043 0.591017007827759
-204 0 0 0.0107084000483155 0.602698028087616
-205 0 0 0.0108917001634836 0.6146479845047
-206 0 0 0.0110703995451331 0.626879990100861
-207 0 0 0.0112437000498176 0.639406025409698
-208 0 0 0.0114105995744467 0.65223902463913
-209 0 0 0.0115700997412205 0.665391981601715
-210 0 0 0.0117213996127248 0.678879976272583
-211 0 0 0.0118634002283216 0.692716002464294
-212 0 0 0.0119951004162431 0.706912994384766
-213 0 0 0.0121154002845287 0.721486985683441
-214 0 0 0.0122232995927334 0.736450016498566
-215 0 0 0.0123177003115416 0.751818001270294
-216 0 0 0.0123976999893785 0.767602980136871
-217 0 0 0.0124621000140905 0.783819019794464
-218 0 0 0.0125101003795862 0.800478994846344
-219 0 0 0.0125406999140978 0.817593991756439
-220 0 0 0.0125532001256943 0.835174977779388
221 8 2 0.0125535000115633 0.83823698759079
222 0 0 0.0125438999384642 0.856377005577087
223 0 0 0.0125150997191668 0.875002980232239
224 0 0 0.0124666001647711 0.894123017787933
225 0 0 0.0123984003439546 0.91373997926712
226 0 0 0.0123106995597482 0.933857977390289
227 0 0 0.0122039997950196 0.954478979110718
228 0 0 0.0120788002386689 0.975601017475128
229 0 0 0.0119363004341722 0.997223019599915
230 0 0 0.01177760027349 1.01934003829956
231 0 0 0.0116045996546745 1.04193997383118
232 0 0 0.0114187998697162 1.06501996517181
233 0 0 0.0112226996570826 1.08856999874115
234 0 0 0.0110183004289865 1.11257994174957
235 0 0 0.0108083998784423 1.13703000545502
236 0 0 0.0105956997722387 1.16191005706787
237 0 0 0.0103828003630042 1.18720996379852
238 0 0 0.0101728001609445 1.2129100561142
239 0 0 0.00996841955929995 1.2389999628067
240 0 0 0.00977259036153555 1.26546001434326
241 0 0 0.00958808045834303 1.29227995872498
242 0 0 0.00941755995154381 1.31944000720978
243 0 0 0.00926357973366976 1.34694004058838
244 0 0 0.00912849977612495 1.37475001811981
245 0 0 0.00901453010737896 1.40287005901337
246 0 0 0.00892366003245115 1.43129003047943
247 0 0 0.00885768979787827 1.45999002456665
248 0 0 0.00881821010261774 1.48897004127502
-249 9 2 0.00880646985024214 1.51546001434326
-250 10 4 0.00882111955434084 1.54493999481201
-251 0 0 0.00886570010334253 1.57467997074127
-252 0 0 0.00894103012979031 1.60466003417969
-253 0 0 0.00904772989451885 1.63487994670868
-254 0 0 0.00918626971542835 1.66533005237579
-255 0 0 0.00935694016516209 1.69600999355316
-256 0 0 0.00955992005765438 1.72690999507904
-257 0 0 0.00979522988200188 1.75803005695343
-258 0 0 0.0100627997890115 1.78936994075775
-259 0 0 0.0103623997420073 1.82090997695923
-260 0 0 0.0106937997043133 1.8526599407196
-261 0 0 0.0110566997900605 1.88461005687714
-262 0 0 0.0114505002275109 1.91675996780396
-263 0 0 0.0118747996166348 1.94910001754761
-264 0 0 0.0123290000483394 1.98163998126984
-265 0 0 0.0128125995397568 2.01435995101929
-266 0 0 0.0133248995989561 2.04726004600525
-267 0 0 0.0138651998713613 2.08033990859985
-268 0 0 0.0144328996539116 2.11359000205994
-269 0 0 0.0150271998718381 2.14702010154724
-270 0 0 0.0156474001705647 2.18061995506287
-271 0 0 0.0162927005439997 2.21438002586365
-272 0 0 0.0169626008719206 2.24830007553101
-273 0 0 0.0176561009138823 2.28238010406494
-274 0 0 0.0183725003153086 2.31661009788513
-275 0 0 0.0191111993044615 2.3510000705719
-276 0 0 0.0198713000863791 2.38551998138428
-277 0 0 0.0206521991640329 2.42019009590149
-278 0 0 0.0214530993252993 2.45499992370605
-279 0 0 0.0222733002156019 2.48993992805481
-280 0 0 0.0231122002005577 2.5250198841095
-281 0 0 0.0239690002053976 2.56020998954773
-282 0 0 0.0248431991785765 2.59554004669189
-283 0 0 0.0257339999079704 2.63098001480103
-284 0 0 0.0266408007591963 2.66652989387512
-285 0 0 0.0275630000978708 2.70219993591309
-286 0 0 0.0285001005977392 2.73797011375427
-287 0 0 0.0294512994587421 2.77384996414185
-288 0 0 0.0304161999374628 2.80982995033264
-289 0 0 0.0313942991197109 2.84591007232666
-290 0 0 0.0323848985135555 2.882080078125
-291 0 0 0.0333876982331276 2.91833996772766
-292 0 0 0.0344020016491413 2.95468997955322
-293 0 0 0.0354273989796638 2.99112010002136
-294 0 0 0.0364634990692139 3.02764010429382
-295 0 0 0.0375098995864391 3.06422996520996
-296 0 0 0.0385660007596016 3.10088992118835
-297 0 0 0.0396315008401871 3.13762998580933
-298 0 0 0.0407059006392956 3.17443990707397
-299 0 0 0.041788998991251 3.21130990982056
-300 11 4 0.0428804010152817 3.24825000762939
-301 0 0 0.043979600071907 3.28523993492126
-302 0 0 0.0450863987207413 3.32229995727539
-303 0 0 0.0462004989385605 3.35941004753113
-304 0 0 0.0473214015364647 3.39657998085022
-305 0 0 0.0484489984810352 3.4337899684906
-306 0 0 0.0495829991996288 3.47106003761292
-307 12 9 0.0507230013608932 3.50836992263794
