-277 14 9 -0.0502769015729427 -0.387941986322403
-276 0 0 -0.0495167002081871 -0.381835013628006
-275 0 0 -0.0487581007182598 -0.375770002603531
-274 0 0 -0.0480006001889706 -0.3697449862957
-273 0 0 -0.0472434014081955 -0.363757014274597
-272 0 0 -0.0464858002960682 -0.357802987098694
-271 0 0 -0.0457272008061409 -0.351880997419357
-270 0 0 -0.0449667982757092 -0.345988005399704
-269 0 0 -0.0442040003836155 -0.340122014284134
-268 0 0 -0.0434378981590271 -0.334280997514725
-267 0 0 -0.0426678992807865 -0.328460991382599
-266 0 0 -0.0418931990861893 -0.322659999132156
-265 0 0 -0.0411130003631115 -0.316875994205475
-264 0 0 -0.040326401591301 -0.311105996370316
-263 0 0 -0.0395327992737293 -0.305346012115479
-262 0 0 -0.0387312993407249 -0.29959499835968
-261 0 0 -0.0379208996891975 -0.293848007917404
-260 0 0 -0.0371010005474091 -0.288103997707367
-259 0 0 -0.0362707003951073 -0.282359004020691
-258 0 0 -0.0357110016047955 -0.27852600812912
-257 0 0 -0.0351460017263889 -0.274690985679626
-256 0 0 -0.0345756001770496 -0.270850986242294
-255 0 0 -0.0339993983507156 -0.267006993293762
-254 0 0 -0.0334172993898392 -0.263155996799469
-253 0 0 -0.0328290015459061 -0.259297996759415
-252 0 0 -0.032234400510788 -0.25543200969696
-251 0 0 -0.031633198261261 -0.251556009054184
-250 13 4 -0.0310251992195845 -0.247667998075485
-249 0 0 -0.03041029907763 -0.243768006563187
-248 0 0 -0.0297881998121738 -0.239855006337166
-247 0 0 -0.0293696001172066 -0.237237006425858
-246 0 0 -0.0289475992321968 -0.234612002968788
-245 0 0 -0.0285224001854658 -0.231979995965958
-244 0 0 -0.0280939005315304 -0.229339003562927
-243 0 0 -0.0276621002703905 -0.226688995957375
-242 0 0 -0.0272269994020462 -0.224030002951622
-241 0 0 -0.0267884992063046 -0.221360996365547
-240 0 0 -0.0263468008488417 -0.218682006001472
-239 0 0 -0.0259016994386911 -0.215991005301476
-238 0 0 -0.0254532992839813 -0.213288992643356
-237 0 0 -0.0250016991049051 -0.210574999451637
-236 0 0 -0.0246987994760275 -0.208758994936943
-235 0 0 -0.0243944991379976 -0.206936001777649
-234 0 0 -0.0240887999534607 -0.205107003450394
-233 0 0 -0.0237817000597715 -0.203271999955177
-232 0 0 -0.0234733000397682 -0.2014299929142
-231 0 0 -0.0231635998934507 -0.199581995606422
-230 0 0 -0.0228525009006262 -0.197725996375084
-229 0 0 -0.0225400999188423 -0.195862993597984
-228 0 0 -0.0222265999764204 -0.193993002176285
-227 0 0 -0.0219117999076843 -0.192113995552063
-226 0 0 -0.0215958002954721 -0.190228000283241
-225 0 0 -0.0212786998599768 -0.188333004713058
-224 0 0 -0.0209603998810053 -0.186430007219315
-223 0 0 -0.0206412002444267 -0.184516996145248
-222 0 0 -0.020320899784565 -0.182595998048782
-221 0 0 -0.0199996996670961 -0.180665001273155
-220 0 0 -0.0196775998920202 -0.178724005818367
-219 0 0 -0.0193546991795301 -0.176772996783257
-218 0 0 -0.019030999392271 -0.174812003970146
-217 0 0 -0.0187065992504358 -0.172839999198914
-216 0 0 -0.0183815993368626 -0.17085699737072
-215 0 0 -0.0180559996515512 -0.168862000107765
-214 0 0 -0.0177299007773399 -0.166856005787849
-213 0 0 -0.0174033995717764 -0.164837002754211
-212 0 0 -0.017076600342989 -0.162806004285812
-211 0 0 -0.0167494993656874 -0.160761997103691
-210 0 0 -0.0164222996681929 -0.158704996109009
-209 0 0 -0.0160950999706984 -0.156635001301765
-208 0 0 -0.0157680008560419 -0.1545500010252
-207 0 0 -0.0154410004615784 -0.152450993657112
-206 0 0 -0.0151142999529839 -0.150337994098663
-205 0 0 -0.0147879999130964 -0.148210003972054
-204 0 0 -0.0144621999934316 -0.14606599509716
-203 0 0 -0.0141371004283428 -0.143907994031906
-202 0 0 -0.0138127999380231 -0.141733005642891
-201 0 0 -0.0134894996881485 -0.139542996883392
-200 12 4 -0.013167199678719 -0.137336999177933
-199 0 0 -0.0128463003784418 -0.135115996003151
-198 0 0 -0.0125267002731562 -0.132878005504608
-197 0 0 -0.0122089004144073 -0.130624994635582
-196 0 0 -0.011892800219357 -0.128356993198395
-195 0 0 -0.011578899808228 -0.126074001193047
-194 0 0 -0.0112672001123428 -0.123777002096176
-193 0 0 -0.0109580997377634 -0.121467001736164
-192 0 0 -0.0106517998501658 -0.11914499849081
-191 0 0 -0.0103486003354192 -0.116812996566296
-190 0 0 -0.0100488001480699 -0.1144730001688
-189 0 0 -0.00975286960601807 -0.112126000225544
-188 0 0 -0.00946102011948824 -0.109774999320507
-187 0 0 -0.00917365960776806 -0.10742399841547
-186 0 0 -0.00889118015766144 -0.105075001716614
-185 0 0 -0.00861398037523031 -0.102733001112938
-184 0 0 -0.00834244955331087 -0.100400999188423
-183 0 0 -0.00807699002325535 -0.0980843007564545
-182 0 0 -0.00781797990202904 -0.0957864001393318
-181 0 0 -0.00756574980914593 -0.0935124978423119
-180 0 0 -0.00732060987502337 -0.0912669003009796
-179 0 0 -0.00708283018320799 -0.0890541970729828
-178 0 0 -0.00685259979218245 -0.0868782997131348
-177 0 0 -0.00663005979731679 -0.0847427994012833
-176 0 0 -0.00641528982669115 -0.0826511010527611
-175 0 0 -0.00620828988030553 -0.0806055963039398
-174 0 0 -0.00600899988785386 -0.0786082968115807
-173 0 0 -0.00581730995327234 -0.0766607001423836
-172 0 0 -0.00563305988907814 -0.0747634992003441
-171 0 0 -0.00545602990314364 -0.0729169994592667
-170 0 0 -0.00528600020334125 -0.0711210966110229
-169 0 0 -0.0051226899959147 -0.0693750008940697
-168 0 0 -0.00496581988409162 -0.0676779001951218
-167 0 0 -0.00481510022655129 -0.0660284981131554
-166 0 0 -0.00467023998498917 -0.0644254013895988
-165 0 0 -0.00453092996031046 -0.0628670006990433
-164 0 0 -0.00439688982442021 -0.0613515004515648
-163 0 0 -0.00426782015711069 -0.059877198189497
-162 0 0 -0.00414346996694803 -0.0584422014653683
-161 0 0 -0.00402355007827282 -0.0570445992052555
-160 0 0 -0.00390782998874784 -0.0556827001273632
-159 0 0 -0.00379606010392308 -0.0543545000255108
-158 0 0 -0.00368800992146134 -0.0530584007501602
-157 0 0 -0.0035834601148963 -0.051792599260807
-156 0 0 -0.00348223000764847 -0.0505554005503654
-155 0 0 -0.00338410004042089 -0.0493450984358788
-154 0 0 -0.00328892003744841 -0.0481602996587753
-153 0 0 -0.00319648999720812 -0.0469993017613888
-152 0 0 -0.00310666998848319 -0.0458607003092766
-151 0 0 -0.00301930005662143 -0.0447430014610291
-150 11 4 -0.00293424003757536 -0.0436449013650417
-149 0 0 -0.00285136001184583 -0.0425650998950005
-148 0 0 -0.00277053005993366 -0.0415020994842052
-147 0 0 -0.00269163004122674 -0.0404549017548561
-146 0 0 -0.00261453003622591 -0.0394220985472202
-145 0 0 -0.00253914995118976 -0.0384025014936924
-144 0 0 -0.00246535008773208 -0.0373950004577637
-143 0 0 -0.00239305989816785 -0.0363982990384102
-142 0 0 -0.00232216995209455 -0.0354112014174461
-141 0 0 -0.00225257989950478 -0.0344327017664909
-140 0 0 -0.00218420010060072 -0.0334614999592304
-139 0 0 -0.00211694999597967 -0.0324962995946407
-138 0 0 -0.00205072993412614 -0.0315360017120838
-137 0 0 -0.00198546005412936 -0.0305793005973101
-136 0 0 -0.00192104000598192 -0.0296247992664576
-135 0 0 -0.00185738003347069 -0.0286711994558573
-134 0 0 -0.00179440004285425 -0.0277168992906809
-133 0 0 -0.00173199002165347 -0.0267603993415833
-132 0 0 -0.00167004996910691 -0.0257997997105122
-131 0 0 -0.00160846998915076 -0.0248332004994154
-130 0 0 -0.00154713995289057 -0.0238585993647575
-129 0 0 -0.00148593005724251 -0.0228733997792006
-128 0 0 -0.00142467999830842 -0.02187480032444
-127 0 0 -0.00136323005426675 -0.0208595003932714
-126 0 0 -0.00130139000248164 -0.0198237001895905
-125 0 0 -0.00125982996542007 -0.0191194005310535
-124 0 0 -0.00121790997218341 -0.0184022001922131
-123 0 0 -0.00117554003372788 -0.0176701005548239
-122 0 0 -0.00113260000944138 -0.0169208999723196
-121 0 0 -0.00108895997982472 -0.016151700168848
-120 0 0 -0.00105941004585475 -0.0156261008232832
-119 0 0 -0.00102941005025059 -0.0150891002267599
-118 0 0 -0.00099891098216176 -0.0145391002297401
-117 0 0 -0.000967830012086779 -0.0139745995402336
-116 0 0 -0.000936075986828655 -0.0133935995399952
-115 0 0 -0.000903536973055452 -0.0127937002107501
-114 0 0 -0.000881341984495521 -0.0123819997534156
-113 0 0 -0.000858690997119993 -0.0119596002623439
-112 0 0 -0.000835524988360703 -0.0115253999829292
-111 0 0 -0.000811778998468071 -0.0110779004171491
-110 0 0 -0.000787372002378106 -0.0106154996901751
-109 0 0 -0.000770686019677669 -0.0102979997172952
-108 0 0 -0.000753630010876805 -0.00997226964682341
-107 0 0 -0.000736163987312466 -0.0096374498680234
-106 0 0 -0.000718242023140192 -0.0092926099896431
-105 0 0 -0.000699809985235333 -0.00893659982830286
-104 0 0 -0.000680801982525736 -0.00856805965304375
-103 0 0 -0.000667772023007274 -0.00831461977213621
-102 0 0 -0.00065442401682958 -0.00805431045591831
-101 0 0 -0.000640726007986814 -0.00778646999970078
-100 10 4 -0.000626639986876398 -0.00751033006235957
-99 0 0 -0.00061212299624458 -0.00722495978698134
-98 0 0 -0.000597123987972736 -0.00692929979413748
-97 0 0 -0.000586825015489012 -0.00672583002597094
-96 0 0 -0.000576261023525149 -0.00651674997061491
-95 0 0 -0.000565407972317189 -0.00630153017118573
-94 0 0 -0.000554236001335084 -0.00607956014573574
-93 0 0 -0.000542709021829069 -0.00585011998191476
-92 0 0 -0.000530789024196565 -0.0056123798713088
-91 0 0 -0.000522598973475397 -0.00544876977801323
-90 0 0 -0.000514194020070136 -0.0052806599996984
-89 0 0 -0.000505556992720813 -0.00510765984654427
-88 0 0 -0.000496662978548557 -0.00492929015308619
-87 0 0 -0.000487487995997071 -0.00474500982090831
-86 0 0 -0.000477999012218788 -0.00455419020727277
-85 0 0 -0.000471481995191425 -0.00442297011613846
-84 0 0 -0.000464796990854666 -0.00428825011476874
-83 0 0 -0.00045793000026606 -0.00414972985163331
-82 0 0 -0.000450863997684792 -0.00400706008076668
-81 0 0 -0.000443581986473873 -0.00385987991467118
-80 0 0 -0.000436060014180839 -0.00370769994333386
-79 0 0 -0.000428272993303835 -0.00355002004653215
-78 0 0 -0.000420191005105153 -0.003386199939996
-77 0 0 -0.000411777989938855 -0.00321549992077053
-76 0 0 -0.000402990990551189 -0.00303700007498264
-75 0 0 -0.00039377500070259 -0.00284961005672812
-74 0 0 -0.000384064012905583 -0.00265195011161268
-73 0 0 -0.000373774004401639 -0.00244228006340563
-72 0 0 -0.00036279798951 -0.00221838010475039
-71 0 0 -0.000350996007909998 -0.00197735009714961
-70 0 0 -0.00033818298834376 -0.00171535997651517
-69 0 0 -0.000324115011608228 -0.00142734998371452
-68 0 0 -0.000290858006337658 -0.000745224999263883
-67 0 0 -0.000207638993742876 0.000968042993918061
-66 0 0 -0.000151371001265943 0.00212957011535764
-65 0 0 6.03492990194354E-05 0.00649402011185884
-64 0 0 0.000289326009806246 0.0111413998529315
-63 0 0 0.000614328018855304 0.0175046008080244
-62 0 0 0.000892972981091589 0.0227208007127047
-61 0 0 0.00116136996075511 0.027565399184823
-60 0 0 0.00143327994737774 0.0323392003774643
-59 0 0 0.00171693996526301 0.0372272990643978
-58 0 0 0.0020187699701637 0.042381901293993
-57 0 0 0.0023445300757885 0.0479567013680935
-56 0 0 0.00269951997324824 0.0541253015398979
-55 0 0 0.00308764004148543 0.0610922984778881
-54 0 0 0.00350863998755813 0.0690857023000717
-53 0 0 0.00395194021984935 0.0783002004027367
-52 0 0 0.00438854983076453 0.0887556001543999
-51 0 0 0.004771470092237 0.100149996578693
-50 9 4 0.00505595980212092 0.111947998404503
-49 0 0 0.00522171007469296 0.123680002987385
48 8 2 0.00527335004881024 0.135097995400429
47 0 0 0.00525884982198477 0.141323000192642
46 0 0 0.00516984984278679 0.152125999331474
45 0 0 0.00501854019239545 0.162559002637863
44 0 0 0.00482486980035901 0.172664999961853
43 0 0 0.0046060299500823 0.182488992810249
42 0 0 0.00437620002776384 0.192072004079819
41 0 0 0.00414671003818512 0.201450005173683
40 0 0 0.00392634002491832 0.210654005408287
39 0 0 0.00372166000306606 0.219714000821114
38 0 0 0.00353737990371883 0.228652998805046
37 0 0 0.00337667996063828 0.237491995096207
36 0 0 0.00324152992106974 0.246250003576279
35 0 0 0.00313296006061137 0.254943996667862
34 0 0 0.00305123999714851 0.263590008020401
33 0 0 0.00299613992683589 0.272201985120773
32 0 0 0.00296698999591172 0.280791997909546
31 7 2 0.00296152988448739 0.286511987447739
-30 0 0 0.00296281999908388 0.289305001497269
-29 0 0 0.00297330995090306 0.295024991035461
-28 0 0 0.00299409008584917 0.300747990608215
-27 0 0 0.00302476994693279 0.306479007005692
-26 0 0 0.00306497002020478 0.312218993902206
-25 0 0 0.00311430008150637 0.317972004413605
-24 0 0 0.00317237991839647 0.323740988969803
-23 0 0 0.00323883001692593 0.329526990652084
-22 0 0 0.00331325992010534 0.335334986448288
-21 0 0 0.00339530990459025 0.341165989637375
-20 0 0 0.0034846100024879 0.347023010253906
-19 0 0 0.00358081003651023 0.352908998727798
-18 0 0 0.00368357007391751 0.358826994895935
-17 0 0 0.00379254994913936 0.364778995513916
-16 0 0 0.00390744023025036 0.370766997337341
-15 0 0 0.00402793008834124 0.376794993877411
-14 0 0 0.00415370985865593 0.382865011692047
-13 0 0 0.00428450014442205 0.388978987932205
-12 0 0 0.00442000990733504 0.395141005516052
-11 0 0 0.00455996999517083 0.401353001594543
-10 0 0 0.00470412988215685 0.40761798620224
-9 0 0 0.00480243004858494 0.411825001239777
-8 0 0 0.00486889993771911 0.414644002914429
-7 0 0 0.00491362018510699 0.416530013084412
-6 0 0 0.00494361016899347 0.417789995670319
-5 0 0 0.00496368017047644 0.418630987405777
-4 0 0 0.00497708981856704 0.419192999601364
-3 0 0 0.00498603982850909 0.419566988945007
-2 0 0 0.0049920198507607 0.419817000627518
1 0 0 0.00499999988824129 0.420150011777878
1 0 0 0.00499999988824129 0.420150011777878
-2 0 0 0.0050079901702702 0.420484006404877
-3 0 0 0.00501399021595716 0.420733988285065
-4 0 0 0.00502299005165696 0.421108990907669
-5 0 0 0.00503651984035969 0.421672999858856
-6 0 0 0.00505685992538929 0.422518998384476
-7 0 0 0.00508749019354582 0.423790991306305
-8 0 0 0.00513366982340813 0.42570298910141
-9 0 0 0.00520347012206912 0.42858099937439
-10 0 0 0.00530932005494833 0.432922005653381
-11 0 0 0.00547057995572686 0.439491003751755
-12 0 0 0.00563459005206823 0.446130007505417
-13 0 0 0.00580113986507058 0.452843010425568
-14 0 0 0.00596999982371926 0.459632992744446
-15 0 0 0.0061409599147737 0.466502994298935
-16 0 0 0.00631379010155797 0.473457008600235
-17 0 0 0.0064882799051702 0.480497986078262
-18 0 0 0.00666420022025704 0.487630993127823
-19 0 0 0.00684132985770702 0.494857996702194
-20 0 0 0.00701944995671511 0.502184987068176
-21 0 0 0.00719833979383111 0.509613990783691
-22 0 0 0.00737774977460504 0.51715099811554
-23 0 0 0.00755746010690928 0.524800002574921
-24 0 0 0.00773721979930997 0.532564997673035
-25 0 0 0.00791679043322802 0.540450990200043
-26 0 0 0.00809589959681034 0.548462986946106
-27 0 0 0.00827428977936506 0.556605994701385
-28 0 0 0.00845168996602297 0.564885973930359
-29 0 0 0.00862780958414078 0.573306977748871
-30 0 0 0.00880235992372036 0.58187597990036
-31 0 0 0.00897501967847347 0.590599000453949
-32 0 0 0.00914547964930534 0.599481999874115
-33 0 0 0.00931339990347624 0.60853099822998
-34 0 0 0.00947842001914978 0.617753028869629
-35 0 0 0.00964018981903791 0.627155005931854
-36 0 0 0.00979832001030445 0.636744976043701
-37 0 0 0.00995242036879063 0.646529018878937
-38 0 0 0.0101020997390151 0.656517028808594
-39 0 0 0.0102468002587557 0.666715979576111
-40 0 0 0.0103861996904016 0.677133977413177
-41 0 0 0.0105197997763753 0.687780976295471
-42 0 0 0.0106472000479698 0.698665022850037
-43 0 0 0.010767700150609 0.709797024726868
-44 0 0 0.0108808996155858 0.721185028553009
-45 0 0 0.0109863001853228 0.732841014862061
-46 0 0 0.0110833002254367 0.744773983955383
-47 0 0 0.011171399615705 0.756995022296906
-48 0 0 0.0112500004470348 0.769515991210938
-49 0 0 0.0113185001537204 0.782347023487091
-50 2 4 0.0113765001296997 0.795499980449677
-51 0 0 0.0114233000203967 0.808987021446228
-52 0 0 0.0114585002884269 0.822820007801056
-53 0 0 0.0114815002307296 0.837010979652405
-54 0 0 0.0114917997270823 0.851571023464203
55 3 2 0.0114924004301429 0.856009006500244
56 0 0 0.0114858001470566 0.871066987514496
57 0 0 0.0114657003432512 0.886521995067596
58 0 0 0.0114318002015352 0.902384996414185
59 0 0 0.0113839004188776 0.918667018413544
60 0 0 0.0113220997154713 0.935379028320313
61 0 0 0.0112463003024459 0.952530026435852
62 0 0 0.0111566996201873 0.970130980014801
63 0 0 0.0110536003485322 0.988188028335571
64 0 0 0.0109374998137355 1.00671005249023
65 0 0 0.0108091002330184 1.02569997310638
66 0 0 0.0106691997498274 1.04516994953156
67 0 0 0.0105186998844147 1.06511998176575
68 0 0 0.0103590004146099 1.08554995059967
69 0 0 0.0101913996040821 1.10645997524261
70 0 0 0.0100175002589822 1.12785005569458
71 0 0 0.00983896013349295 1.14971995353699
72 0 0 0.00965773966163397 1.17207002639771
73 0 0 0.00947585981339216 1.19489002227783
74 0 0 0.0092954495921731 1.21817004680634
75 0 0 0.00911873020231724 1.24190998077393
76 0 0 0.00894796010106802 1.26610004901886
77 0 0 0.00878546014428139 1.29071998596191
78 0 0 0.00863351020962 1.31578004360199
79 0 0 0.00849436037242413 1.34124994277954
80 0 0 0.00837021972984076 1.36713004112244
81 0 0 0.00826316978782415 1.39339995384216
82 0 0 0.00817522965371609 1.42006003856659
83 0 0 0.008108239620924 1.44709002971649
84 0 0 0.00806393008679152 1.47448003292084
85 0 0 0.00804386008530855 1.50221002101898
-86 4 2 0.008042779751122 1.51030004024506
-87 0 0 0.00805599987506866 1.53847002983093
-88 0 0 0.00809640996158123 1.56696999073029
-89 0 0 0.0081650298088789 1.59578001499176
-90 0 0 0.00826271995902061 1.62489998340607
-91 0 0 0.00839016027748585 1.65430998802185
-92 0 0 0.00854787975549698 1.68401002883911
-93 0 0 0.00873627979308367 1.71398997306824
-94 0 0 0.00895560998469591 1.74424004554749
-95 0 0 0.00920599978417158 1.77476000785828
-96 0 0 0.00948746036738157 1.80552995204926
-97 0 0 0.00979987997561693 1.83654999732971
-98 0 0 0.01014310028404 1.86781001091003
-99 0 0 0.0105167999863625 1.89930999279022
-100 5 4 0.0109206000342965 1.93104004859924
-101 0 0 0.0113541996106505 1.96299004554749
-102 0 0 0.0118169998750091 1.99515998363495
-103 0 0 0.0123084997758269 2.02754998207092
-104 0 0 0.0128280995413661 2.06013989448547
-105 0 0 0.0133752999827266 2.09293007850647
-106 0 0 0.0139493001624942 2.12592005729675
-107 0 0 0.0145495999604464 2.1591100692749
-108 0 0 0.015175299718976 2.19247007369995
-109 0 0 0.0158258993178606 2.22602009773254
-110 0 0 0.0165005996823311 2.25974988937378
-111 0 0 0.0171987004578114 2.29364991188049
-112 0 0 0.0179194994270802 2.32770991325378
-113 0 0 0.0186622999608517 2.36193990707397
-114 0 0 0.0194262992590666 2.396320104599
-115 0 0 0.020210899412632 2.43086004257202
-116 0 0 0.0210152994841337 2.46553993225098
-117 0 0 0.0218388997018337 2.50037002563477
-118 0 0 0.0226808991283178 2.53533005714417
-119 0 0 0.0235408004373312 2.5704300403595
-120 0 0 0.0244178995490074 2.60566997528076
-121 0 0 0.0253113992512226 2.64102005958557
-122 0 0 0.0262208990752697 2.67650008201599
-123 0 0 0.0271457005292177 2.71209001541138
-124 0 0 0.0280852001160383 2.74780011177063
-125 0 0 0.0290387999266386 2.78362011909485
-126 0 0 0.0300060007721186 2.81954002380371
-127 0 0 0.0309861991554499 2.8555600643158
-128 0 0 0.0319789983332157 2.89169001579285
-129 0 0 0.0329837985336781 2.92790007591248
-130 0 0 0.034000001847744 2.96421003341675
-131 0 0 0.0350273996591568 3.0006000995636
-132 0 0 0.036065299063921 3.03707003593445
-133 0 0 0.0371133014559746 3.0736300945282
-134 0 0 0.0381711013615131 3.11026000976563
-135 0 0 0.0392383001744747 3.14697003364563
-136 0 0 0.0403143018484116 3.18374991416931
-137 0 0 0.0413989014923573 3.22059988975525
-138 0 0 0.0424918010830879 3.25750994682312
-139 0 0 0.0435924008488655 3.29448008537292
-140 0 0 0.044700600206852 3.33152008056641
-141 0 0 0.0458158999681473 3.36860990524292
-142 0 0 0.0469381995499134 3.40576004981995
-143 0 0 0.0480669997632504 3.44296002388
-144 0 0 0.0492022000253201 3.48021006584167
-145 6 9 0.0503434017300606 3.51750993728638
