-275 16 9 -0.0505134016275406 -0.417742013931274
-274 0 0 -0.0499349012970924 -0.412826985120773
-273 0 0 -0.0493582002818584 -0.407943993806839
-272 0 0 -0.0487830005586147 -0.403091013431549
-271 0 0 -0.0482091009616852 -0.39826899766922
-270 0 0 -0.0476361997425556 -0.393474996089935
-269 0 0 -0.0470640994608402 -0.388707995414734
-268 0 0 -0.0464924983680248 -0.383967012166977
-267 0 0 -0.0459210984408855 -0.37925198674202
-266 0 0 -0.0453496985137463 -0.374561011791229
-265 0 0 -0.0447780005633831 -0.369892001152039
-264 0 0 -0.0442057996988297 -0.365245014429092
-263 0 0 -0.0436327010393143 -0.360617995262146
-262 0 0 -0.0430584996938705 -0.356011003255844
-261 0 0 -0.0424829013645649 -0.351422011852264
-260 0 0 -0.0419057011604309 -0.346850991249084
-259 0 0 -0.0413265004754066 -0.342294991016388
-258 0 0 -0.040745098143816 -0.337754011154175
-257 0 0 -0.0401611998677254 -0.333227008581161
-256 0 0 -0.0395746007561684 -0.328711986541748
-255 0 0 -0.0389848984777927 -0.324207991361618
-254 0 0 -0.038391899317503 -0.319714993238449
-253 0 0 -0.0377953983843327 -0.315230011940002
-252 0 0 -0.0371949002146721 -0.310752987861633
-251 0 0 -0.0365903005003929 -0.306282013654709
-250 15 4 -0.0359814018011093 -0.301815986633301
-249 0 0 -0.0353678017854691 -0.297354012727737
-248 0 0 -0.034749299287796 -0.292894005775452
-247 0 0 -0.0341256000101566 -0.288433998823166
-246 0 0 -0.0334965996444225 -0.283975005149841
-245 0 0 -0.0328618995845318 -0.279513001441956
-244 0 0 -0.0322214998304844 -0.275047987699509
-243 0 0 -0.0315750017762184 -0.270577013492584
-242 0 0 -0.0309223998337984 -0.266099989414215
-241 0 0 -0.0302635002881289 -0.261613011360168
-240 0 0 -0.0295981001108885 -0.257117003202438
-239 0 0 -0.0291508994996548 -0.254112988710403
-238 0 0 -0.0287008006125689 -0.25110200047493
-237 0 0 -0.0282476991415024 -0.248085007071495
-236 0 0 -0.0277916993945837 -0.245060995221138
-235 0 0 -0.0273327007889748 -0.242028996348381
-234 0 0 -0.0268706995993853 -0.238987997174263
-233 0 0 -0.0264058001339436 -0.235937997698784
-232 0 0 -0.0259380992501974 -0.232877999544144
-231 0 0 -0.025467399507761 -0.229807004332542
-230 0 0 -0.0249939002096653 -0.226724997162819
-229 0 0 -0.0245177000761032 -0.223630994558334
-228 0 0 -0.0241985991597176 -0.221560999751091
-227 0 0 -0.0238784998655319 -0.219484999775887
-226 0 0 -0.0235571004450321 -0.217401996254921
-225 0 0 -0.0232346002012491 -0.215313002467155
-224 0 0 -0.022911099717021 -0.213217005133629
-223 0 0 -0.0225863996893167 -0.211114004254341
-222 0 0 -0.0222606994211674 -0.209003999829292
-221 0 0 -0.0219340994954109 -0.206884995102882
-220 0 0 -0.0216064993292093 -0.204759001731873
-219 0 0 -0.0212779995054007 -0.20262399315834
-218 0 0 -0.0209486000239849 -0.200480997562408
-217 0 0 -0.020618399605155 -0.198328003287315
-216 0 0 -0.0202874001115561 -0.1961659938097
-215 0 0 -0.0199558008462191 -0.193994998931885
-214 0 0 -0.0196234993636608 -0.191813006997108
-213 0 0 -0.0192905999720097 -0.18962100148201
-212 0 0 -0.0189571995288134 -0.18741799890995
-211 0 0 -0.0186234004795551 -0.18520399928093
-210 0 0 -0.0182891990989447 -0.182978004217148
-209 0 0 -0.0179545991122723 -0.180739998817444
-208 0 0 -0.017619900405407 -0.178489997982979
-207 0 0 -0.0172850005328655 -0.176226004958153
-206 0 0 -0.0169501006603241 -0.173950001597404
-205 0 0 -0.0166151002049446 -0.171658992767334
-204 0 0 -0.0162803996354342 -0.169355005025864
-203 0 0 -0.0159457996487617 -0.16703599691391
-202 0 0 -0.0156116001307964 -0.164701998233795
-201 0 0 -0.0152776995673776 -0.162351995706558
-200 14 4 -0.0149445002898574 -0.15998700261116
-199 0 0 -0.0146118998527527 -0.15760500729084
-198 0 0 -0.0142799997702241 -0.155206993222237
-197 0 0 -0.0139490999281406 -0.152792006731033
-196 0 0 -0.0136192999780178 -0.150359004735947
-195 0 0 -0.0132905999198556 -0.147909998893738
-194 0 0 -0.0129631999880075 -0.145443007349968
-193 0 0 -0.0126374000683427 -0.142958000302315
-192 0 0 -0.012313200160861 -0.140456005930901
-191 0 0 -0.0119909001514316 -0.137936994433403
-190 0 0 -0.0116707002744079 -0.135400995612144
-189 0 0 -0.0113527998328209 -0.132848992943764
-188 0 0 -0.0110373999923468 -0.130281999707222
-187 0 0 -0.0107247997075319 -0.127700999379158
-186 0 0 -0.0104152001440525 -0.125108003616333
-185 0 0 -0.0101090995594859 -0.122504003345966
-184 0 0 -0.0098066097125411 -0.119892001152039
-183 0 0 -0.00950824003666639 -0.11727499961853
-182 0 0 -0.00921433977782726 -0.114656001329422
-181 0 0 -0.00892531033605337 -0.112038999795914
-180 0 0 -0.00864159036427736 -0.109429001808167
-179 0 0 -0.00836361013352871 -0.10683000087738
-178 0 0 -0.00809182040393353 -0.104248002171516
-177 0 0 -0.00782664027065039 -0.101687997579575
-176 0 0 -0.00756849022582173 -0.0991560965776443
-175 0 0 -0.00731771998107433 -0.0966582000255585
-174 0 0 -0.00707466993480921 -0.0941997021436691
-173 0 0 -0.00683957012370229 -0.091785803437233
-172 0 0 -0.00661261985078454 -0.0894211009144783
-171 0 0 -0.00639392016455531 -0.087109699845314
-170 0 0 -0.00618349015712738 -0.0848547965288162
-169 0 0 -0.00598128000274301 -0.0826587975025177
-168 0 0 -0.00578715978190303 -0.0805234014987946
-167 0 0 -0.00560095999389887 -0.0784493982791901
-166 0 0 -0.00542243989184499 -0.0764368996024132
-165 0 0 -0.00525134010240436 -0.0744855999946594
-164 0 0 -0.00508735002949834 -0.0725943967700005
-163 0 0 -0.00493015022948384 -0.0707617998123169
-162 0 0 -0.00477943010628223 -0.0689862966537476
-161 0 0 -0.00463483016937971 -0.0672658011317253
-160 0 0 -0.00449603982269764 -0.0655981004238129
-159 0 0 -0.00436272984370589 -0.0639809966087341
-158 0 0 -0.0042345798574388 -0.0624121986329556
-157 0 0 -0.00411130022257566 -0.0608892999589443
-156 0 0 -0.00399261014536023 -0.059410098940134
-155 0 0 -0.0038782199844718 -0.0579722002148628
-154 0 0 -0.00376787991262972 -0.0565733015537262
-153 0 0 -0.00366134010255337 -0.0552114993333817
-152 0 0 -0.00355839007534087 -0.0538844987750053
-151 0 0 -0.00345880002714694 -0.052590299397707
-150 13 4 -0.00336236995644867 -0.0513270981609821
-149 0 0 -0.00326891010627151 -0.0500928983092308
-148 0 0 -0.00317826005630195 -0.048886101692915
-147 0 0 -0.00309023004956543 -0.0477048009634018
-146 0 0 -0.00300468993373215 -0.0465475991368294
-145 0 0 -0.00292146997526288 -0.0454128012061119
-144 0 0 -0.00284044002182782 -0.0442989990115166
-143 0 0 -0.00276147993281484 -0.0432046018540859
-142 0 0 -0.00268446002155542 -0.042128399014473
-141 0 0 -0.00260925991460681 -0.0410690009593964
-140 0 0 -0.00253577996045351 -0.0400251001119614
-139 0 0 -0.00246391003020108 -0.0389954000711441
-138 0 0 -0.00239353999495506 -0.0379787012934685
-137 0 0 -0.00232458999380469 -0.03697369992733
-136 0 0 -0.00225696992129087 -0.035979300737381
-135 0 0 -0.00219057011418045 -0.034994300454855
-134 0 0 -0.00212532002478838 -0.0340172983705997
-133 0 0 -0.00206113001331687 -0.0330472998321056
-132 0 0 -0.0019979199860245 -0.0320830009877682
-131 0 0 -0.0019355999538675 -0.0311232004314661
-130 0 0 -0.00187408004421741 -0.0301664005964994
-129 0 0 -0.00181329995393753 -0.0292114000767469
-128 0 0 -0.00175314000807703 -0.0282566007226706
-127 0 0 -0.00169354001991451 -0.0273004993796349
-126 0 0 -0.00163438997697085 -0.026341499760747
-125 0 0 -0.00157558999489993 -0.0253778006881475
-124 0 0 -0.00151702994480729 -0.0244070999324322
-123 0 0 -0.00145860994234681 -0.0234274007380009
-122 0 0 -0.00140018004458398 -0.0224360004067421
-121 0 0 -0.00134158995933831 -0.0214297994971275
-120 0 0 -0.00128267996478826 -0.020405400544405
-119 0 0 -0.00122324004769325 -0.0193584002554417
-118 0 0 -0.00118320004548877 -0.0186452995985746
-117 0 0 -0.00114271999336779 -0.0179181005805731
-116 0 0 -0.00110171001870185 -0.0171745996922255
-115 0 0 -0.00106004998087883 -0.0164119992405176
-114 0 0 -0.00101758004166186 -0.0156273990869522
-113 0 0 -0.000988729996606708 -0.0150900995358825
-112 0 0 -0.000959382974542677 -0.0145399002358317
-111 0 0 -0.000929459987673908 -0.0139752002432942
-110 0 0 -0.000898870988748968 -0.0133940000087023
-109 0 0 -0.00086750800255686 -0.0127939004451036
-108 0 0 -0.000846104987431318 -0.0123821003362536
-107 0 0 -0.000824250979349017 -0.0119594996795058
-106 0 0 -0.000801893009338528 -0.0115251997485757
-105 0 0 -0.000778964022174478 -0.0110775995999575
-104 0 0 -0.000755387009121478 -0.0106151001527905
-103 0 0 -0.00073926302138716 -0.0102973999455571
-102 0 0 -0.000722775992471725 -0.00997157953679562
-101 0 0 -0.000705886981450021 -0.00963666010648012
-100 12 4 -0.000688551983330399 -0.00929171033203602
-99 0 0 -0.00067071698140353 -0.00893559027463198
-98 0 0 -0.000652319984510541 -0.00856695044785738
-97 0 0 -0.000639703997876495 -0.00831342954188585
-96 0 0 -0.000626777997240424 -0.00805305037647486
-95 0 0 -0.000613510026596487 -0.00778512982651591
-94 0 0 -0.00059986300766468 -0.00750890979543328
-93 0 0 -0.000585794972721487 -0.00722347013652325
-92 0 0 -0.000571254990063608 -0.00692773004993796
-91 0 0 -0.000561269989702851 -0.00672420999035239
-90 0 0 -0.000551027012988925 -0.0065150698646903
-89 0 0 -0.000540500972419977 -0.0062997997738421
-88 0 0 -0.000529662996996194 -0.00607777992263436
-87 0 0 -0.000518480024766177 -0.00584830017760396
-86 0 0 -0.000506912998389453 -0.00561049999669194
-85 0 0 -0.000498963985592127 -0.00544686010107398
-84 0 0 -0.000490806996822357 -0.00527872983366251
-83 0 0 -0.000482422008644789 -0.00510569987818599
-82 0 0 -0.000473788008093834 -0.00492731016129255
-81 0 0 -0.000464879005448893 -0.00474300980567932
-80 0 0 -0.000455664005130529 -0.00455217016860843
-79 0 0 -0.000449334998847917 -0.00442095007747412
-78 0 0 -0.00044284199248068 -0.00428621983155608
-77 0 0 -0.000436172005720437 -0.00414770003408194
-76 0 0 -0.000429309002356604 -0.00400504982098937
-75 0 0 -0.000422234006691724 -0.00385786988772452
-74 0 0 -0.000414926005760208 -0.00370572996325791
-73 0 0 -0.000407360988901928 -0.00354808010160923
-72 0 0 -0.000399509008275345 -0.00338431005366147
-71 0 0 -0.000391334993764758 -0.00321367010474205
-70 0 0 -0.000382797006750479 -0.00303526991046965
-69 0 0 -0.000373841990949586 -0.00284800003282726
-68 0 0 -0.000364408013410866 -0.002650500042364
-67 0 0 -0.000354412011802197 -0.00244106003083289
-66 0 0 -0.000343752006301656 -0.00221747998148203
-65 0 0 -0.000332291994709522 -0.00197690003551543
-64 0 0 -0.000319857004797086 -0.0017155499663204
-63 0 0 -0.000306211994029582 -0.0014285099459812
-62 0 0 -0.000274018995696679 -0.000750155013520271
-61 0 0 -0.000193503001355566 0.000951591006014496
-60 0 0 -0.000138539995532483 0.00211559003219008
-59 0 0 -6.6525797592476E-05 0.00364072993397713
-58 0 0 2.97399001283338E-05 0.00567428022623062
-57 0 0 0.000268203002633527 0.0106461998075247
-56 0 0 0.000591656018514186 0.0171495005488396
-55 0 0 0.000865445006638765 0.0224088001996279
-54 0 0 0.00112820998765528 0.0272697992622852
-53 0 0 0.00139425997622311 0.032047800719738
-52 0 0 0.00167221005540341 0.0369329005479813
-51 0 0 0.00196901010349393 0.0420809984207153
-50 11 4 0.00229131011292338 0.0476498007774353
-49 0 0 0.00264599011279643 0.0538212992250919
-48 0 0 0.00303994002752006 0.0608192011713982
-47 0 0 0.00347821996547282 0.0689146965742111
-46 0 0 0.00395885994657874 0.0783924013376236
-45 0 0 0.00446229986846447 0.089411698281765
-44 0 0 0.00494279013946652 0.101768001914024
-43 0 0 0.00534238992258906 0.114853002130985
-42 0 0 0.00562364002689719 0.128018006682396
-41 0 0 0.00578095018863678 0.14088399708271
40 10 2 0.00582870980724692 0.153320997953415
39 0 0 0.00581318000331521 0.160701006650925
38 0 0 0.00573037005960941 0.172460004687309
37 0 0 0.00559468986466527 0.183862999081612
36 0 0 0.0054248902015388 0.194961994886398
35 0 0 0.00523672020062804 0.205807998776436
34 0 0 0.00504302000626922 0.216444998979568
33 0 0 0.00485392985865474 0.226910993456841
32 0 0 0.00467721978202462 0.237240999937057
31 0 0 0.00451862020418048 0.247463002800941
30 0 0 0.00438216980546713 0.257602989673615
29 0 0 0.00427050981670618 0.267684996128082
28 0 0 0.00418522022664547 0.277729988098145
27 0 0 0.00412699999287724 0.287755995988846
26 0 0 0.00409589009359479 0.297782003879547
25 9 2 0.00409003021195531 0.304473996162415
-24 0 0 0.00409364001825452 0.309763997793198
-23 0 0 0.00410842010751367 0.31648001074791
-22 0 0 0.00413432996720076 0.323217004537582
-21 0 0 0.00417103013023734 0.329977005720139
-20 0 0 0.00421814015135169 0.336766004562378
-19 0 0 0.00425514997914433 0.341309994459152
-18 0 0 0.00429648999124765 0.345869988203049
-17 0 0 0.00434204982593656 0.350446999073029
-16 0 0 0.00439172005280852 0.355042010545731
-15 0 0 0.00444536004215479 0.359656006097794
-14 0 0 0.00450285989791155 0.36429101228714
-13 0 0 0.00456409016624093 0.368948012590408
-12 0 0 0.00462894001975656 0.373627007007599
-11 0 0 0.00469728978350759 0.378331005573273
-10 0 0 0.00476900022476912 0.383060991764069
-9 0 0 0.00484398007392883 0.387816995382309
-8 0 0 0.00489570992067456 0.391003996133804
-7 0 0 0.00493096001446247 0.393135011196136
-6 0 0 0.00495479023084044 0.394558995962143
-5 0 0 0.00497082015499473 0.395509988069534
-4 0 0 0.00498156994581223 0.39614400267601
-3 0 0 0.00498876022174954 0.39656800031662
-2 0 0 0.00499357003718615 0.396849989891052
1 0 0 0.00499999988824129 0.397226989269257
1 0 0 0.00499999988824129 0.397226989269257
-2 0 0 0.00500645022839308 0.397603988647461
-3 0 0 0.00501128984615207 0.397886008024216
-4 0 0 0.00501857977360487 0.398310005664825
-5 0 0 0.00502956006675959 0.39894700050354
-6 0 0 0.00504611013457179 0.399904012680054
-7 0 0 0.00507115013897419 0.401340007781982
-8 0 0 0.005109169986099 0.403501003980637
-9 0 0 0.00516721978783607 0.40675300359726
-10 0 0 0.00525652011856437 0.411659002304077
-11 0 0 0.00534840021282434 0.416599005460739
-12 0 0 0.00544273993000388 0.421575009822845
-13 0 0 0.00553942983970046 0.426587998867035
-14 0 0 0.00563836982473731 0.431638985872269
-15 0 0 0.00573944021016359 0.43672901391983
-16 0 0 0.00584253994747996 0.441861003637314
-17 0 0 0.00594756007194519 0.447035014629364
-18 0 0 0.00605437997728586 0.452253013849258
-19 0 0 0.00616292003542185 0.457516998052597
-20 0 0 0.0062730498611927 0.462826997041702
-21 0 0 0.00638468004763126 0.468185991048813
-22 0 0 0.00649768998846412 0.47359499335289
-23 0 0 0.00661196978762746 0.479056000709534
-24 0 0 0.00672743003815413 0.484569996595383
-25 0 0 0.00684393988922238 0.490139007568359
-26 0 0 0.00696140993386507 0.495765000581741
-27 0 0 0.00707970978692174 0.50144898891449
-28 0 0 0.00719873979687691 0.507193982601166
-29 0 0 0.00731839006766677 0.513001024723053
-30 0 0 0.00743853021413088 0.518872022628784
-31 0 0 0.00755906011909246 0.524809002876282
-32 0 0 0.00767984008416533 0.530815005302429
-33 0 0 0.00780076999217272 0.536889970302582
-34 0 0 0.00792170967906713 0.543038010597229
-35 0 0 0.008042530156672 0.549260020256042
-36 0 0 0.00816311966627836 0.555558025836945
-37 0 0 0.00828331988304853 0.561936020851135
-38 0 0 0.00840300973504782 0.568395018577576
-39 0 0 0.00852205045521259 0.574937999248505
-40 0 0 0.0086402902379632 0.581565976142883
-41 0 0 0.00875756982713938 0.588283002376556
-42 0 0 0.00887375976890326 0.595091998577118
-43 0 0 0.00898868963122368 0.601993978023529
-44 0 0 0.00910220015794039 0.608992993831635
-45 0 0 0.00921411998569965 0.616092026233673
-46 0 0 0.0093242796137929 0.623292982578278
-47 0 0 0.00943250954151154 0.630599021911621
-48 0 0 0.00953861977905035 0.638013005256653
-49 0 0 0.00964242964982986 0.645538985729218
-50 2 4 0.00974373985081911 0.653178989887238
-51 0 0 0.00984236970543861 0.660935997962952
-52 0 0 0.00993810035288334 0.668815016746521
-53 0 0 0.0100306998938322 0.676818013191223
-54 0 0 0.0101199997588992 0.684948980808258
-55 0 0 0.0102057997137308 0.693211019039154
-56 0 0 0.010287900455296 0.701608002185822
-57 0 0 0.0103660002350807 0.710143029689789
-58 0 0 0.0104398000985384 0.718819975852966
-59 0 0 0.0105093000456691 0.727643013000488
-60 0 0 0.0105740996077657 0.736616015434265
-61 0 0 0.0106340004131198 0.74574202299118
-62 0 0 0.0106888003647327 0.755024015903473
-63 0 0 0.0107381995767355 0.764468014240265
-64 0 0 0.0107821002602577 0.774075984954834
-65 0 0 0.0108201000839472 0.783852994441986
-66 0 0 0.010852100327611 0.79380202293396
-67 0 0 0.010877899825573 0.803927004337311
-68 0 0 0.0108971996232867 0.814231991767883
-69 0 0 0.0109099000692368 0.824720025062561
-70 0 0 0.0109157003462315 0.835394978523254
71 3 2 0.010916099883616 0.839075982570648
72 0 0 0.0109125999733806 0.850006997585297
73 0 0 0.0109019000083208 0.861132979393005
74 0 0 0.0108837997540832 0.872457027435303
75 0 0 0.0108583997935057 0.883982002735138
76 0 0 0.0108254998922348 0.895711004734039
77 0 0 0.0107851000502706 0.907646000385284
78 0 0 0.0107372002676129 0.919790029525757
79 0 0 0.0106817996129394 0.932144999504089
80 0 0 0.0106189996004105 0.944712996482849
81 0 0 0.0105488998815417 0.957494974136353
82 0 0 0.0104716001078486 0.970493018627167
83 0 0 0.0103872995823622 0.983708024024963
84 0 0 0.0102963000535965 0.997138977050781
85 0 0 0.0101988995447755 1.01078999042511
86 0 0 0.0100953001528978 1.02465999126434
87 0 0 0.00998593959957361 1.03874003887177
88 0 0 0.00987126957625151 1.05304002761841
89 0 0 0.00975173991173506 1.06755995750427
90 0 0 0.00962786003947258 1.08229005336761
91 0 0 0.00950019992887974 1.09722995758057
92 0 0 0.00936935003846884 1.112380027771
93 0 0 0.00923593994230032 1.12774002552032
94 0 0 0.00910064019262791 1.14330995082855
95 0 0 0.00896412972360849 1.15908002853394
96 0 0 0.00882714986801147 1.1750500202179
97 0 0 0.00869041960686445 1.1912100315094
98 0 0 0.00855471007525921 1.20756995677948
99 0 0 0.00842077005654573 1.22412002086639
100 4 4 0.00828936975449324 1.24085998535156
101 0 0 0.00816128961741924 1.25776994228363
102 0 0 0.00803728029131889 1.27487003803253
103 0 0 0.00791811011731625 1.29214000701904
104 0 0 0.00780451018363237 1.30957996845245
105 0 0 0.00769719993695617 1.32719004154205
106 0 0 0.00759688997641206 1.34495997428894
107 0 0 0.00750424992293119 1.36290001869202
108 0 0 0.00741992983967066 1.38098001480103
109 0 0 0.00734456023201346 1.39923000335693
110 0 0 0.0072787101380527 1.41761994361877
111 0 0 0.00722294021397829 1.43614995479584
112 0 0 0.00717775989323854 1.45483005046844
113 0 0 0.00714365998283029 1.4736499786377
114 0 0 0.00712108006700873 1.49259996414185
115 0 0 0.00711042014881968 1.51169002056122
-116 5 2 0.00710956985130906 1.51877999305725
-117 0 0 0.00711583020165563 1.53805005550385
-118 0 0 0.00713483989238739 1.55744004249573
-119 0 0 0.00716686015948653 1.5769499540329
-120 0 0 0.0072121499106288 1.59659004211426
-121 0 0 0.00727092986926436 1.61635005474091
-122 0 0 0.00734337000176311 1.63621997833252
-123 0 0 0.00742961000651121 1.65620994567871
-124 0 0 0.00752979004755616 1.67630994319916
-125 0 0 0.00764399021863937 1.69651997089386
-126 0 0 0.00777227990329266 1.71684002876282
-127 0 0 0.00791468005627394 1.73726999759674
-128 0 0 0.00807121954858303 1.75780999660492
-129 0 0 0.00824187975376844 1.77845001220703
-130 0 0 0.00842662993818521 1.79919004440308
-131 0 0 0.00862543005496264 1.82002997398376
-132 0 0 0.00883818976581097 1.84097003936768
-133 0 0 0.00906484015285969 1.86199998855591
-134 0 0 0.0093052601441741 1.8831399679184
-135 0 0 0.00955936033278704 1.90436005592346
-136 0 0 0.00982698984444141 1.92568004131317
-137 0 0 0.0101079996675253 1.94710004329681
-138 0 0 0.0104023003950715 1.96860003471375
-139 0 0 0.0107095995917916 1.99019002914429
-140 0 0 0.0110298004001379 2.01186990737915
-141 0 0 0.0113628003746271 2.03363990783691
-142 0 0 0.0117082996293902 2.05549001693726
-143 0 0 0.0120662003755569 2.0774199962616
-144 0 0 0.0124361999332905 2.09944009780884
-145 0 0 0.0128181995823979 2.12154006958008
-146 0 0 0.0132119003683329 2.14371991157532
-147 0 0 0.0136171001940966 2.16598010063171
-148 0 0 0.0140337003394961 2.18831992149353
-149 0 0 0.0144613003358245 2.21073007583618
-150 6 4 0.0148999001830816 2.23322010040283
-151 0 0 0.0153491999953985 2.25577998161316
-152 0 0 0.0158089008182287 2.27840995788574
-153 0 0 0.016278799623251 2.3011200428009
-154 0 0 0.0167587995529175 2.32389998435974
-155 0 0 0.0172486994415522 2.34674000740051
-156 0 0 0.0177481006830931 2.36964988708496
-157 0 0 0.018256900832057 2.39263010025024
-158 0 0 0.018774900585413 2.4156699180603
-159 0 0 0.019301800057292 2.4387800693512
-160 0 0 0.019837599247694 2.46195006370544
-161 0 0 0.0203818008303642 2.48517990112305
-162 0 0 0.0209344998002052 2.50848007202148
-163 0 0 0.0214952994138002 2.53183007240295
-164 0 0 0.0220640003681183 2.55523991584778
-165 0 0 0.0226405002176762 2.57870006561279
-166 0 0 0.0232245996594429 2.60222005844116
-167 0 0 0.0238160006701946 2.62579989433289
-168 0 0 0.0244146008044481 2.6494300365448
-169 0 0 0.0250202994793653 2.67311000823975
-170 0 0 0.0256328005343676 2.6968400478363
-171 0 0 0.0262518990784883 2.72061991691589
-172 0 0 0.0268775001168251 2.74445009231567
-173 0 0 0.0275094006210566 2.76833009719849
-174 0 0 0.0281475000083447 2.79224991798401
-175 0 0 0.0287915002554655 2.81622004508972
-176 0 0 0.029441399499774 2.84022998809814
-177 0 0 0.0300968997180462 2.86427998542786
-178 0 0 0.0307580009102821 2.88838005065918
-179 0 0 0.0314243994653225 2.91251993179321
-180 0 0 0.0320959985256195 2.93670010566711
-181 0 0 0.0327727012336254 2.96092009544373
-182 0 0 0.0334542989730835 2.98516988754272
-183 0 0 0.0341407991945744 3.00945997238159
-184 0 0 0.0348319001495838 3.03379011154175
-185 0 0 0.0355275012552738 3.05815005302429
-186 0 0 0.0362275987863541 3.08255004882813
-187 0 0 0.036931898444891 3.10698008537292
-188 0 0 0.0376404002308846 3.13144993782043
-189 0 0 0.0383529998362064 3.15594005584717
-190 0 0 0.0390694998204708 3.18046998977661
-191 0 0 0.0397897996008396 3.2050199508667
-192 0 0 0.0405138991773129 3.22960996627808
-193 0 0 0.0412415005266666 3.2542200088501
-194 0 0 0.0419727005064487 3.27886009216309
-195 0 0 0.0427072010934353 3.30352997779846
-196 0 0 0.043445099145174 3.3282299041748
-197 0 0 0.0441863015294075 3.35295009613037
-198 0 0 0.0449304990470409 3.377690076828
-199 0 0 0.045677799731493 3.4024600982666
-200 7 4 0.0464279986917973 3.42724990844727
-201 0 0 0.047181099653244 3.45205998420715
-202 0 0 0.0479369983077049 3.47690010070801
-203 0 0 0.0486956015229225 3.50176000595093
-204 0 0 0.0494568012654781 3.52662992477417
-205 8 9 0.050220500677824 3.55152988433838
