-345 19 9 -0.0500800982117653 -0.382883012294769
-344 0 0 -0.0493149012327194 -0.377299010753632
-343 0 0 -0.0485510006546974 -0.371748000383377
-342 0 0 -0.0477880015969276 -0.366227000951767
-341 0 0 -0.0470255017280579 -0.360733985900879
-340 0 0 -0.04626290127635 -0.355269014835358
-339 0 0 -0.0454997010529041 -0.349828988313675
-338 0 0 -0.0447353981435299 -0.344411998987198
-337 0 0 -0.0439695008099079 -0.339015990495682
-336 0 0 -0.0432014018297195 -0.33364000916481
-335 0 0 -0.0424307994544506 -0.328280985355377
-334 0 0 -0.0416570007801056 -0.32293701171875
-333 0 0 -0.040879599750042 -0.317606985569
-332 0 0 -0.04009810090065 -0.312287986278534
-331 0 0 -0.0393119007349014 -0.306977987289429
-330 0 0 -0.0385207012295723 -0.301676005125046
-329 0 0 -0.0377237983047962 -0.29637798666954
-328 0 0 -0.0369209013879299 -0.291081994771957
-327 0 0 -0.0361115001142025 -0.285786986351013
-326 0 0 -0.0352951996028423 -0.28048899769783
-325 0 0 -0.0347470007836819 -0.276955008506775
-324 0 0 -0.0341954007744789 -0.273418009281158
-323 0 0 -0.0336403995752335 -0.26987698674202
-322 0 0 -0.0330816991627216 -0.266330987215042
-321 0 0 -0.0325195007026196 -0.262780010700226
-320 0 0 -0.0319534987211227 -0.259223014116287
-319 0 0 -0.0313838012516499 -0.255658000707626
-318 0 0 -0.0308101996779442 -0.252085000276566
-317 0 0 -0.0302326995879412 -0.248502999544144
-316 0 0 -0.0296512991189957 -0.244910001754761
-315 0 0 -0.0290660001337528 -0.241307005286217
-314 0 0 -0.0284767001867294 -0.237690001726151
-313 0 0 -0.0280817002058029 -0.235272005200386
-312 0 0 -0.0276849996298552 -0.23284700512886
-311 0 0 -0.0272864997386932 -0.230415999889374
-310 0 0 -0.0268863998353481 -0.227976992726326
-309 0 0 -0.0264845993369818 -0.225530996918678
-308 0 0 -0.0260811001062393 -0.223076999187469
-307 0 0 -0.0256760008633137 -0.2206140011549
-306 0 0 -0.0252692997455597 -0.218143001198769
-305 0 0 -0.0248610991984606 -0.215662002563477
-304 0 0 -0.0244513005018234 -0.213172003626823
-303 0 0 -0.024040199816227 -0.210670992732048
-302 0 0 -0.0236275997012854 -0.208159998059273
-301 0 0 -0.0232136994600296 -0.205636993050575
-300 18 4 -0.0227984990924597 -0.203103005886078
-299 0 0 -0.0223820991814137 -0.200555995106697
-298 0 0 -0.0219646003097296 -0.197997003793716
-297 0 0 -0.0215460993349552 -0.195424005389214
-296 0 0 -0.0211265999823809 -0.192836999893188
-295 0 0 -0.0207062996923923 -0.190235003829002
-294 0 0 -0.0202852003276348 -0.187619000673294
-293 0 0 -0.0198634993284941 -0.184985995292664
-292 0 0 -0.0194412004202604 -0.182336002588272
-291 0 0 -0.0190184991806746 -0.179668992757797
-290 0 0 -0.0185956005007029 -0.176983997225761
-289 0 0 -0.018172500655055 -0.174280002713203
-288 0 0 -0.0177494008094072 -0.171556994318962
-287 0 0 -0.0173265002667904 -0.16881300508976
-286 0 0 -0.0169038008898497 -0.166049003601074
-285 0 0 -0.0164816994220018 -0.163261994719505
-284 0 0 -0.0160601995885372 -0.160454005002975
-283 0 0 -0.0156395994126797 -0.157621994614601
-282 0 0 -0.0152200004085898 -0.154765993356705
-281 0 0 -0.0148016000166535 -0.151886001229286
-280 0 0 -0.0143847996369004 -0.148982003331184
-279 0 0 -0.0139696998521686 -0.146053001284599
-278 0 0 -0.0135565996170044 -0.143097996711731
-277 0 0 -0.0131457997485995 -0.140119001269341
-276 0 0 -0.0127376997843385 -0.137115001678467
-275 0 0 -0.0123324999585748 -0.13408799469471
-274 0 0 -0.0119308000430465 -0.131037995219231
-273 0 0 -0.0115328002721071 -0.127967000007629
-272 0 0 -0.0111392000690103 -0.124879002571106
-271 0 0 -0.0107504995539784 -0.12177599966526
-270 0 0 -0.0103673003613949 -0.118661999702454
-269 0 0 -0.00999030005186796 -0.115543000400066
-268 0 0 -0.0096201803535223 -0.112424999475479
-267 0 0 -0.00925775989890099 -0.109315000474453
-266 0 0 -0.00890383962541819 -0.106222003698349
-265 0 0 -0.00855922978371382 -0.103155001997948
-264 0 0 -0.00822474993765354 -0.100123003125191
-263 0 0 -0.00790110975503922 -0.0971361994743347
-262 0 0 -0.00758894020691514 -0.0942045003175735
-261 0 0 -0.00728874979540706 -0.0913365036249161
-260 0 0 -0.00700087007135153 -0.0885400027036667
-259 0 0 -0.00672547984868288 -0.0858213007450104
-258 0 0 -0.00646256981417537 -0.0831853002309799
-257 0 0 -0.00621199002489448 -0.0806349962949753
-256 0 0 -0.00597342988476157 -0.0781721025705338
-255 0 0 -0.00574648985639215 -0.0757967010140419
-254 0 0 -0.00553066981956363 -0.0735078006982803
-253 0 0 -0.00532543007284403 -0.071303203701973
-252 0 0 -0.00513018015772104 -0.0691801980137825
-251 0 0 -0.00494433008134365 -0.0671356022357941
-250 17 4 -0.0047672800719738 -0.065165601670742
-249 0 0 -0.00459846016019583 -0.0632662996649742
-248 0 0 -0.00443731993436813 -0.0614339001476765
-247 0 0 -0.00428332993760705 -0.059664398431778
-246 0 0 -0.00413597980514169 -0.0579538010060787
-245 0 0 -0.00399482017382979 -0.0562985017895699
-244 0 0 -0.00385940005071461 -0.054694801568985
-243 0 0 -0.00372933992184699 -0.0531391985714436
-242 0 0 -0.00360424001701176 -0.0516283996403217
-241 0 0 -0.00348376994952559 -0.0501592010259628
-240 0 0 -0.00336760003119707 -0.0487288013100624
-239 0 0 -0.00325542991049588 -0.0473341010510921
-238 0 0 -0.00314699998125434 -0.0459726005792618
-237 0 0 -0.00304203992709517 -0.044641699641943
-236 0 0 -0.00294029992073774 -0.0433388985693455
-235 0 0 -0.00284157996065915 -0.0420618988573551
-234 0 0 -0.00274567003361881 -0.0408083982765675
-233 0 0 -0.00265235011465847 -0.0395764000713825
-232 0 0 -0.00256146001629531 -0.0383635982871056
-231 0 0 -0.00247280998155475 -0.0371679998934269
-230 0 0 -0.00238624005578458 -0.035987600684166
-229 0 0 -0.00230159005150199 -0.0348204001784325
-228 0 0 -0.00221870001405478 -0.0336644016206264
-227 0 0 -0.00213742000050843 -0.0325176008045673
-226 0 0 -0.00205760006792843 -0.031377799808979
-225 0 0 -0.00197909004054964 -0.0302428007125854
-224 0 0 -0.0019017499871552 -0.0291105005890131
-223 0 0 -0.00182541005779058 -0.0279782991856337
-222 0 0 -0.00174991996027529 -0.0268437005579472
-221 0 0 -0.00167509994935244 -0.0257038008421659
-220 0 0 -0.00160077994223684 -0.0245552007108927
-219 0 0 -0.00152675004210323 -0.0233944002538919
-218 0 0 -0.00145278999116272 -0.0222169999033213
-217 0 0 -0.00140337995253503 -0.0214203000068665
-216 0 0 -0.00135379005223513 -0.0206122007220984
-215 0 0 -0.0013039200566709 -0.0197905991226435
-214 0 0 -0.00125364004634321 -0.0189530998468399
-213 0 0 -0.00120280997361988 -0.0180968996137381
-212 0 0 -0.00115125998854637 -0.0172183997929096
-211 0 0 -0.0011164000025019 -0.016618400812149
-210 0 0 -0.00108106003608555 -0.0160051006823778
-209 0 0 -0.0010451499838382 -0.0153769003227353
-208 0 0 -0.00100855994969606 -0.0147315002977848
-207 0 0 -0.000971187022514641 -0.0140664996579289
-206 0 0 -0.00094575498951599 -0.0136107997968793
-205 0 0 -0.000919851008802652 -0.0131438998505473
-204 0 0 -0.000893411983270198 -0.0126644996926188
-203 0 0 -0.000866366026457399 -0.0121710998937488
-202 0 0 -0.000838624022435397 -0.0116619998589158
-201 0 0 -0.000819690991193056 -0.0113126998767257
-200 16 4 -0.000800364010501653 -0.0109547004103661
-199 0 0 -0.000780600996222347 -0.0105870999395847
-198 0 0 -0.000760351016651839 -0.0102088004350662
-197 0 0 -0.000739553011953831 -0.00981856975704432
-196 0 0 -0.000718137016519904 -0.00941500999033451
-195 0 0 -0.000703474972397089 -0.00913769006729126
-194 0 0 -0.000688468979205936 -0.00885304994881153
-193 0 0 -0.000673084985464811 -0.0085603604093194
-192 0 0 -0.000657283002510667 -0.00825878977775574
-191 0 0 -0.000641014019493014 -0.00794737040996552
-190 0 0 -0.000624220992904156 -0.00762492977082729
-189 0 0 -0.00061270099831745 -0.00740317022427917
-188 0 0 -0.00060089398175478 -0.00717541016638279
-187 0 0 -0.000588772003538907 -0.00694106984883547
-186 0 0 -0.000576302991248667 -0.00669952016323805
-185 0 0 -0.000563448993489146 -0.00644996995106339
-184 0 0 -0.000550166005268693 -0.00619152979925275
-183 0 0 -0.000541046028956771 -0.00601375987753272
-182 0 0 -0.000531692989170551 -0.00583116989582777
-181 0 0 -0.000522084999829531 -0.00564335007220507
-180 0 0 -0.000512198021169752 -0.00544977001845837
-179 0 0 -0.000502003007568419 -0.00524987000972033
-178 0 0 -0.000491467013489455 -0.00504295993596315
-177 0 0 -0.000484234013129026 -0.00490073021501303
-176 0 0 -0.000476816989248618 -0.0047547398135066
-175 0 0 -0.000469201011583209 -0.0046046799980104
-174 0 0 -0.000461368996184319 -0.00445018010213971
-173 0 0 -0.000453298009233549 -0.00429082009941339
-172 0 0 -0.000444965990027413 -0.00412611989304423
-171 0 0 -0.00043634299072437 -0.00395548995584249
-170 0 0 -0.000430417014285922 -0.00383812002837658
-169 0 0 -0.000424336001742631 -0.00371758989058435
-168 0 0 -0.000418086012359709 -0.00359362992458045
-167 0 0 -0.000411652988987043 -0.00346592999994755
-166 0 0 -0.00040501999319531 -0.00333415996283293
-165 0 0 -0.000398166012018919 -0.00319791003130376
-164 0 0 -0.000391069013858214 -0.00305671989917755
-163 0 0 -0.000383701990358531 -0.00291003007441759
-162 0 0 -0.000376031995983794 -0.00275720003992319
-161 0 0 -0.00036802000249736 -0.00259745004586875
-160 0 0 -0.000359622004907578 -0.00242982991039753
-159 0 0 -0.000350777991116047 -0.00225318991579115
-158 0 0 -0.000341419014148414 -0.00206610001623631
-157 0 0 -0.000331457005813718 -0.00186680001206696
-156 0 0 -0.000320783001370728 -0.00165304995607585
-155 0 0 -0.000309260009089485 -0.00142210000194609
-154 0 0 -0.000296723999781534 -0.00117065000813454
-153 0 0 -0.000267889990936965 -0.000591479998547584
-152 0 0 -0.000200189999304712 0.000771700986661017
-151 0 0 -0.000149986997712404 0.00178431998938322
-150 15 4 -3.28823989548255E-05 0.00414549000561237
-149 0 0 0.00010505899990676 0.00691075995564461
-148 0 0 0.000206408003577963 0.00892124976962805
-147 0 0 0.000292067008558661 0.010601700283587
-146 0 0 0.000368715991498902 0.012088599614799
-145 0 0 0.000439494993770495 0.0134464995935559
-144 0 0 0.000506168988067657 0.014711800031364
-143 0 0 0.000569849973544478 0.0159074999392033
-142 0 0 0.000631288974545896 0.0170492008328438
-141 0 0 0.000691024004481733 0.0181482005864382
-140 0 0 0.000749456987250596 0.0192128997296095
-139 0 0 0.000806898984592408 0.0202498007565737
-138 0 0 0.000863594992551953 0.021263999864459
-137 0 0 0.000919747981242836 0.0222597997635603
-136 0 0 0.000975525006651878 0.0232407003641129
-135 0 0 0.00103107001632452 0.024209700524807
-134 0 0 0.0010865000076592 0.0251692999154329
-133 0 0 0.00114192999899387 0.0261218994855881
-132 0 0 0.00119743996765465 0.0270693991333246
-131 0 0 0.00125314004253596 0.0280134994536638
-130 0 0 0.00130909995641559 0.0289561003446579
-129 0 0 0.00136538001243025 0.0298986006528139
-128 0 0 0.00142206996679306 0.0308423992246389
-127 0 0 0.00147921999450773 0.0317887999117374
-126 0 0 0.00151761004235595 0.0324219018220901
-125 0 0 0.00155625003390014 0.0330571010708809
-124 0 0 0.00159515999257565 0.0336947999894619
-123 0 0 0.00163435004651546 0.0343353003263474
-122 0 0 0.00167384999804199 0.0349790006875992
-121 0 0 0.00171365996357054 0.0356262996792793
-120 0 0 0.00175381998997182 0.0362773984670639
-119 0 0 0.00179431994911283 0.0369326993823051
-118 0 0 0.00183520000427961 0.037592701613903
-117 0 0 0.00187646003905684 0.0382574982941151
-116 0 0 0.00191811996046454 0.0389275997877121
-115 0 0 0.00196019001305103 0.0396033003926277
-114 0 0 0.00200271001085639 0.0402849987149239
-113 0 0 0.00204567005857825 0.0409728996455669
-112 0 0 0.00208909995853901 0.0416675992310047
-111 0 0 0.00213300995528698 0.0423693992197514
-110 0 0 0.00217742007225752 0.043078500777483
-109 0 0 0.00222235010005534 0.0437954999506474
-108 0 0 0.00225259992294014 0.0442781001329422
-107 0 0 0.00228310003876686 0.0447643995285034
-106 0 0 0.00231383997015655 0.0452544987201691
-105 0 0 0.00234482996165752 0.0457488000392914
-104 0 0 0.00237608002498746 0.0462470985949039
-103 0 0 0.00240759993903339 0.0467496998608112
-102 0 0 0.00243937992490828 0.047256700694561
-101 0 0 0.00247144000604749 0.0477682985365391
-100 14 4 0.00250377994962037 0.048284500837326
-99 0 0 0.00253639998845756 0.0488055013120174
-98 0 0 0.00256931991316378 0.0493314005434513
-97 0 0 0.00260252994485199 0.0498623996973038
-96 0 0 0.00263604009523988 0.0503986999392509
-95 0 0 0.00266985991038382 0.0509403012692928
-94 0 0 0.00270398007705808 0.0514875017106533
-93 0 0 0.00273842993192375 0.0520403012633324
-92 0 0 0.00277319992892444 0.0525990016758442
-91 0 0 0.00280830007977784 0.0531636998057365
-90 0 0 0.00284372991882265 0.0537344999611378
-89 0 0 0.00287948991172016 0.0543117001652718
-88 0 0 0.0029156100936234 0.0548954010009766
-87 0 0 0.00295206997543573 0.055485799908638
-86 0 0 0.00298888003453612 0.0560830011963844
-85 0 0 0.00301362993195653 0.0564850009977818
-84 0 0 0.00303853000514209 0.0568902008235455
-83 0 0 0.00306360004469752 0.0572987012565136
-82 0 0 0.00308883003890514 0.0577104017138481
-81 0 0 0.00311421998776495 0.0581254996359348
-80 0 0 0.00313977990299463 0.058543998748064
-79 0 0 0.00316551001742482 0.0589658990502357
-78 0 0 0.00319141009822488 0.0593914017081261
-77 0 0 0.00321747991256416 0.0598203986883163
-76 0 0 0.00324371992610395 0.0602530986070633
-75 0 0 0.00327012990601361 0.0606894008815289
-74 0 0 0.00329671008512378 0.0611294992268085
-73 0 0 0.00332347000949085 0.061573501676321
-72 0 0 0.00335039990022779 0.0620211996138096
-71 0 0 0.00337751000188291 0.0624729990959167
-70 0 0 0.00340480008162558 0.0629286989569664
-69 0 0 0.00343225989490747 0.0633883997797966
-68 0 0 0.00345989991910756 0.0638523027300835
-67 0 0 0.00348770990967751 0.0643203034996986
-66 0 0 0.00351570989005268 0.0647926032543182
-65 0 0 0.00354388006962836 0.0652692019939423
-64 0 0 0.00357222999446094 0.0657500997185707
-63 0 0 0.00360075989738107 0.0662354007363319
-62 0 0 0.00362945999950171 0.0667252987623215
-61 0 0 0.00365834007970989 0.0672196000814438
-60 0 0 0.00368739990517497 0.0677186027169228
-59 0 0 0.00371663994155824 0.06822220236063
-58 0 0 0.00374604994431138 0.068730503320694
-57 0 0 0.00377562991343439 0.0692436024546623
-56 0 0 0.0038053800817579 0.0697614997625351
-55 0 0 0.00383530999533832 0.0702842026948929
-54 0 0 0.00386540009640157 0.0708118975162506
-53 0 0 0.00389566994272172 0.0713445991277695
-52 0 0 0.00391593016684055 0.0717025026679039
-51 0 0 0.00393626978620887 0.0720627009868622
-50 13 4 0.00395668018609285 0.0724250972270966
-49 0 0 0.00397715996950865 0.072789803147316
-48 0 0 0.00399771006777883 0.0731567963957787
-47 0 0 0.0040183300152421 0.0735260993242264
-46 0 0 0.00403901003301144 0.073897697031498
-45 0 0 0.00405977014452219 0.074271596968174
-44 0 0 0.00408058008179069 0.0746479034423828
-43 0 0 0.0041014701128006 0.0750264972448349
-42 0 0 0.00412240996956825 0.0754074975848198
-41 0 0 0.00414342014119029 0.0757908001542091
-40 0 0 0.00416448013857007 0.0761765018105507
-39 0 0 0.00418560998514295 0.0765646025538445
-38 0 0 0.00420679012313485 0.0769551023840904
-37 0 0 0.00422802986577153 0.0773480013012886
-36 0 0 0.00424931989982724 0.0777432024478912
-35 0 0 0.00427067000418901 0.0781408995389938
-34 0 0 0.0042920601554215 0.0785410031676292
-33 0 0 0.00431350013241172 0.0789434984326363
-32 0 0 0.00433498993515968 0.0793484002351761
-31 0 0 0.00435653002932668 0.0797557011246681
-30 0 0 0.00437809992581606 0.0801654011011124
-29 0 0 0.00439970986917615 0.0805775970220566
-28 0 0 0.00442137010395527 0.0809921026229858
-27 0 0 0.00444304989650846 0.0814089998602867
-26 0 0 0.00446477020159364 0.0818284004926682
-25 0 0 0.00448651984333992 0.082250103354454
-24 0 0 0.00450830021873116 0.0826743021607399
-23 0 0 0.00453010015189648 0.0831008031964302
-22 0 0 0.00455192010849714 0.0835297033190727
-21 0 0 0.00457376008853316 0.0839608982205391
-20 0 0 0.00459562009200454 0.0843944996595383
-19 0 0 0.00461748987436295 0.0848305001854897
-18 0 0 0.00463936990126967 0.0852688029408455
-17 0 0 0.00466126017272472 0.0857093036174774
-16 0 0 0.00468314997851849 0.0861522033810616
-15 0 0 0.00470505002886057 0.0865973979234695
-14 0 0 0.0047269300557673 0.0870447978377342
-13 0 0 0.00474881986156106 0.0874944031238556
-12 0 0 0.00477069010958076 0.0879463031888008
-11 0 0 0.00479253986850381 0.0884002968668938
-10 0 0 0.00481439009308815 0.0888566002249718
-9 0 0 0.00483621004968882 0.0893149003386497
-8 0 0 0.00485800020396709 0.0897753983736038
-7 0 0 0.00487976986914873 0.0902379974722862
-6 0 0 0.00490149995312095 0.090702697634697
-5 0 0 0.00492319976910949 0.0911694020032883
-4 0 0 0.00494486000388861 0.0916379988193512
-3 0 0 0.0049664699472487 0.0921086966991425
-2 0 0 0.00498085981234908 0.092423602938652
1 0 0 0.00499999988824129 0.0928447023034096
1 0 0 0.00499999988824129 0.0928447023034096
-2 0 0 0.00501909991726279 0.0932672992348671
-3 0 0 0.00503339990973473 0.0935852006077766
-4 0 0 0.00505479006096721 0.0940636023879051
-5 0 0 0.00507612014189363 0.0945437997579575
-6 0 0 0.00509737990796566 0.0950258001685143
-7 0 0 0.0051185698248446 0.0955094993114471
-8 0 0 0.00513968011364341 0.0959948003292084
-9 0 0 0.00516070984303951 0.0964818000793457
-10 0 0 0.00518165994435549 0.0969704017043114
-11 0 0 0.00520252017304301 0.097460500895977
-12 0 0 0.0052232900634408 0.097952201962471
-13 0 0 0.00524395983666182 0.0984452962875366
-14 0 0 0.00526452995836735 0.0989397987723351
-15 0 0 0.00528499996289611 0.0994357019662857
-16 0 0 0.00530536007136106 0.099932998418808
-17 0 0 0.00532560981810093 0.100432001054287
-18 0 0 0.00534573988988996 0.100931003689766
-19 0 0 0.00536576006561518 0.101432003080845
-20 0 0 0.00538564985617995 0.101934999227524
-21 0 0 0.00540541019290686 0.102438002824783
-22 0 0 0.00542504992336035 0.102941997349262
-23 0 0 0.00544456019997597 0.103448003530502
-24 0 0 0.00546392006799579 0.103954002261162
-25 0 0 0.00548315001651645 0.104460999369621
-26 0 0 0.00550223980098963 0.104969002306461
-27 0 0 0.00552118010818958 0.105478003621101
-28 0 0 0.00553997000679374 0.105988003313541
-29 0 0 0.00555860996246338 0.106499001383781
-30 0 0 0.00557709019631147 0.107009999454021
-31 0 0 0.00559542002156377 0.107522003352642
-32 0 0 0.0056135798804462 0.108034998178482
-33 0 0 0.00563158001750708 0.108548000454903
-34 0 0 0.00564941996708512 0.109061002731323
-35 0 0 0.0056670899502933 0.109576001763344
-36 0 0 0.00568458996713161 0.110090002417564
-37 0 0 0.00570192001760006 0.110605001449585
-38 0 0 0.00571906985715032 0.111120998859406
-39 0 0 0.00573605019599199 0.111637003719807
-40 0 0 0.00575284007936716 0.112153001129627
-41 0 0 0.00576945999637246 0.112668998539448
-42 0 0 0.00578588992357254 0.113186001777649
-43 0 0 0.00580214010551572 0.113702997565269
-44 0 0 0.00581821007654071 0.114220000803471
-45 0 0 0.00583407981321216 0.114736996591091
-46 0 0 0.0058497698046267 0.115253999829292
-47 0 0 0.00586526980623603 0.115772001445293
-48 0 0 0.00588057981804013 0.116288997232914
-49 0 0 0.00589569006115198 0.116806000471115
-50 2 4 0.00591060984879732 0.117324002087116
-51 0 0 0.00592534011229873 0.117840997874737
-52 0 0 0.00593987014144659 0.118358001112938
-53 0 0 0.00595421018078923 0.118874996900558
-54 0 0 0.00596834998577833 0.11939200013876
-55 0 0 0.00598229002207518 0.119909003376961
-56 0 0 0.00599602982401848 0.120425000786781
-57 0 0 0.00600958010181785 0.120941996574402
-58 0 0 0.00602291990071535 0.121458001434803
-59 0 0 0.00603607017546892 0.121973998844624
-60 0 0 0.00604902021586895 0.122488997876644
-61 0 0 0.00606177002191544 0.123003996908665
-62 0 0 0.00607432005926967 0.123519003391266
-63 0 0 0.00608666008338332 0.124034002423286
-64 0 0 0.00610481016337872 0.124805003404617
-65 0 0 0.00612250994890928 0.125575006008148
-66 0 0 0.00613975990563631 0.126344993710518
-67 0 0 0.0061565600335598 0.127112999558449
-68 0 0 0.00617292011156678 0.12788000702858
-69 0 0 0.00618882989510894 0.128646001219749
-70 0 0 0.00620428984984756 0.129411995410919
-71 0 0 0.00621931022033095 0.130174994468689
-72 0 0 0.00623389985412359 0.130937993526459
-73 0 0 0.00624804012477398 0.131699994206429
-74 0 0 0.00626175012439489 0.132459998130798
-75 0 0 0.00627502985298634 0.133219003677368
-76 0 0 0.00628787977620959 0.133975997567177
-77 0 0 0.00630029989406466 0.134731993079185
-78 0 0 0.00631229998543859 0.135487005114555
-79 0 0 0.00632388005033135 0.136240005493164
-80 0 0 0.00633504008874297 0.136991992592812
-81 0 0 0.00634578987956047 0.13774199783802
-82 0 0 0.00635612988844514 0.138491004705429
-83 0 0 0.00636606011539698 0.139238998293877
-84 0 0 0.00637560011819005 0.139984995126724
-85 0 0 0.00638472987338901 0.140728995203972
-86 0 0 0.00639346987009048 0.141471996903419
-87 0 0 0.00640182010829449 0.142213001847267
-88 0 0 0.00640978990122676 0.142952993512154
-89 0 0 0.00641738018020988 0.143692001700401
-90 0 0 0.00642459001392126 0.144427999854088
-91 0 0 0.0064314198680222 0.145163998007774
-92 0 0 0.00643790001049638 0.145897001028061
-93 0 0 0.00644400017336011 0.146629005670547
-94 0 0 0.00644975015893579 0.147359997034073
-95 0 0 0.00645514996722341 0.148089006543159
-96 0 0 0.00646258983761072 0.149179995059967
-97 0 0 0.00646925996989012 0.150267004966736
-98 0 0 0.00647517014294863 0.151351004838943
-99 0 0 0.00648035015910864 0.15243099629879
-100 3 4 0.00648480979725718 0.153507992625237
-101 0 0 0.00648855976760387 0.154580995440483
-102 0 0 0.00649162009358406 0.15565100312233
-103 0 0 0.00649400986731052 0.156718000769615
-104 0 0 0.00649573002010584 0.157781004905701
-105 0 0 0.00649682013317943 0.158841997385025
-106 0 0 0.00649728020653129 0.159897997975349
107 4 2 0.00649730022996664 0.160160005092621
108 0 0 0.00649699987843633 0.161212995648384
109 0 0 0.00649543991312385 0.16278600692749
110 0 0 0.00649261008948088 0.164351999759674
111 0 0 0.00648854998871684 0.165911003947258
112 0 0 0.00648332014679909 0.167464002966881
113 0 0 0.00647696014493704 0.169009998440742
114 0 0 0.00646953005343676 0.170549005270004
115 0 0 0.00646106991916895 0.172080993652344
116 0 0 0.00645163981243968 0.173608005046844
117 0 0 0.00644127000123262 0.175127997994423
118 0 0 0.00643002009019256 0.176642000675201
119 0 0 0.00641793990507722 0.178150996565819
120 0 0 0.00640506017953157 0.179653003811836
121 0 0 0.00639142980799079 0.181150004267693
122 0 0 0.00637710001319647 0.182640999555588
123 0 0 0.00636210013180971 0.184127002954483
124 0 0 0.00634647021070123 0.185607999563217
125 0 0 0.00633026007562876 0.187083005905151
126 0 0 0.00631350977346301 0.188553005456924
127 0 0 0.00629625003784895 0.190018996596336
128 0 0 0.00627851998433471 0.191478997468948
129 0 0 0.00626034988090396 0.19293500483036
130 0 0 0.00624179001897573 0.194387003779411
131 0 0 0.0062228599563241 0.195833995938301
132 0 0 0.00620360020548105 0.197275996208191
133 0 0 0.00617416994646192 0.199432000517845
134 0 0 0.0061441701836884 0.201578006148338
135 0 0 0.00611370010301471 0.203715994954109
136 0 0 0.00608287006616592 0.20584499835968
137 0 0 0.00605176016688347 0.20796599984169
138 0 0 0.00602047005668283 0.210078999400139
139 0 0 0.00598907005041838 0.212184995412827
140 0 0 0.00595765002071857 0.214283004403114
141 0 0 0.00592629006132483 0.21637399494648
142 0 0 0.00589504977688193 0.218457996845245
143 0 0 0.00586401019245386 0.22053599357605
144 0 0 0.00583322998136282 0.222608000040054
145 0 0 0.00580277014523745 0.224674001336098
146 0 0 0.00577268982306123 0.22673399746418
147 0 0 0.00572839984670281 0.229813992977142
148 0 0 0.00568526983261108 0.232883006334305
149 0 0 0.00564343016594648 0.235942006111145
150 5 4 0.00560304988175631 0.238989993929863
151 0 0 0.00556423980742693 0.242028996348381
152 0 0 0.00552712008357048 0.245059996843338
153 0 0 0.00549180014058948 0.248082995414734
154 0 0 0.00545836007222533 0.251098990440369
155 0 0 0.00542689021676779 0.254108995199203
156 0 0 0.00539747020229697 0.257113009691238
157 0 0 0.00537014007568359 0.260111004114151
158 0 0 0.00533320987597108 0.26460000872612
159 0 0 0.00530125992372632 0.269080013036728
160 0 0 0.00527442991733551 0.273553997278214
161 0 0 0.00525277014821768 0.278021991252899
162 0 0 0.0052363402210176 0.282485991716385
163 0 0 0.00522516015917063 0.286949008703232
164 0 0 0.00521922996267676 0.291411012411118
165 6 2 0.00521817989647388 0.29423800110817
-166 0 0 0.00522078014910221 0.298702001571655
-167 0 0 0.00523434020578861 0.305406004190445
-168 0 0 0.00525930011644959 0.312123000621796
-169 0 0 0.00529540004208684 0.318856000900269
-170 0 0 0.00534232007339597 0.325610995292664
-171 0 0 0.00539973005652428 0.332392007112503
-172 0 0 0.00546725979074836 0.339203000068665
-173 0 0 0.00554453022778034 0.34604799747467
-174 0 0 0.00563113996759057 0.352930992841721
-175 0 0 0.00572670996189117 0.359856992959976
-176 0 0 0.005830820184201 0.366829991340637
-177 0 0 0.0059430799447 0.373852998018265
-178 0 0 0.00606309017166495 0.380930989980698
-179 0 0 0.00619044993072748 0.388069003820419
-180 0 0 0.0063247699290514 0.395269989967346
-181 0 0 0.00646567018702626 0.402538001537323
-182 0 0 0.0066127497702837 0.409877985715866
-183 0 0 0.00676565989851952 0.41729399561882
-184 0 0 0.00692400988191366 0.424791008234024
-185 0 0 0.00708745000883937 0.432374000549316
-186 0 0 0.00725559983402491 0.440046012401581
-187 0 0 0.00742811011150479 0.447813987731934
-188 0 0 0.00760461995378137 0.455680996179581
-189 0 0 0.00778478989377618 0.463652998209
-190 0 0 0.00796824041754007 0.471736013889313
-191 0 0 0.00815462041646242 0.479934006929398
-192 0 0 0.00834356993436813 0.488252997398376
-193 0 0 0.00853473041206598 0.496699005365372
-194 0 0 0.00872772000730038 0.505277991294861
-195 0 0 0.00892218016088009 0.51399701833725
-196 0 0 0.00911770015954971 0.522862017154694
-197 0 0 0.00931388977915049 0.531879007816315
-198 0 0 0.00951035041362047 0.541055977344513
-199 0 0 0.00970664992928505 0.550399005413055
-200 7 4 0.0099023599177599 0.559916973114014
-201 0 0 0.0100969998165965 0.569617986679077
-202 0 0 0.0102901002392173 0.579508006572723
-203 0 0 0.0104812998324633 0.589598000049591
-204 0 0 0.010669800452888 0.599896013736725
-205 0 0 0.0108553003519773 0.61040997505188
-206 0 0 0.0110371997579932 0.621150970458984
-207 0 0 0.0112148998305202 0.632129013538361
-208 0 0 0.011387700214982 0.64335298538208
-209 0 0 0.0115550002083182 0.654834985733032
-210 0 0 0.0117162000387907 0.666585028171539
-211 0 0 0.0118706002831459 0.678614974021912
-212 0 0 0.0120174000039697 0.690936982631683
-213 0 0 0.0121558997780085 0.703562021255493
-214 0 0 0.0122852995991707 0.716503024101257
-215 0 0 0.0124049000442028 0.729772984981537
-216 0 0 0.0125139001756907 0.743384003639221
-217 0 0 0.0126114999875426 0.757349014282227
-218 0 0 0.0126967998221517 0.771682024002075
-219 0 0 0.0127691999077797 0.786395013332367
-220 0 0 0.0128277996554971 0.801501989364624
-221 0 0 0.0128718996420503 0.817016005516052
-222 0 0 0.0129009997472167 0.83294802904129
-223 0 0 0.0129142003133893 0.849310994148254
224 8 2 0.0129150999709964 0.854638993740082
225 0 0 0.0129068000242114 0.871587991714478
226 0 0 0.0128817996010184 0.888994991779327
227 0 0 0.012839799746871 0.906867027282715
228 0 0 0.012780699878931 0.925213992595673
229 0 0 0.0127047002315521 0.944042980670929
230 0 0 0.0126120001077652 0.963360011577606
231 0 0 0.0125032002106309 0.983168005943298
232 0 0 0.0123789999634027 1.00346994400024
233 0 0 0.0122402999550104 1.02427005767822
234 0 0 0.0120884999632835 1.04556000232697
235 0 0 0.0119249997660518 1.06734001636505
236 0 0 0.0117514999583364 1.08960998058319
237 0 0 0.0115699004381895 1.11236000061035
238 0 0 0.0113824000582099 1.13557994365692
239 0 0 0.0111910998821259 1.15927004814148
240 0 0 0.0109986001625657 1.1834100484848
241 0 0 0.0108073996379972 1.20799005031586
242 0 0 0.0106201004236937 1.23301005363464
243 0 0 0.0104392003268003 1.2584400177002
244 0 0 0.0102674998342991 1.28427004814148
245 0 0 0.0101073998957872 1.31050002574921
246 0 0 0.00996141973882914 1.3371000289917
247 0 0 0.00983196962624788 1.36407005786896
248 0 0 0.0097212502732873 1.39138996601105
249 0 0 0.00963134039193392 1.41904997825623
250 9 4 0.00956413988023996 1.44702994823456
251 0 0 0.009521359577775 1.47534000873566
252 0 0 0.00950453989207745 1.50394999980927
-253 10 2 0.00950433034449816 1.50750994682312
-254 0 0 0.00951824989169836 1.53645002841949
-255 0 0 0.00956074986606836 1.56568002700806
-256 0 0 0.00963275041431189 1.59518003463745
-257 0 0 0.00973503012210131 1.62495994567871
-258 0 0 0.00986818037927151 1.65498995780945
-259 0 0 0.0100325997918844 1.6852799654007
-260 0 0 0.010228700004518 1.71581995487213
-261 0 0 0.0104563999921083 1.7465900182724
-262 0 0 0.0107158999890089 1.77760004997253
-263 0 0 0.0110071003437042 1.80884003639221
-264 0 0 0.0113297998905182 1.84029996395111
-265 0 0 0.0116836996749043 1.87198996543884
-266 0 0 0.0120684001594782 1.90388000011444
-267 0 0 0.0124835995957255 1.93597996234894
-268 0 0 0.012928600423038 1.96828997135162
-269 0 0 0.0134030003100634 2.00079989433289
-270 0 0 0.0139062004163861 2.03349995613098
-271 0 0 0.0144376000389457 2.06639003753662
-272 0 0 0.014996400102973 2.09946990013123
-273 0 0 0.0155820995569229 2.13271999359131
-274 0 0 0.016193799674511 2.16616010665894
-275 0 0 0.016830999404192 2.19976997375488
-276 0 0 0.0174927990883589 2.23355007171631
-277 0 0 0.0181785002350807 2.26748991012573
-278 0 0 0.0188874993473291 2.30159997940063
-279 0 0 0.0196189004927874 2.33586001396179
-280 0 0 0.020372100174427 2.3702700138092
-281 0 0 0.0211462993174791 2.40482997894287
-282 0 0 0.0219407994300127 2.43953990936279
-283 0 0 0.0227549001574516 2.4743800163269
-284 0 0 0.0235878992825747 2.50936007499695
-285 0 0 0.024439200758934 2.5444700717926
-286 0 0 0.0253079999238253 2.57971000671387
-287 0 0 0.0261937007308006 2.615070104599
-288 0 0 0.0270956996828318 2.65054988861084
-289 0 0 0.0280133001506329 2.68615007400513
-290 0 0 0.0289459992200136 2.7218599319458
-291 0 0 0.0298931002616882 2.7576699256897
-292 0 0 0.0308541003614664 2.79359006881714
-293 0 0 0.0318285003304482 2.82961010932922
-294 0 0 0.0328156016767025 2.86573004722595
-295 0 0 0.0338151007890701 2.90194010734558
-296 0 0 0.0348263010382652 2.93824005126953
-297 0 0 0.0358489006757736 2.97463011741638
-298 0 0 0.0368821993470192 3.01110005378723
-299 0 0 0.0379259996116161 3.04765009880066
-300 11 4 0.0389797016978264 3.08428001403809
-301 0 0 0.0400430001318455 3.12098002433777
-302 0 0 0.0411153994500637 3.15774989128113
-303 0 0 0.0421965010464191 3.19459009170532
-304 0 0 0.0432861000299454 3.23148989677429
-305 0 0 0.0443836003541946 3.2684600353241
-306 0 0 0.0454889014363289 3.30549001693726
-307 0 0 0.0466013997793198 3.34258008003235
-308 0 0 0.0477210991084576 3.37971997261047
-309 0 0 0.0488475002348423 3.41690993309021
-310 0 0 0.0499803014099598 3.45415997505188
-311 12 9 0.0511193014681339 3.49145007133484
