-371 20 9 -0.050772201269865 -0.387071996927261
-370 0 0 -0.0499277003109455 -0.380766987800598
-369 0 0 -0.0490844994783401 -0.374503999948502
-368 0 0 -0.0482418984174728 -0.368281990289688
-367 0 0 -0.0473993010818958 -0.36209699511528
-366 0 0 -0.0465558990836143 -0.355948001146317
-365 0 0 -0.0457111001014709 -0.349830001592636
-364 0 0 -0.0448640994727612 -0.3437420129776
-363 0 0 -0.0440143011510372 -0.337680995464325
-362 0 0 -0.0431610010564327 -0.331642985343933
-361 0 0 -0.0423033982515335 -0.325626999139786
-360 0 0 -0.0414409004151821 -0.319629013538361
-359 0 0 -0.0405726991593838 -0.313647001981735
-358 0 0 -0.0396981984376907 -0.307677000761032
-357 0 0 -0.0391113981604576 -0.303703010082245
-356 0 0 -0.0385213010013103 -0.299730986356735
-355 0 0 -0.0379276014864445 -0.295762002468109
-354 0 0 -0.03733029961586 -0.291794985532761
-353 0 0 -0.0367291010916233 -0.287826985120773
-352 0 0 -0.0361239016056061 -0.283859014511108
-351 0 0 -0.0355143994092941 -0.279888987541199
-350 19 4 -0.0349005982279778 -0.275916993618011
-349 0 0 -0.0342823006212711 -0.271939992904663
-348 0 0 -0.0336593016982079 -0.267957985401154
-347 0 0 -0.0330315008759499 -0.263969987630844
-346 0 0 -0.0323987007141113 -0.259974986314774
-345 0 0 -0.0317610017955303 -0.255970001220703
-344 0 0 -0.0311182998120785 -0.25195500254631
-343 0 0 -0.0304703004658222 -0.247929006814957
-342 0 0 -0.0300354994833469 -0.24523800611496
-341 0 0 -0.0295983999967575 -0.242540001869202
-340 0 0 -0.0291588995605707 -0.239834994077682
-339 0 0 -0.0287171993404627 -0.237123996019363
-338 0 0 -0.0282731000334024 -0.234403997659683
-337 0 0 -0.0278267990797758 -0.231676995754242
-336 0 0 -0.0273783002048731 -0.22894099354744
-335 0 0 -0.0269274991005659 -0.226194992661476
-334 0 0 -0.0264745000749826 -0.223438993096352
-333 0 0 -0.026019299402833 -0.220673993229866
-332 0 0 -0.0255621001124382 -0.217896997928619
-331 0 0 -0.0251027997583151 -0.215108007192612
-330 0 0 -0.024795500561595 -0.213241994380951
-329 0 0 -0.0244872998446226 -0.211370006203651
-328 0 0 -0.0241784006357193 -0.20949199795723
-327 0 0 -0.0238685999065638 -0.207608997821808
-326 0 0 -0.0235580001026392 -0.205718994140625
-325 0 0 -0.0232465993613005 -0.203822001814842
-324 0 0 -0.0229345001280308 -0.201919004321098
-323 0 0 -0.0226217992603779 -0.200008004903793
-322 0 0 -0.022308299317956 -0.198091000318527
-321 0 0 -0.021994199603796 -0.1961659938097
-320 0 0 -0.021679600700736 -0.194233000278473
-319 0 0 -0.0213644001632929 -0.192292004823685
-318 0 0 -0.0210485998541117 -0.190343007445335
-317 0 0 -0.0207323990762234 -0.188384994864464
-316 0 0 -0.0204157996922731 -0.186417996883392
-315 0 0 -0.0200987998396158 -0.18444299697876
-314 0 0 -0.0197815001010895 -0.182457998394966
-313 0 0 -0.0194639004766941 -0.180463001132011
-312 0 0 -0.0191459991037846 -0.178458005189896
-311 0 0 -0.0188280008733273 -0.176442995667458
-310 0 0 -0.0185099001973867 -0.17441800236702
-309 0 0 -0.0181917008012533 -0.172380998730659
-308 0 0 -0.0178734995424747 -0.170333996415138
-307 0 0 -0.0175554994493723 -0.168274998664856
-306 0 0 -0.0172374993562698 -0.166204005479813
-305 0 0 -0.0169197991490364 -0.164121001958847
-304 0 0 -0.0166023001074791 -0.16202500462532
-303 0 0 -0.0162851996719837 -0.159916996955872
-302 0 0 -0.0159686002880335 -0.157795995473862
-301 0 0 -0.0156523995101452 -0.155662000179291
-300 18 4 -0.0153369000181556 -0.153513997793198
-299 0 0 -0.0150220999494195 -0.151353001594543
-298 0 0 -0.014708099886775 -0.149177998304367
-297 0 0 -0.0143951000645757 -0.14698900282383
-296 0 0 -0.0140829998999834 -0.14478600025177
-295 0 0 -0.0137721002101898 -0.142569005489349
-294 0 0 -0.0134624000638723 -0.140338003635406
-293 0 0 -0.0131542002782226 -0.138093993067741
-292 0 0 -0.0128474999219179 -0.135836005210876
-291 0 0 -0.0125425001606345 -0.133564993739128
-290 0 0 -0.0122394002974033 -0.13128200173378
-289 0 0 -0.0119383996352553 -0.128986999392509
-288 0 0 -0.0116395996883512 -0.126681998372078
-287 0 0 -0.0113433003425598 -0.124367997050285
-286 0 0 -0.0110497996211052 -0.122045002877712
-285 0 0 -0.0107591999694705 -0.119716003537178
-284 0 0 -0.0104719996452332 -0.117384001612663
-283 0 0 -0.0101883001625538 -0.115050002932549
-282 0 0 -0.00990847032517195 -0.112717002630234
-281 0 0 -0.00963287986814976 -0.1103880032897
-280 0 0 -0.00936183985322714 -0.108066998422146
-279 0 0 -0.00909570977091789 -0.105756998062134
-278 0 0 -0.00883483979851007 -0.103462003171444
-277 0 0 -0.00857955031096935 -0.101186998188496
-276 0 0 -0.00833017006516457 -0.0989343002438545
-275 0 0 -0.00808699987828732 -0.0967094972729683
-274 0 0 -0.00785029027611017 -0.0945160016417503
-273 0 0 -0.00762024987488985 -0.0923575982451439
-272 0 0 -0.00739705981686711 -0.0902376025915146
-271 0 0 -0.00718082999810576 -0.0881590992212296
-270 0 0 -0.00697160977870226 -0.0861245021224022
-269 0 0 -0.00676940986886621 -0.0841358006000519
-268 0 0 -0.00657417997717857 -0.0821944996714592
-267 0 0 -0.00638583023101091 -0.0803017020225525
-266 0 0 -0.00620422977954149 -0.078457698225975
-265 0 0 -0.00602919980883598 -0.0766628012061119
-264 0 0 -0.0058605601079762 -0.0749164000153542
-263 0 0 -0.0056980699300766 -0.0732180997729301
-262 0 0 -0.00554152019321918 -0.0715669021010399
-261 0 0 -0.00539065012708306 -0.0699616000056267
-260 0 0 -0.00524521013721824 -0.0684008002281189
-259 0 0 -0.00510495994240046 -0.0668831989169121
-258 0 0 -0.00496964994817972 -0.0654070973396301
-257 0 0 -0.00483903009444475 -0.0639709979295731
-256 0 0 -0.00471286987885833 -0.0625730976462364
-255 0 0 -0.00459094019606709 -0.0612118989229202
-254 0 0 -0.00447301007807255 -0.0598856993019581
-253 0 0 -0.00435889000073075 -0.0585928000509739
-252 0 0 -0.0042483601719141 -0.0573316998779774
-251 0 0 -0.00414123991504312 -0.0561008006334305
-250 17 4 -0.00403734995052218 -0.0548986010253429
-249 0 0 -0.0039364998228848 -0.0537235997617245
-248 0 0 -0.00383856007829309 -0.0525745004415512
-247 0 0 -0.00374334002844989 -0.0514498017728329
-246 0 0 -0.00365073001012206 -0.0503484010696411
-245 0 0 -0.00356056005693972 -0.049268800765276
-244 0 0 -0.0034727300517261 -0.0482098981738091
-243 0 0 -0.00338710006326437 -0.047170601785183
-242 0 0 -0.00330355996266007 -0.0461498014628887
-241 0 0 -0.00322199007496238 -0.0451463013887405
-240 0 0 -0.00314230006188154 -0.0441590994596481
-239 0 0 -0.00306439003907144 -0.0431872010231018
-238 0 0 -0.0029881598893553 -0.042229600250721
-237 0 0 -0.00291350996121764 -0.0412853993475437
-236 0 0 -0.00284037995152175 -0.0403537005186081
-235 0 0 -0.00276866997592151 -0.0394335985183716
-234 0 0 -0.0026982999406755 -0.0385240986943245
-233 0 0 -0.00262919999659061 -0.0376245006918907
-232 0 0 -0.00256130006164312 -0.0367337986826897
-231 0 0 -0.00249453005380929 -0.0358512997627258
-230 0 0 -0.00242881011217833 -0.0349760018289089
-229 0 0 -0.00236407993361354 -0.0341072008013725
-228 0 0 -0.00230026990175247 -0.0332439988851547
-227 0 0 -0.00223730993457139 -0.0323854014277458
-226 0 0 -0.00217514997348189 -0.0315307006239891
-225 0 0 -0.00211371993646026 -0.0306788999587297
-224 0 0 -0.0020529399625957 -0.0298289991915226
-223 0 0 -0.00199274998158216 -0.0289801992475986
-222 0 0 -0.00193309003952891 -0.0281312000006437
-221 0 0 -0.00187388004269451 -0.0272810999304056
-220 0 0 -0.00181505002547055 -0.0264286994934082
-219 0 0 -0.00175652001053095 -0.0255725998431444
-218 0 0 -0.0016982100205496 -0.024711400270462
-217 0 0 -0.00164002005476505 -0.0238437000662088
-216 0 0 -0.00158186000771821 -0.0229675993323326
-215 0 0 -0.00152359995990992 -0.0220810994505882
-214 0 0 -0.00146514002699405 -0.0211821999400854
-213 0 0 -0.00140633003320545 -0.0202680006623268
-212 0 0 -0.00134699000045657 -0.019335500895977
-211 0 0 -0.00128692004363984 -0.0183809995651245
-210 0 0 -0.00124636001419276 -0.017730200663209
-209 0 0 -0.00120528996922076 -0.0170660000294447
-208 0 0 -0.00116360001266003 -0.0163864996284246
-207 0 0 -0.00112118001561612 -0.0156893990933895
-206 0 0 -0.0010778900468722 -0.0149721000343561
-205 0 0 -0.00104846002068371 -0.0144809996709228
-204 0 0 -0.00101849995553493 -0.0139782996848226
-203 0 0 -0.000987938954494894 -0.0134624997153878
-202 0 0 -0.00095669599249959 -0.0129321003332734
-201 0 0 -0.000924666004721075 -0.0123851001262665
-200 16 4 -0.000902816012967378 -0.0120101002976298
-199 0 0 -0.00088051799684763 -0.0116258002817631
-198 0 0 -0.000857723003719002 -0.0112314000725746
-197 0 0 -0.000834371021483094 -0.0108255995437503
-196 0 0 -0.000810393015854061 -0.010407299734652
-195 0 0 -0.000785704993177205 -0.00997466035187244
-194 0 0 -0.000768803001847118 -0.00967743992805481
-193 0 0 -0.000751506013330072 -0.00937238987535238
-192 0 0 -0.000733772991225123 -0.00905873998999596
-191 0 0 -0.000715555972419679 -0.00873557012528181
-190 0 0 -0.000696797971613705 -0.00840182043612003
-189 0 0 -0.000677432981319726 -0.00805621035397053
-188 0 0 -0.000664143997710198 -0.00781846977770329
-187 0 0 -0.000650522008072585 -0.00757424021139741
-186 0 0 -0.00063653098186478 -0.00732289999723434
-185 0 0 -0.000622134015429765 -0.00706373015418649
-184 0 0 -0.000607285997830331 -0.00679587014019489
-183 0 0 -0.000591933028772473 -0.00651830993592739
-182 0 0 -0.0005813849857077 -0.00632727984338999
-181 0 0 -0.000570560980122536 -0.00613099010661244
-180 0 0 -0.000559435982722789 -0.00592892989516258
-179 0 0 -0.000547980016563088 -0.00572053994983435
-178 0 0 -0.000536156003363431 -0.0055051501840353
-177 0 0 -0.000523923023138195 -0.00528198992833495
-176 0 0 -0.000515517021995038 -0.00512843998149037
-175 0 0 -0.000506890006363392 -0.0049707000143826
-174 0 0 -0.000498022011015564 -0.00480839004740119
-173 0 0 -0.000488890975248069 -0.00464107980951667
-172 0 0 -0.000479470007121563 -0.0044682901352644
-171 0 0 -0.000469727994641289 -0.00428943010047078
-170 0 0 -0.000463038013549522 -0.00416648015379906
-169 0 0 -0.000456175999715924 -0.00404029013589025
-168 0 0 -0.000449128012405708 -0.00391060998663306
-167 0 0 -0.000441879004938528 -0.00377711001783609
-166 0 0 -0.000434410001616925 -0.00363945006392896
-165 0 0 -0.000426698999945074 -0.0034972399007529
-164 0 0 -0.000418720999732614 -0.00334998988546431
-163 0 0 -0.000413239002227783 -0.00324876001104712
-162 0 0 -0.000407616986194625 -0.00314486003480852
-161 0 0 -0.000401841010898352 -0.00303808995522559
-160 0 0 -0.000395899987779558 -0.0029281999450177
-159 0 0 -0.000389777997042984 -0.0028149199206382
-158 0 0 -0.000383459992008284 -0.00269793998450041
-157 0 0 -0.000376926996978 -0.00257689994759858
-156 0 0 -0.000372440001228824 -0.00249376008287072
-155 0 0 -0.000367841013940051 -0.00240849005058408
-154 0 0 -0.000363121012924239 -0.00232094991952181
-153 0 0 -0.000358271005097777 -0.00223095994442701
-152 0 0 -0.000353281007846817 -0.0021383399143815
-151 0 0 -0.000348139001289383 -0.00204287003725767
-150 15 4 -0.000342832994647324 -0.00194433005526662
-149 0 0 -0.000337348988978192 -0.00184242997784168
-148 0 0 -0.000331671995809302 -0.00173689995426685
-147 0 0 -0.000325783010339364 -0.0016274000518024
-146 0 0 -0.000319663988193497 -0.00151356996502727
-145 0 0 -0.000313294003717601 -0.00139502005185932
-144 0 0 -0.000306648988043889 -0.00127132004126906
-143 0 0 -0.000299707986414433 -0.001142040011473
-142 0 0 -0.000292446988169104 -0.0010067600524053
-141 0 0 -0.000284846988506615 -0.000865121022798121
-140 0 0 -0.000268592004431412 -0.000561953987926245
-139 0 0 -0.000137139999424107 0.00189574004616588
-138 0 0 -1.38764999064733E-05 0.00420174980536103
-137 0 0 0.000133510999148712 0.00694565009325743
-136 0 0 0.000242074005655013 0.00894876010715961
-135 0 0 0.000333803007379174 0.0106252003461123
-134 0 0 0.000415810005506501 0.012109600007534
-133 0 0 0.000491449027322233 0.0134656997397542
-132 0 0 0.000562615983653814 0.0147297000512481
-131 0 0 0.000630502006970346 0.0159242991358042
-130 0 0 0.000695917988196015 0.0170652996748686
-129 0 0 0.000759441987611353 0.0181635990738869
-128 0 0 0.000821508991066366 0.0192277003079653
-127 0 0 0.00088245200458914 0.0202641002833843
-126 0 0 0.000942538026720285 0.0212779007852077
-125 0 0 0.00100198003929108 0.02227340079844
-124 0 0 0.00106097001116723 0.0232539996504784
-123 0 0 0.00111964996904135 0.0242226999253035
-122 0 0 0.0011781599605456 0.0251821000128984
-121 0 0 0.00123660999815911 0.0261345002800226
-120 0 0 0.00129510997794569 0.0270818006247282
-119 0 0 0.00135375000536442 0.0280258003622293
-118 0 0 0.0014126100577414 0.0289682000875473
-117 0 0 0.00147176999598742 0.0299104992300272
-116 0 0 0.00153131003025919 0.0308541990816593
-115 0 0 0.00159130000974983 0.0318005010485649
-114 0 0 0.00163157994393259 0.0324335992336273
-113 0 0 0.00167210004292428 0.0330687016248703
-112 0 0 0.00171287998091429 0.0337062999606133
-111 0 0 0.0017539500258863 0.0343468002974987
-110 0 0 0.00179531995672733 0.0349904000759125
-109 0 0 0.00183702004142106 0.0356375984847546
-108 0 0 0.00187904003541917 0.0362887009978294
-107 0 0 0.00192142999731004 0.0369439981877804
-106 0 0 0.00196418003179133 0.0376038998365402
-105 0 0 0.00200733006931841 0.0382687002420425
-104 0 0 0.0020508801098913 0.0389387011528015
-103 0 0 0.00209485995583236 0.0396143011748791
-102 0 0 0.00213928008452058 0.0402959994971752
-101 0 0 0.00218416005373001 0.0409839004278183
-100 14 4 0.00222951988689601 0.041678499430418
-99 0 0 0.00227537006139755 0.0423801988363266
-98 0 0 0.00232172990217805 0.0430893003940582
-97 0 0 0.00236862991005182 0.0438061989843845
-96 0 0 0.00240020011551678 0.0442886985838413
-95 0 0 0.00243201991543174 0.0447749011218548
-94 0 0 0.00246409000828862 0.0452650003135204
-93 0 0 0.0024964299518615 0.0457592010498047
-92 0 0 0.00252902996726334 0.0462574996054173
-91 0 0 0.00256190006621182 0.0467600002884865
-90 0 0 0.00259505002759397 0.0472670011222363
-89 0 0 0.00262849009595811 0.0477784015238285
-88 0 0 0.00266221002675593 0.0482944995164871
-87 0 0 0.00269623007625341 0.0488154999911785
-86 0 0 0.00273055001161993 0.0493412986397743
-85 0 0 0.00276518007740378 0.049872200936079
-84 0 0 0.00280012004077435 0.0504084005951881
-83 0 0 0.00283537991344929 0.050949901342392
-82 0 0 0.00287095992825925 0.0514969006180763
-81 0 0 0.00290687009692192 0.0520497001707554
-80 0 0 0.00294311996549368 0.0526081994175911
-79 0 0 0.00297970999963582 0.0531728006899357
-78 0 0 0.00301664997823536 0.0537435002624989
-77 0 0 0.00305393990129232 0.0543204993009567
-76 0 0 0.00309159001335502 0.0549039989709854
-75 0 0 0.0031296000815928 0.055494200438261
-74 0 0 0.00316798989661038 0.0560912005603313
-73 0 0 0.00319379009306431 0.0564930997788906
-72 0 0 0.00321975001133978 0.0568981990218163
-71 0 0 0.0032458899077028 0.0573064982891083
-70 0 0 0.00327220000326633 0.0577180981636047
-69 0 0 0.00329868006519973 0.0581329986453056
-68 0 0 0.00332534010522068 0.058551300317049
-67 0 0 0.00335217011161149 0.0589731000363827
-66 0 0 0.00337918009608984 0.0593983009457588
-65 0 0 0.00340637005865574 0.0598272010684013
-64 0 0 0.00343373999930918 0.0602596998214722
-63 0 0 0.00346128991805017 0.0606958009302616
-62 0 0 0.00348902004770935 0.0611357018351555
-61 0 0 0.0035169399343431 0.0615793988108635
-60 0 0 0.00354504003189504 0.0620268993079662
-59 0 0 0.00357332988642156 0.0624784007668495
-58 0 0 0.00360179995186627 0.0629338994622231
-57 0 0 0.0036304600071162 0.0633933991193771
-56 0 0 0.00365930004045367 0.0638569965958595
-55 0 0 0.00368834007531404 0.0643246993422508
-54 0 0 0.00371756008826196 0.0647967010736465
-53 0 0 0.00374698010273278 0.0652730017900467
-52 0 0 0.00377658009529114 0.0657536014914513
-51 0 0 0.00380637007765472 0.066238597035408
-50 13 4 0.00383635004982352 0.0667281001806259
-49 0 0 0.00386652001179755 0.067221999168396
-48 0 0 0.00389687996357679 0.0677205994725227
-47 0 0 0.00392743013799191 0.0682237967848778
-46 0 0 0.00395816005766392 0.0687317028641701
-45 0 0 0.00398907996714115 0.0692443996667862
-44 0 0 0.00402018986642361 0.069761797785759
-43 0 0 0.00405147019773722 0.0702842026948929
-42 0 0 0.00408294005319476 0.0708113983273506
-41 0 0 0.00411459011957049 0.0713436007499695
-40 0 0 0.00413578981533647 0.0717011019587517
-39 0 0 0.00415707007050514 0.0720610022544861
-38 0 0 0.00417842017486691 0.0724230036139488
-37 0 0 0.00419986015185714 0.0727873966097832
-36 0 0 0.00422136019915342 0.0731540024280548
-35 0 0 0.00424295011907816 0.0735229030251503
-34 0 0 0.00426460010930896 0.0738940984010696
-33 0 0 0.00428633019328117 0.074267603456974
-32 0 0 0.00430813012644649 0.07464350014925
-31 0 0 0.00433001015335321 0.0750216990709305
-30 0 0 0.00435194978490472 0.0754022002220154
-29 0 0 0.00437396019697189 0.0757851004600525
-28 0 0 0.00439603999257088 0.0761703997850418
-27 0 0 0.00441817985847592 0.0765580013394356
-26 0 0 0.00444037979468703 0.0769480019807816
-25 0 0 0.00446265004575253 0.0773404017090797
-24 0 0 0.00448497990146279 0.0777352005243301
-23 0 0 0.00450736982747912 0.078132301568985
-22 0 0 0.00452981004491448 0.0785318985581398
-21 0 0 0.00455230986699462 0.0789339020848274
-20 0 0 0.0045748702250421 0.0793382003903389
-19 0 0 0.00459747016429901 0.0797450020909309
-18 0 0 0.00462011992931366 0.0801542028784752
-17 0 0 0.00464281998574734 0.0805656984448433
-16 0 0 0.00466556986793876 0.080979697406292
-15 0 0 0.00468835001811385 0.0813959985971451
-14 0 0 0.00471117999404669 0.0818148031830788
-13 0 0 0.00473403977230191 0.0822359025478363
-12 0 0 0.00475694006308913 0.0826594009995461
-11 0 0 0.00477987015619874 0.083085298538208
-10 0 0 0.00480283005163074 0.0835134983062744
-9 0 0 0.00482580997049809 0.083944097161293
-8 0 0 0.00484882015734911 0.0843769982457161
-7 0 0 0.0048718499019742 0.0848122984170914
-6 0 0 0.00489488989114761 0.0852497965097427
-5 0 0 0.00491794990375638 0.0856897011399269
-4 0 0 0.00494102016091347 0.0861319005489349
-3 0 0 0.00496410019695759 0.0865762978792191
-2 0 0 0.00497948005795479 0.0868737995624542
1 0 0 0.00499999988824129 0.0872720032930374
1 0 0 0.00499999988824129 0.0872720032930374
-2 0 0 0.00502052018418908 0.0876720026135445
-3 0 0 0.00503590004518628 0.0879731997847557
-4 0 0 0.00505896983668208 0.0884267017245293
-5 0 0 0.00508202984929085 0.0888822972774506
-6 0 0 0.00510508008301258 0.0893402025103569
-7 0 0 0.00512810982763767 0.0898000970482826
-8 0 0 0.0051511200144887 0.0902621001005173
-9 0 0 0.00517409993335605 0.0907260999083519
-10 0 0 0.00519705004990101 0.0911922007799149
-11 0 0 0.0052199698984623 0.09166020154953
-12 0 0 0.00524285016581416 0.0921301990747452
-13 0 0 0.00526568992063403 0.0926022008061409
-14 0 0 0.00528847984969616 0.0930759981274605
-15 0 0 0.00531123019754887 0.0935517027974129
-16 0 0 0.00533392000943422 0.0940292030572891
-17 0 0 0.00535655999556184 0.0945084989070892
-18 0 0 0.00537913013249636 0.094989500939846
-19 0 0 0.00540164019912481 0.0954722017049789
-20 0 0 0.00542407017201185 0.0959566980600357
-21 0 0 0.00544644007459283 0.096442699432373
-22 0 0 0.00546872010454535 0.0969303026795387
-23 0 0 0.0054909298196435 0.0974195003509521
-24 0 0 0.00551305012777448 0.0979102030396461
-25 0 0 0.0055350698530674 0.0984024032950401
-26 0 0 0.00555700995028019 0.098895899951458
-27 0 0 0.00557884015142918 0.0993909016251564
-28 0 0 0.00560058001428843 0.0998871996998787
-29 0 0 0.00562220998108387 0.100385002791882
-30 0 0 0.00564373005181551 0.10088399797678
-31 0 0 0.00566512998193502 0.101383998990059
-32 0 0 0.00568642001599073 0.101884998381138
-33 0 0 0.00570758990943432 0.102387003600597
-34 0 0 0.00572864012792706 0.102889999747276
-35 0 0 0.00574955996125937 0.103395000100136
-36 0 0 0.00577034009620547 0.103900000452995
-37 0 0 0.00579098984599113 0.104405999183655
-38 0 0 0.00581151014193892 0.104914002120495
-39 0 0 0.00583188002929091 0.105421997606754
-40 0 0 0.00585211021825671 0.105930000543594
-41 0 0 0.00587218999862671 0.106440000236034
-42 0 0 0.00589211983606219 0.106949999928474
-43 0 0 0.00591190019622445 0.107460997998714
-44 0 0 0.00593151990324259 0.107973001897335
-45 0 0 0.0059509901329875 0.108484998345375
-46 0 0 0.00597028993070126 0.108998000621796
-47 0 0 0.00598943000659347 0.109511002898216
-48 0 0 0.00600840011611581 0.110025003552437
-49 0 0 0.006027199793607 0.110538996756077
-50 2 4 0.0060458299703896 0.111052997410297
-51 0 0 0.00606429018080235 0.111567996442318
-52 0 0 0.00608257995918393 0.112083002924919
-53 0 0 0.00610068021342158 0.11259900033474
-54 0 0 0.00611861003562808 0.11311399936676
-55 0 0 0.00613636011257768 0.113629996776581
-56 0 0 0.00615392019972205 0.114146001636982
-57 0 0 0.00617130007594824 0.114662997424603
-58 0 0 0.00618850020691752 0.115179002285004
-59 0 0 0.00620550010353327 0.115694999694824
-60 0 0 0.00622231978923082 0.116212002933025
-61 0 0 0.00623894995078444 0.116728000342846
-62 0 0 0.00625539012253284 0.117243997752666
-63 0 0 0.00627163983881474 0.117761000990868
-64 0 0 0.00628768978640437 0.118276998400688
-65 0 0 0.00630355020985007 0.118793003261089
-66 0 0 0.00631920993328094 0.11930900067091
-67 0 0 0.00633468013256788 0.11982499808073
-68 0 0 0.00634995987638831 0.120341002941132
-69 0 0 0.00636503007262945 0.120856001973152
-70 0 0 0.00637990981340408 0.121371001005173
-71 0 0 0.00639460003003478 0.121886000037193
-72 0 0 0.00640907976776361 0.122400999069214
-73 0 0 0.00642336998134851 0.122914999723434
-74 0 0 0.00643745996057987 0.123429998755455
-75 0 0 0.00645135017111897 0.123943001031876
-76 0 0 0.00647180993109941 0.124713003635406
-77 0 0 0.00649181986227632 0.125481992959976
-78 0 0 0.006511390209198 0.126249998807907
-79 0 0 0.00653052004054189 0.127018004655838
-80 0 0 0.00654918979853392 0.127783998847008
-81 0 0 0.00656743021681905 0.128548994660378
-82 0 0 0.00658521987497807 0.129313006997108
-83 0 0 0.00660256994888186 0.130074992775917
-84 0 0 0.00661949021741748 0.130836993455887
-85 0 0 0.00663596019148827 0.131596997380257
-86 0 0 0.00665199989452958 0.132356002926826
-87 0 0 0.00666760979220271 0.133113995194435
-88 0 0 0.00668278988450766 0.133871003985405
-89 0 0 0.00669754995033145 0.134626001119614
-90 0 0 0.00671188021078706 0.135379001498222
-91 0 0 0.00672578997910023 0.136132001876831
-92 0 0 0.00673928996548057 0.13688200712204
-93 0 0 0.00675236992537975 0.137631997466087
-94 0 0 0.00676504010334611 0.138380005955696
-95 0 0 0.00677730981260538 0.139126002788544
-96 0 0 0.00678917020559311 0.139871001243591
-97 0 0 0.00680063012987375 0.140615001320839
-98 0 0 0.00681171007454395 0.141357004642487
-99 0 0 0.00682239001616836 0.142096996307373
-100 3 4 0.00683268019929528 0.142836004495621
-101 0 0 0.00684258993715048 0.143573999404907
-102 0 0 0.00685212993994355 0.144309997558594
-103 0 0 0.00686128996312618 0.14504399895668
-104 0 0 0.00687009003013372 0.145777001976967
-105 0 0 0.00687851989641786 0.146507993340492
-106 0 0 0.00688658002763987 0.147238001227379
-107 0 0 0.00689430022612214 0.147965997457504
-108 0 0 0.00690521020442247 0.149056002497673
-109 0 0 0.00691536022350192 0.150141999125481
-110 0 0 0.00692474003881216 0.151224002242088
-111 0 0 0.00693337991833687 0.152302995324135
-112 0 0 0.0069412998855114 0.153378993272781
-113 0 0 0.00694849994033575 0.154451996088028
-114 0 0 0.00695500988513231 0.155521005392075
-115 0 0 0.00696085020899773 0.15658600628376
-116 0 0 0.00696601020172238 0.157648995518684
-117 0 0 0.00697054015472531 0.15870800614357
-118 0 0 0.00697442982345819 0.159764006733894
-119 0 0 0.00697770016267896 0.160815998911858
-120 0 0 0.00698038004338741 0.161865994334221
-121 0 0 0.00698246993124485 0.162911996245384
-122 0 0 0.00698398984968662 0.163955003023148
-123 0 0 0.00698495982214808 0.16499499976635
-124 0 0 0.00698539009317756 0.166032001376152
125 4 2 0.00698541989549994 0.166363000869751
126 0 0 0.00698516005650163 0.167395994067192
127 0 0 0.00698383990675211 0.168939992785454
128 0 0 0.00698143010959029 0.170477002859116
129 0 0 0.00697798980399966 0.172009006142616
130 0 0 0.0069735599681735 0.173534005880356
131 0 0 0.00696818996220827 0.175052002072334
132 0 0 0.00696193007752299 0.176565006375313
133 0 0 0.00695481989532709 0.17807200551033
134 0 0 0.00694691017270088 0.179572999477386
135 0 0 0.00693824980407953 0.181068003177643
136 0 0 0.00692886998876929 0.182558000087738
137 0 0 0.0069188098423183 0.184043005108833
138 0 0 0.00690812012180686 0.185522004961967
139 0 0 0.00689683994278312 0.18699599802494
140 0 0 0.00688500981777906 0.188464999198914
141 0 0 0.00687266001477838 0.189930006861687
142 0 0 0.00685983011499047 0.191388994455338
143 0 0 0.0068465699441731 0.19284400343895
144 0 0 0.00683289021253586 0.194294005632401
145 0 0 0.00681885005906224 0.19573900103569
146 0 0 0.00680446997284889 0.19718100130558
147 0 0 0.00678233010694385 0.199334993958473
148 0 0 0.00675961980596185 0.201480001211166
149 0 0 0.00673642009496689 0.203615993261337
150 5 4 0.00671285018324852 0.205742999911308
151 0 0 0.00668899016454816 0.207863003015518
152 0 0 0.00666492991149426 0.209974005818367
153 0 0 0.00664074998348951 0.212078005075455
154 0 0 0.0066165397875011 0.214174002408981
155 0 0 0.00659237988293171 0.216263994574547
156 0 0 0.00656832987442613 0.218346998095512
157 0 0 0.00654446985572577 0.220422998070717
158 0 0 0.00652085989713669 0.222494006156921
159 0 0 0.00649756984785199 0.224557995796204
160 0 0 0.0064746499992907 0.226616993546486
161 0 0 0.0064410800114274 0.229695007205009
162 0 0 0.00640864996239543 0.23276199400425
163 0 0 0.00637752003967762 0.23581799864769
164 0 0 0.00634782994166017 0.238864004611969
165 0 0 0.00631971005350351 0.241901993751526
166 0 0 0.0062932800501585 0.244930997490883
167 0 0 0.00626862980425358 0.247951999306679
168 0 0 0.00624587992206216 0.250966012477875
169 0 0 0.00622509978711605 0.253973007202148
170 0 0 0.00620636017993093 0.256974995136261
171 0 0 0.00618971977382898 0.259970992803574
172 0 0 0.00616883998736739 0.264456987380981
173 0 0 0.00615298002958298 0.268934011459351
174 0 0 0.00614224979653955 0.273404985666275
175 0 0 0.00613674009218812 0.277869999408722
-176 6 2 0.00613594986498356 0.28030800819397
-177 0 0 0.00613859994336963 0.284767985343933
-178 0 0 0.00615251017734408 0.291456997394562
-179 0 0 0.0061783199198544 0.29814800620079
-180 0 0 0.006215900182724 0.304847002029419
-181 0 0 0.00626506982371211 0.311556994915009
-182 0 0 0.00632556015625596 0.31828498840332
-183 0 0 0.00639710016548634 0.325033009052277
-184 0 0 0.00647936994209886 0.331806987524033
-185 0 0 0.00657200021669269 0.338609993457794
-186 0 0 0.00667465012520552 0.345447987318039
-187 0 0 0.00678694015368819 0.352322995662689
-188 0 0 0.00690846983343363 0.359241008758545
-189 0 0 0.00703888013958931 0.366205006837845
-190 0 0 0.00717777013778687 0.373219013214111
-191 0 0 0.00732475984841585 0.380288004875183
-192 0 0 0.0074794702231884 0.387414991855621
-193 0 0 0.00764153013005853 0.39460501074791
-194 0 0 0.00781056983396411 0.401861995458603
-195 0 0 0.00798621959984303 0.409189999103546
-196 0 0 0.00816813018172979 0.416595011949539
-197 0 0 0.0083559500053525 0.42407900094986
-198 0 0 0.00854932982474566 0.43164798617363
-199 0 0 0.00874792970716953 0.439307004213333
-200 7 4 0.0089514097198844 0.447059005498886
-201 0 0 0.00915944017469883 0.45491099357605
-202 0 0 0.00937168020755053 0.462866991758347
-203 0 0 0.00958780013024807 0.470932990312576
-204 0 0 0.00980747025460005 0.479113012552261
-205 0 0 0.0100303003564477 0.487414002418518
-206 0 0 0.0102561004459858 0.49584099650383
-207 0 0 0.0104844002053142 0.504401028156281
-208 0 0 0.0107148997485638 0.513098001480103
-209 0 0 0.0109471995383501 0.521941006183624
-210 0 0 0.0111809000372887 0.530934989452362
-211 0 0 0.0114158000797033 0.540086984634399
-212 0 0 0.0116513995453715 0.549404978752136
-213 0 0 0.0118872001767159 0.558897018432617
-214 0 0 0.0121229998767376 0.568569004535675
-215 0 0 0.0123581998050213 0.578429996967316
-216 0 0 0.0125924004241824 0.5884889960289
-217 0 0 0.0128252003341913 0.59875500202179
-218 0 0 0.01305599976331 0.609234988689423
-219 0 0 0.0132844001054764 0.619939982891083
-220 0 0 0.0135097000747919 0.630881011486053
-221 0 0 0.013731500133872 0.642064988613129
-222 0 0 0.0139490999281406 0.653505980968475
-223 0 0 0.0141620002686977 0.665212988853455
-224 0 0 0.0143694998696446 0.677196979522705
-225 0 0 0.0145709002390504 0.689469993114471
-226 0 0 0.0147657003253698 0.702045023441315
-227 0 0 0.0149529995396733 0.714932978153229
-228 0 0 0.015132199972868 0.728146970272064
-229 0 0 0.015302499756217 0.741698980331421
-230 0 0 0.015463300049305 0.755603015422821
-231 0 0 0.0156137999147177 0.769872009754181
-232 0 0 0.0157532002776861 0.784518003463745
-233 0 0 0.0158810000866652 0.799553990364075
-234 0 0 0.0159964002668858 0.814993023872375
-235 0 0 0.0160987991839647 0.830847978591919
-236 0 0 0.0161878000944853 0.847131013870239
-237 0 0 0.0162627007812262 0.863852977752686
-238 0 0 0.0163234006613493 0.881025016307831
-239 0 0 0.0163694005459547 0.898657023906708
-240 0 0 0.0164007991552353 0.916758000850677
-241 0 0 0.0164177007973194 0.935335993766785
-242 8 2 0.0164209008216858 0.94809502363205
243 0 0 0.0164138991385698 0.96748298406601
244 0 0 0.0163934994488955 0.987361013889313
245 0 0 0.0163602996617556 1.00773000717163
246 0 0 0.0163155999034643 1.02858996391296
247 0 0 0.0162604004144669 1.04995000362396
248 0 0 0.0161963999271393 1.07178997993469
249 0 0 0.016125300899148 1.09412002563477
250 9 4 0.016048900783062 1.11691999435425
251 0 0 0.0159693993628025 1.14020001888275
252 0 0 0.0158891007304192 1.16393005847931
253 0 0 0.0158102996647358 1.18810999393463
254 0 0 0.015735600143671 1.21273994445801
255 0 0 0.0156673993915319 1.23777997493744
256 0 0 0.0156083004549146 1.26324999332428
257 0 0 0.0155608002096415 1.28910994529724
258 0 0 0.0155274998396635 1.31535995006561
259 0 0 0.0155106000602245 1.34197998046875
-260 10 2 0.0155090000480413 1.35294997692108
-261 0 0 0.0155191998928785 1.38008999824524
-262 0 0 0.0155510995537043 1.40755999088287
-263 0 0 0.0156065998598933 1.43536996841431
-264 0 0 0.0156874991953373 1.46350002288818
-265 0 0 0.015795299783349 1.49194002151489
-266 0 0 0.0159313008189201 1.52067995071411
-267 0 0 0.0160968005657196 1.5497100353241
-268 0 0 0.0162927992641926 1.57902002334595
-269 0 0 0.0165199991315603 1.60860002040863
-270 0 0 0.0167789999395609 1.63845002651215
-271 0 0 0.0170705001801252 1.66856002807617
-272 0 0 0.0173946991562843 1.69890999794006
-273 0 0 0.0177516993135214 1.72951996326447
-274 0 0 0.0181418005377054 1.7603600025177
-275 0 0 0.0185646992176771 1.79142999649048
-276 0 0 0.0190203990787268 1.8227299451828
-277 0 0 0.0195086002349854 1.85424995422363
-278 0 0 0.0200289003551006 1.88599002361298
-279 0 0 0.0205809008330107 1.9179300069809
-280 0 0 0.0211641993373632 1.95009005069733
-281 0 0 0.0217781998217106 1.98245000839233
-282 0 0 0.0224223993718624 2.01500010490417
-283 0 0 0.0230960007756948 2.0477499961853
-284 0 0 0.0237984992563725 2.08068990707397
-285 0 0 0.0245290994644165 2.11381006240845
-286 0 0 0.0252871997654438 2.14710998535156
-287 0 0 0.0260719005018473 2.1805899143219
-288 0 0 0.0268827006220818 2.21424007415771
-289 0 0 0.0277185998857021 2.24805998802185
-290 0 0 0.0285790991038084 2.28204011917114
-291 0 0 0.0294631998986006 2.31617999076843
-292 0 0 0.0303703993558884 2.35048007965088
-293 0 0 0.0312996990978718 2.384929895401
-294 0 0 0.0322505012154579 2.41951990127563
-295 0 0 0.0332221016287804 2.45425009727478
-296 0 0 0.034213699400425 2.4891300201416
-297 0 0 0.0352246984839439 2.52413988113403
-298 0 0 0.0362542010843754 2.55926990509033
-299 0 0 0.0373017005622387 2.59454011917114
-300 11 4 0.0383665002882481 2.62992000579834
-301 0 0 0.0394480004906654 2.66543006896973
-302 0 0 0.0405454002320766 2.70105004310608
-303 0 0 0.0416583009064198 2.7367799282074
-304 0 0 0.0427859015762806 2.77260994911194
-305 0 0 0.0439276993274689 2.80854988098145
-306 0 0 0.0450831986963749 2.84458994865417
-307 0 0 0.0462516993284225 2.88071990013123
-308 0 0 0.0474328994750977 2.9169499874115
-309 0 0 0.0486260987818241 2.95325994491577
-310 0 0 0.04983089864254 2.98966002464294
-311 12 9 0.0510467998683453 3.02613997459412
