-278 14 9 -0.0500756986439228 -0.398777991533279
-277 0 0 -0.0494711995124817 -0.393979996442795
-276 0 0 -0.0488677993416786 -0.389209002256393
-275 0 0 -0.0482653006911278 -0.384465008974075
-274 0 0 -0.0476633012294769 -0.379745006561279
-273 0 0 -0.047061700373888 -0.375048995018005
-272 0 0 -0.0464600995182991 -0.370375990867615
-271 0 0 -0.0458583012223244 -0.365725010633469
-270 0 0 -0.0452560000121593 -0.361093997955322
-269 0 0 -0.0446529984474182 -0.35648301243782
-268 0 0 -0.0440488010644913 -0.351889997720718
-267 0 0 -0.0434432998299599 -0.347312986850739
-266 0 0 -0.0428362004458904 -0.342752993106842
-265 0 0 -0.0422272011637688 -0.338207989931107
-264 0 0 -0.0416160002350807 -0.333676010370255
-263 0 0 -0.0410022996366024 -0.329156994819641
-262 0 0 -0.0403858013451099 -0.324649006128311
-261 0 0 -0.0397663004696369 -0.320151001214981
-260 0 0 -0.0391433984041214 -0.315661996603012
-259 0 0 -0.0385169014334679 -0.311179995536804
-258 0 0 -0.0378866009414196 -0.306704998016357
-257 0 0 -0.0372520014643669 -0.302235007286072
-256 0 0 -0.0366130992770195 -0.297767996788025
-255 0 0 -0.0359693989157677 -0.293303996324539
-254 0 0 -0.0353209003806114 -0.288839995861053
-253 0 0 -0.0346671007573605 -0.284377008676529
-252 0 0 -0.0340078994631767 -0.279911011457443
-251 0 0 -0.0333430990576744 -0.275440990924835
-250 13 4 -0.0326724015176296 -0.270965993404388
-249 0 0 -0.0319956988096237 -0.266483992338181
-248 0 0 -0.0313129015266895 -0.261994004249573
-247 0 0 -0.0306237004697323 -0.257494002580643
-246 0 0 -0.0301606003195047 -0.254485994577408
-245 0 0 -0.0296947006136179 -0.251473009586334
-244 0 0 -0.0292259007692337 -0.248454004526138
-243 0 0 -0.0287542007863522 -0.245426997542381
-242 0 0 -0.0282795000821352 -0.242392003536224
-241 0 0 -0.0278019998222589 -0.239347994327545
-240 0 0 -0.0273215007036924 -0.236294999718666
-239 0 0 -0.0268380995839834 -0.233233004808426
-238 0 0 -0.0263519007712603 -0.230158999562263
-237 0 0 -0.0258627999573946 -0.22707499563694
-236 0 0 -0.0253710001707077 -0.223976999521255
-235 0 0 -0.025041600689292 -0.221904993057251
-234 0 0 -0.024711100384593 -0.219826996326447
-233 0 0 -0.024379400536418 -0.217742994427681
-232 0 0 -0.0240464992821217 -0.215652003884315
-231 0 0 -0.0237125996500254 -0.213553994894028
-230 0 0 -0.023377500474453 -0.21144899725914
-229 0 0 -0.0230414997786283 -0.209336996078491
-228 0 0 -0.0227044001221657 -0.207215994596481
-227 0 0 -0.0223664008080959 -0.205088004469872
-226 0 0 -0.0220273993909359 -0.202950999140739
-225 0 0 -0.021687600761652 -0.200806006789207
-224 0 0 -0.0213469993323088 -0.198651000857353
-223 0 0 -0.0210055001080036 -0.196487993001938
-222 0 0 -0.0206633992493153 -0.194314002990723
-221 0 0 -0.0203204993158579 -0.192129999399185
-220 0 0 -0.0199771001935005 -0.189935997128487
-219 0 0 -0.0196330994367599 -0.187730997800827
-218 0 0 -0.0192887000739574 -0.185514003038406
-217 0 0 -0.0189437996596098 -0.183285996317863
-216 0 0 -0.0185986999422312 -0.18104599416256
-215 0 0 -0.0182531997561455 -0.178792998194695
-214 0 0 -0.0179076008498669 -0.176526993513107
-213 0 0 -0.017561899498105 -0.174247995018959
-212 0 0 -0.0172162000089884 -0.17195500433445
-211 0 0 -0.0168705005198717 -0.169648006558418
-210 0 0 -0.0165251009166241 -0.167327001690865
-209 0 0 -0.0161799006164074 -0.164989992976189
-208 0 0 -0.0158351007848978 -0.162636995315552
-207 0 0 -0.0154908001422882 -0.160269007086754
-206 0 0 -0.0151471002027392 -0.157884001731873
-205 0 0 -0.0148042002692819 -0.15548300743103
-204 0 0 -0.0144621003419161 -0.153063997626305
-203 0 0 -0.0141209997236729 -0.150628998875618
-202 0 0 -0.0137810995802283 -0.148175001144409
-201 0 0 -0.0134423999115825 -0.145704001188278
-200 12 4 -0.0131051996722817 -0.143215999007225
-199 0 0 -0.0127696003764868 -0.14070999622345
-198 0 0 -0.0124359000474215 -0.138185992836952
-197 0 0 -0.0121042001992464 -0.135646000504494
-196 0 0 -0.0117747001349926 -0.133089005947113
-195 0 0 -0.0114476997405291 -0.13051700592041
-194 0 0 -0.0111234998330474 -0.127930000424385
-193 0 0 -0.0108022997155786 -0.125330999493599
-192 0 0 -0.0104844998568296 -0.122721001505852
-191 0 0 -0.0101704001426697 -0.120103001594543
-190 0 0 -0.00986040011048317 -0.117478996515274
-189 0 0 -0.0095549002289772 -0.114853002130985
-188 0 0 -0.009254340082407 -0.112228997051716
-187 0 0 -0.00895914994180202 -0.109610997140408
-186 0 0 -0.00866980012506247 -0.107004001736641
-185 0 0 -0.00838677026331425 -0.104413002729416
-184 0 0 -0.00811049994081259 -0.101845003664494
-183 0 0 -0.0078414399176836 -0.0993048995733261
-182 0 0 -0.00757999019697309 -0.0967985987663269
-181 0 0 -0.0073264897800982 -0.0943316966295242
-180 0 0 -0.00708121014758945 -0.0919096022844315
-179 0 0 -0.00684437016025186 -0.089537002146244
-178 0 0 -0.0066160699352622 -0.0872178971767426
-177 0 0 -0.00639637000858784 -0.0849556028842926
-176 0 0 -0.00618520006537437 -0.0827526971697807
-175 0 0 -0.00598246976733208 -0.0806106999516487
-174 0 0 -0.00578797003254294 -0.0785306021571159
-173 0 0 -0.00560148991644382 -0.0765125006437302
-172 0 0 -0.00542273977771401 -0.0745557993650436
-171 0 0 -0.00525140995159745 -0.0726597011089325
-170 0 0 -0.00508718006312847 -0.0708227977156639
-169 0 0 -0.00492969993501902 -0.0690430998802185
-168 0 0 -0.00477861985564232 -0.0673187971115112
-167 0 0 -0.004633619915694 -0.0656476989388466
-166 0 0 -0.00449434015899897 -0.0640275031328201
-165 0 0 -0.00436046021059155 -0.0624559000134468
-164 0 0 -0.00423168018460274 -0.0609304010868073
-163 0 0 -0.00410768017172813 -0.0594487003982067
-162 0 0 -0.00398819986730814 -0.0580086000263691
-161 0 0 -0.00387295009568334 -0.0566078014671803
-160 0 0 -0.00376169010996819 -0.0552440993487835
-159 0 0 -0.00365417008288205 -0.0539154000580311
-158 0 0 -0.00355018000118434 -0.0526196993887424
-157 0 0 -0.00344951008446515 -0.0513551011681557
-156 0 0 -0.00335195008665323 -0.0501197017729282
-155 0 0 -0.00325732002966106 -0.0489116013050079
-154 0 0 -0.00316545995883644 -0.0477292984724045
-153 0 0 -0.00307618989609182 -0.0465710982680321
-152 0 0 -0.00298936991021037 -0.0454352982342243
-151 0 0 -0.0029048400465399 -0.0443205982446671
-150 11 4 -0.00282248994335532 -0.0432255007326603
-149 0 0 -0.00274217990227044 -0.0421486012637615
-148 0 0 -0.00266378000378609 -0.0410884991288185
-147 0 0 -0.00258718989789486 -0.0400439985096455
-146 0 0 -0.00251228990964592 -0.0390136986970901
-145 0 0 -0.00243898993358016 -0.0379965007305145
-144 0 0 -0.00236717006191611 -0.0369910001754761
-143 0 0 -0.00229674996808171 -0.0359961986541748
-142 0 0 -0.00222763000056148 -0.0350106991827488
-141 0 0 -0.00215973006561399 -0.0340333990752697
-140 0 0 -0.00209294003434479 -0.0330630987882614
-139 0 0 -0.00202720006927848 -0.0320984981954098
-138 0 0 -0.0019624000415206 -0.0311383008956909
-137 0 0 -0.00189846998546273 -0.0301812998950481
-136 0 0 -0.00183531001675874 -0.0292261000722647
-135 0 0 -0.00177283002994955 -0.0282710995525122
-134 0 0 -0.00171095004770905 -0.0273148994892836
-133 0 0 -0.00164956005755812 -0.0263557992875576
-132 0 0 -0.00158856995403767 -0.0253919009119272
-131 0 0 -0.00152785994578153 -0.0244213007390499
-130 0 0 -0.0014673100085929 -0.0234414990991354
-129 0 0 -0.00140677997842431 -0.0224501006305218
-128 0 0 -0.00134613004047424 -0.0214440003037453
-127 0 0 -0.00128516997210681 -0.0204197000712156
-126 0 0 -0.00122368999291211 -0.0193728990852833
-125 0 0 -0.00118230003863573 -0.0186599995940924
-124 0 0 -0.00114048004616052 -0.0179329998791218
-123 0 0 -0.00109812000300735 -0.0171897001564503
-122 0 0 -0.00105511001311243 -0.0164273995906115
-121 0 0 -0.00101127999369055 -0.0156430993229151
-120 0 0 -0.000981530989520252 -0.0151060996577144
-119 0 0 -0.000951270980294794 -0.0145562998950481
-118 0 0 -0.000920428021345288 -0.0139918997883797
-117 0 0 -0.000888910028152168 -0.0134111000224948
-116 0 0 -0.000856606988236308 -0.0128114996477962
-115 0 0 -0.00083456898573786 -0.0124000003561378
-114 0 0 -0.000812073994893581 -0.0119778998196125
-113 0 0 -0.000789066019933671 -0.0115438997745514
-112 0 0 -0.000765478005632758 -0.0110967997461557
-111 0 0 -0.000741231022402644 -0.0106349000707269
-110 0 0 -0.000724653014913201 -0.010317699983716
-109 0 0 -0.000707707018591464 -0.0099923200905323
-108 0 0 -0.000690351007506251 -0.00965792033821344
-107 0 0 -0.000672542024403811 -0.00931353960186243
-106 0 0 -0.000654224015306681 -0.00895806960761547
-105 0 0 -0.000635333999525756 -0.00859014969319105
-104 0 0 -0.000622385006863624 -0.00833715964108706
-103 0 0 -0.000609119015280157 -0.00807735975831747
-102 0 0 -0.000595505989622325 -0.00781009020283818
-101 0 0 -0.000581509026233107 -0.00753457983955741
-100 10 4 -0.000567083014175296 -0.00724992016330361
-99 0 0 -0.000552179000806063 -0.00695506017655134
-98 0 0 -0.00054194702534005 -0.00675219018012285
-97 0 0 -0.00053145200945437 -0.00654376018792391
-96 0 0 -0.000520671019330621 -0.00632927007973194
-95 0 0 -0.000509574019815773 -0.00610810006037354
-94 0 0 -0.000498128007166088 -0.00587956001982093
-93 0 0 -0.000486292003188282 -0.00564280990511179
-92 0 0 -0.000478161993669346 -0.00547994021326303
-91 0 0 -0.000469821010483429 -0.00531264021992683
-90 0 0 -0.000461251009255648 -0.00514052016660571
-89 0 0 -0.000452428008429706 -0.00496313022449613
-88 0 0 -0.000443327997345477 -0.0047799302265048
-87 0 0 -0.000433921988587826 -0.00459031015634537
-86 0 0 -0.000427463004598394 -0.00445997016504407
-85 0 0 -0.000420839001890272 -0.00432620011270046
-84 0 0 -0.000414037989685312 -0.00418870989233255
-83 0 0 -0.000407043000450358 -0.00404718983918428
-82 0 0 -0.000399835989810526 -0.00390123995020986
-81 0 0 -0.000392395013477653 -0.00375044997781515
-80 0 0 -0.000384698010748252 -0.00359428999945521
-79 0 0 -0.000379409000743181 -0.00348691991530359
-78 0 0 -0.000373982999008149 -0.00337669998407364
-77 0 0 -0.000368409004295245 -0.00326340994797647
-76 0 0 -0.000362674007192254 -0.00314676994457841
-75 0 0 -0.000356764008756727 -0.00302649009972811
-74 0 0 -0.000350662012351677 -0.00290223001502454
-73 0 0 -0.000344349013175815 -0.00277358992025256
-72 0 0 -0.000337803008733317 -0.00264010997489095
-71 0 0 -0.000330998009303585 -0.0025012600235641
-70 0 0 -0.000323902000673115 -0.00235637999139726
-69 0 0 -0.0003164800000377 -0.00220473995432258
-68 0 0 -0.000308687012875453 -0.00204541999846697
-67 0 0 -0.000300470012007281 -0.00187731999903917
-66 0 0 -0.000291765987640247 -0.00169913005083799
-65 0 0 -0.000282499007880688 -0.0015092600369826
-64 0 0 -0.00027257899637334 -0.00130588002502918
-63 0 0 -0.00025035600992851 -0.000849752977956086
-62 0 0 -0.000141105003422126 0.00139979005325586
-61 0 0 -7.78139001340605E-05 0.0027053200174123
-60 0 0 0.000312641001073644 0.0106627997010946
-59 0 0 0.000544395996257663 0.0152139002457261
-58 0 0 0.000743356009479612 0.0189900994300842
-57 0 0 0.000929699977859855 0.0224206000566483
-56 0 0 0.00111167994327843 0.0256820991635323
-55 0 0 0.00129388005007058 0.0288733001798391
-54 0 0 0.00147944001946598 0.0320607014000416
-53 0 0 0.00167080003302544 0.0352967008948326
-52 0 0 0.00187011994421482 0.0386275015771389
-51 0 0 0.00207945005968213 0.0420980006456375
-50 9 4 0.00230087991803885 0.0457555018365383
-49 0 0 0.0025365399196744 0.049652099609375
-48 0 0 0.00278866989538074 0.0538472011685371
-47 0 0 0.00305948010645807 0.0584096983075142
-46 0 0 0.00335091003216803 0.0634185001254082
-45 0 0 0.00366405001841486 0.0689603015780449
-44 0 0 0.0039980998262763 0.0751209035515785
-43 0 0 0.00434871995821595 0.081963799893856
-42 0 0 0.0047061899676919 0.0894958972930908
-41 0 0 0.00505498982965946 0.0976333990693092
-40 0 0 0.00537643022835255 0.106201998889446
-39 0 0 0.00565405981615186 0.114987000823021
-38 0 0 0.00587781984359026 0.123800002038479
-37 0 0 0.00604467978700995 0.132513001561165
-36 0 0 0.00615677982568741 0.141059994697571
-35 0 0 0.00621925015002489 0.149412006139755
34 8 2 0.00623854994773865 0.157564997673035
33 0 0 0.00623441999778152 0.161443993449211
32 0 0 0.00620224978774786 0.169322997331619
31 0 0 0.00614354014396667 0.177035003900528
30 0 0 0.00606434000656009 0.184596002101898
29 0 0 0.00597007991746068 0.192024007439613
28 0 0 0.00586559996008873 0.199332997202873
27 0 0 0.00575515022501349 0.206536993384361
26 0 0 0.00564238987863064 0.2136490046978
25 0 0 0.00553045002743602 0.220680996775627
24 0 0 0.00542195001617074 0.227642998099327
23 0 0 0.00531909009441733 0.234543994069099
22 0 0 0.00522365001961589 0.241394996643066
21 0 0 0.00513705983757973 0.248201996088028
20 0 0 0.00506041990593076 0.254972994327545
19 0 0 0.00499460007995367 0.261714994907379
18 0 0 0.0049401898868382 0.268436014652252
17 0 0 0.00489762984216213 0.275139987468719
16 0 0 0.0048671499826014 0.281834006309509
15 0 0 0.00484888022765517 0.288522988557816
14 7 2 0.00484280986711383 0.295213013887405
-13 0 0 0.00484305014833808 0.296564012765884
-12 0 0 0.0048515098169446 0.303259998559952
-11 0 0 0.0048718499019742 0.309967994689941
-10 0 0 0.00490383012220263 0.316691011190414
-9 0 0 0.00493148015812039 0.321182996034622
-8 0 0 0.00495267985388637 0.324184000492096
-7 0 0 0.00496800988912582 0.326187998056412
-6 0 0 0.00497876992449164 0.32752400636673
-5 0 0 0.00498617999255657 0.328415989875793
-4 0 0 0.0049912198446691 0.329010993242264
-3 0 0 0.00499462988227606 0.32940798997879
-2 0 0 0.00499692000448704 0.329672008752823
1 0 0 0.00499999988824129 0.330024987459183
1 0 0 0.00499999988824129 0.330024987459183
-2 0 0 0.00500311003997922 0.330377995967865
-3 0 0 0.00500546023249626 0.330642014741898
-4 0 0 0.00500902021303773 0.331039011478424
-5 0 0 0.00501442980021238 0.331634998321533
-6 0 0 0.00502269016578794 0.332529008388519
-7 0 0 0.00503541994839907 0.333871006965637
-8 0 0 0.00505529018118978 0.335887014865875
-9 0 0 0.00508680986240506 0.33891499042511
-10 0 0 0.00513785006478429 0.343470007181168
-11 0 0 0.00522270007058978 0.350333988666534
-12 0 0 0.00531713990494609 0.357239007949829
-13 0 0 0.00542079005390406 0.364188998937607
-14 0 0 0.00553327007219195 0.371188998222351
-15 0 0 0.00565419998019934 0.378241002559662
-16 0 0 0.00578321004286408 0.385351002216339
-17 0 0 0.00591991981491446 0.392522990703583
-18 0 0 0.006063980050385 0.399760007858276
-19 0 0 0.00621502008289099 0.407067000865936
-20 0 0 0.00637271022424102 0.414449006319046
-21 0 0 0.00653669983148575 0.421909987926483
-22 0 0 0.00670664990320802 0.429453998804092
-23 0 0 0.00688224006444216 0.43708598613739
-24 0 0 0.00706316018477082 0.44481098651886
-25 0 0 0.00724906986579299 0.452634006738663
-26 0 0 0.00743967015296221 0.460559993982315
-27 0 0 0.00763466022908688 0.468593001365662
-28 0 0 0.00783372018486261 0.476740002632141
-29 0 0 0.00803655013442039 0.485006004571915
-30 0 0 0.00824283994734287 0.493396013975143
-31 0 0 0.00845228973776102 0.501915991306305
-32 0 0 0.00866458006203175 0.510573029518127
-33 0 0 0.00887939985841513 0.519372999668121
-34 0 0 0.00909642968326807 0.528322994709015
-35 0 0 0.00931533984839916 0.537428975105286
-36 0 0 0.00953579973429441 0.546698987483978
-37 0 0 0.00975747033953667 0.55613899230957
-38 0 0 0.00997999031096697 0.565757989883423
-39 0 0 0.0102030001580715 0.575564026832581
-40 0 0 0.0104261003434658 0.585564970970154
-41 0 0 0.0106488997116685 0.595770001411438
-42 0 0 0.0108709996566176 0.606187999248505
-43 0 0 0.0110919997096062 0.616827011108398
-44 0 0 0.0113113997504115 0.627698004245758
-45 0 0 0.0115286996588111 0.638812005519867
-46 0 0 0.0117434998974204 0.650177001953125
-47 0 0 0.0119553003460169 0.661805987358093
-48 0 0 0.0121635003015399 0.673708975315094
-49 0 0 0.0123675996437669 0.685898005962372
-50 2 4 0.0125670004636049 0.698383986949921
-51 0 0 0.0127611001953483 0.711179971694946
-52 0 0 0.0129493996500969 0.724299013614655
-53 0 0 0.0131312003359199 0.737752020359039
-54 0 0 0.0133060002699494 0.751554012298584
-55 0 0 0.0134730003774166 0.765715003013611
-56 0 0 0.0136318001896143 0.780251026153564
-57 0 0 0.0137817999348044 0.795172989368439
-58 0 0 0.0139223001897335 0.810495018959045
-59 0 0 0.0140527999028563 0.826228976249695
-60 0 0 0.0141728995367885 0.842387020587921
-61 0 0 0.0142820999026299 0.858981013298035
-62 0 0 0.0143801001831889 0.876021981239319
-63 0 0 0.0144667001441121 0.893519997596741
-64 0 0 0.0145416995510459 0.911485016345978
-65 0 0 0.0146051999181509 0.929924011230469
-66 0 0 0.0146572003141046 0.948844015598297
-67 0 0 0.0146981002762914 0.96825098991394
-68 0 0 0.0147283002734184 0.988148987293243
-69 0 0 0.0147486003115773 1.00854003429413
-70 0 0 0.0147598003968596 1.02942001819611
-71 3 2 0.014762899838388 1.04904997348785
72 0 0 0.0147596001625061 1.07087004184723
73 0 0 0.0147508000954986 1.09317994117737
74 0 0 0.0147380996495485 1.1159600019455
75 0 0 0.0147232003509998 1.13921999931335
76 0 0 0.0147080002352595 1.16293001174927
77 0 0 0.0146944001317024 1.18710005283356
78 0 0 0.0146843995898962 1.21169996261597
79 0 0 0.0146802999079227 1.23672997951508
-80 4 2 0.0146802999079227 1.2383199930191
-81 0 0 0.0146847004070878 1.26379001140594
-82 0 0 0.014699200168252 1.28965997695923
-83 0 0 0.0147259999066591 1.3159099817276
-84 0 0 0.0147668998688459 1.34255003929138
-85 0 0 0.0148238996043801 1.36953997612
-86 0 0 0.0148986997082829 1.39689004421234
-87 0 0 0.0149931004270911 1.42456996440887
-88 0 0 0.0151084000244737 1.45256996154785
-89 0 0 0.0152460001409054 1.48089003562927
-90 0 0 0.0154071999713778 1.50952005386353
-91 0 0 0.0155929997563362 1.53842997550964
-92 0 0 0.0158041007816792 1.56763994693756
-93 0 0 0.0160415004938841 1.5971200466156
-94 0 0 0.0163056999444962 1.62686002254486
-95 0 0 0.0165970008820295 1.65687000751495
-96 0 0 0.0169159006327391 1.68712997436523
-97 0 0 0.0172624997794628 1.71764004230499
-98 0 0 0.0176369994878769 1.74838995933533
-99 0 0 0.0180392004549503 1.77936995029449
-100 5 4 0.018469100818038 1.81059002876282
-101 0 0 0.0189264994114637 1.84202003479004
-102 0 0 0.0194112006574869 1.8736799955368
-103 0 0 0.0199226997792721 1.90553998947144
-104 0 0 0.0204607993364334 1.93762004375458
-105 0 0 0.0210248008370399 1.9699000120163
-106 0 0 0.0216144993901253 2.00237989425659
-107 0 0 0.0222292002290487 2.03504991531372
-108 0 0 0.0228684991598129 2.06791996955872
-109 0 0 0.0235316008329391 2.10097002983093
-110 0 0 0.0242180991917849 2.13421010971069
-111 0 0 0.0249272994697094 2.16761994361877
-112 0 0 0.0256584994494915 2.20120000839233
-113 0 0 0.0264111999422312 2.23496007919312
-114 0 0 0.0271847993135452 2.26887989044189
-115 0 0 0.0279785003513098 2.30295991897583
-116 0 0 0.0287916995584965 2.33719992637634
-117 0 0 0.0296238008886576 2.37158989906311
-118 0 0 0.0304742995649576 2.40613007545471
-119 0 0 0.031342301517725 2.44080996513367
-120 0 0 0.0322274006903172 2.47563004493713
-121 0 0 0.0331288985908031 2.51059007644653
-122 0 0 0.0340462997555733 2.54568004608154
-123 0 0 0.0349789001047611 2.58089995384216
-124 0 0 0.0359262004494667 2.61624002456665
-125 0 0 0.036887601017952 2.65171003341675
-126 0 0 0.0378625988960266 2.68727993965149
-127 0 0 0.0388506017625332 2.7229700088501
-128 0 0 0.0398511998355389 2.75876998901367
-129 0 0 0.0408639013767242 2.79468011856079
-130 0 0 0.0418880991637707 2.83067989349365
-131 0 0 0.0429233983159065 2.86678004264832
-132 0 0 0.0439694002270699 2.9029700756073
-133 0 0 0.0450255014002323 2.93926000595093
-134 0 0 0.0460915006697178 2.97563004493713
-135 0 0 0.0471667982637882 3.01207995414734
-136 0 0 0.04825109988451 3.04861998558044
-137 0 0 0.0493439994752407 3.08523011207581
-138 6 9 0.0504450984299183 3.12192010879517
