-384 20 9 -0.0501684993505478 -0.386994987726212
-383 0 0 -0.0493368990719318 -0.380706012248993
-382 0 0 -0.0485060997307301 -0.374460011720657
-381 0 0 -0.0476755984127522 -0.368252992630005
-380 0 0 -0.0468446984887123 -0.362084001302719
-379 0 0 -0.0460128001868725 -0.355949014425278
-378 0 0 -0.0451790988445282 -0.349846988916397
-377 0 0 -0.0443429984152317 -0.343773990869522
-376 0 0 -0.0435037985444069 -0.337727010250092
-375 0 0 -0.0426608994603157 -0.331703990697861
-374 0 0 -0.041813600808382 -0.325702011585236
-373 0 0 -0.0409611985087395 -0.31971800327301
-372 0 0 -0.0401031002402306 -0.313749998807907
-371 0 0 -0.0392385013401508 -0.307794004678726
-370 0 0 -0.0383667983114719 -0.301847994327545
-369 0 0 -0.0377814993262291 -0.297886997461319
-368 0 0 -0.0371925011277199 -0.293927997350693
-367 0 0 -0.0365996994078159 -0.289970010519028
-366 0 0 -0.0360030010342598 -0.28601199388504
-365 0 0 -0.035402100533247 -0.282052010297775
-364 0 0 -0.0347970016300678 -0.278091013431549
-363 0 0 -0.0341873988509178 -0.274125993251801
-362 0 0 -0.0335731990635395 -0.270155996084213
-361 0 0 -0.0329543016850948 -0.266180992126465
-360 0 0 -0.0323305986821651 -0.262199014425278
-359 0 0 -0.0317020006477833 -0.258208990097046
-358 0 0 -0.0310683995485306 -0.254209995269775
-357 0 0 -0.0304295998066664 -0.250200003385544
-356 0 0 -0.0297858007252216 -0.24617700278759
-355 0 0 -0.0293537005782127 -0.243487998843193
-354 0 0 -0.0289194006472826 -0.240793004631996
-353 0 0 -0.0284826997667551 -0.238089993596077
-352 0 0 -0.0280437991023064 -0.235379993915558
-351 0 0 -0.0276025999337435 -0.232662007212639
-350 19 4 -0.0271591991186142 -0.229936003684998
-349 0 0 -0.0267136003822088 -0.227200001478195
-348 0 0 -0.0262657999992371 -0.224454998970032
-347 0 0 -0.0258157998323441 -0.221699997782707
-346 0 0 -0.0253637991845608 -0.218933999538422
-345 0 0 -0.0249097999185324 -0.216156005859375
-344 0 0 -0.0246060006320477 -0.214297994971275
-343 0 0 -0.0243012998253107 -0.212433993816376
-342 0 0 -0.0239957999438047 -0.210565000772476
-341 0 0 -0.0236894991248846 -0.208689004182816
-340 0 0 -0.0233824998140335 -0.206807002425194
-339 0 0 -0.0230746008455753 -0.204918995499611
-338 0 0 -0.022766100242734 -0.203024998307228
-337 0 0 -0.0224568005651236 -0.201122999191284
-336 0 0 -0.02214689925313 -0.199214994907379
-335 0 0 -0.0218364000320435 -0.197299003601074
-334 0 0 -0.0215252004563808 -0.195375993847847
-333 0 0 -0.0212134998291731 -0.19344499707222
-332 0 0 -0.0209013000130653 -0.191505998373032
-331 0 0 -0.0205885991454124 -0.189557999372482
-330 0 0 -0.0202754996716976 -0.187601998448372
-329 0 0 -0.0199619997292757 -0.1856369972229
-328 0 0 -0.0196481999009848 -0.183662995696068
-327 0 0 -0.0193341001868248 -0.181679993867874
-326 0 0 -0.0190197005867958 -0.179686993360519
-325 0 0 -0.0187052004039288 -0.177682995796204
-324 0 0 -0.0183905009180307 -0.175669997930527
-323 0 0 -0.0180757995694876 -0.173646003007889
-322 0 0 -0.0177611000835896 -0.171610996127129
-321 0 0 -0.0174464993178844 -0.169565007090569
-320 0 0 -0.0171319004148245 -0.167506992816925
-319 0 0 -0.0168175995349884 -0.165437996387482
-318 0 0 -0.0165036004036665 -0.163357004523277
-317 0 0 -0.0161898005753756 -0.161263003945351
-316 0 0 -0.0158764999359846 -0.159155994653702
-315 0 0 -0.0155637003481388 -0.157037004828453
-314 0 0 -0.0152514996007085 -0.154903993010521
-313 0 0 -0.0149400001391768 -0.152758002281189
-312 0 0 -0.0146292997524142 -0.150599002838135
-311 0 0 -0.0143194003030658 -0.148425996303558
-310 0 0 -0.0140105001628399 -0.146238997578621
-309 0 0 -0.0137026999145746 -0.144038006663322
-308 0 0 -0.013396100141108 -0.141824007034302
-307 0 0 -0.013090799562633 -0.139596000313759
-306 0 0 -0.0127870002761483 -0.137354001402855
-305 0 0 -0.0124848997220397 -0.135098993778229
-304 0 0 -0.0121844997629523 -0.132832005620003
-303 0 0 -0.0118861002847552 -0.130553007125854
-302 0 0 -0.0115898996591568 -0.128261998295784
-301 0 0 -0.0112960003316402 -0.125962004065514
-300 18 4 -0.0110045997425914 -0.123652003705502
-299 0 0 -0.0107161002233624 -0.121334999799728
-298 0 0 -0.0104307001456618 -0.119012996554375
-297 0 0 -0.0101485997438431 -0.116687998175621
-296 0 0 -0.00987020973116159 -0.114362001419067
-295 0 0 -0.00959573965519667 -0.112037003040314
-294 0 0 -0.00932554993778467 -0.109718002378941
-293 0 0 -0.00905998982489109 -0.107408002018929
-292 0 0 -0.00879937969148159 -0.105108998715878
-291 0 0 -0.00854406040161848 -0.102826997637749
-290 0 0 -0.00829434953629971 -0.100564002990723
-289 0 0 -0.00805056001991034 -0.098326101899147
-288 0 0 -0.00781296007335186 -0.0961159020662308
-287 0 0 -0.00758180022239685 -0.0939377993345261
-286 0 0 -0.00735726021230221 -0.0917951986193657
-285 0 0 -0.00713948998600245 -0.0896914005279541
-284 0 0 -0.00692859990522265 -0.0876293033361435
-283 0 0 -0.00672461977228522 -0.0856112986803055
-282 0 0 -0.00652753980830312 -0.0836391001939774
-281 0 0 -0.0063373101875186 -0.0817141979932785
-280 0 0 -0.00615382008254528 -0.0798375010490417
-279 0 0 -0.0059769400395453 -0.0780092999339104
-278 0 0 -0.00580648984760046 -0.076229602098465
-277 0 0 -0.0056422702036798 -0.0744981020689011
-276 0 0 -0.00548405991867185 -0.0728140994906425
-275 0 0 -0.00533164013177156 -0.0711764991283417
-274 0 0 -0.00518477009609342 -0.0695843026041985
-273 0 0 -0.00504318997263908 -0.0680361017584801
-272 0 0 -0.00490667019039392 -0.0665303021669388
-271 0 0 -0.00477496022358537 -0.0650655999779701
-270 0 0 -0.00464783003553748 -0.0636401027441025
-269 0 0 -0.0045250398106873 -0.0622524991631508
-268 0 0 -0.00440638000145555 -0.0609007999300957
-267 0 0 -0.00429162988439202 -0.0595837011933327
-266 0 0 -0.00418057991191745 -0.0582993999123573
-265 0 0 -0.00407304987311363 -0.0570463985204697
-264 0 0 -0.00396883999928832 -0.0558230988681316
-263 0 0 -0.003867780091241 -0.0546282008290291
-262 0 0 -0.00376970996148884 -0.0534599982202053
-261 0 0 -0.0036744698882103 -0.0523172989487648
-260 0 0 -0.00358190992847085 -0.051198698580265
-259 0 0 -0.00349187990650535 -0.0501029007136822
-258 0 0 -0.0034042599145323 -0.0490286983549595
-257 0 0 -0.00331893004477024 -0.0479748994112015
-256 0 0 -0.00323574990034103 -0.0469404011964798
-255 0 0 -0.00315463007427752 -0.04592389985919
-254 0 0 -0.00307544996030629 -0.0449245981872082
-253 0 0 -0.00299811991862953 -0.0439413003623486
-252 0 0 -0.00292253005318344 -0.0429731011390686
-251 0 0 -0.00284860003739595 -0.0420189015567303
-250 17 4 -0.00277625001035631 -0.0410779006779194
-249 0 0 -0.00270538008771837 -0.040149200707674
-248 0 0 -0.00263590994291008 -0.0392317995429039
-247 0 0 -0.00256778998300433 -0.0383248999714851
-246 0 0 -0.00250092009082437 -0.0374276004731655
-245 0 0 -0.00243523996323347 -0.0365389995276928
-244 0 0 -0.00237067998386919 -0.0356584005057812
-243 0 0 -0.00230718008242548 -0.0347848981618881
-242 0 0 -0.00224465993233025 -0.033917598426342
-241 0 0 -0.00218306994065642 -0.0330555997788906
-240 0 0 -0.00212234002538025 -0.0321981981396675
-239 0 0 -0.00206241011619568 -0.031344398856163
-238 0 0 -0.00200321990996599 -0.0304933004081249
-237 0 0 -0.00194470002315938 -0.0296439006924629
-236 0 0 -0.00188679003622383 -0.0287953000515699
-235 0 0 -0.00182942999526858 -0.0279463995248079
-234 0 0 -0.0017725300276652 -0.0270959995687008
-233 0 0 -0.00171604997012764 -0.0262429993599653
-232 0 0 -0.00165989005472511 -0.0253861006349325
-231 0 0 -0.00160397996660322 -0.0245238002389669
-230 0 0 -0.00154822994954884 -0.0236546006053686
-229 0 0 -0.0014925500145182 -0.0227764993906021
-228 0 0 -0.00143683003261685 -0.0218877997249365
-227 0 0 -0.00138094997964799 -0.0209858994930983
-226 0 0 -0.00132477004081011 -0.0200682003051043
-225 0 0 -0.00126813002862036 -0.0191313996911049
-224 0 0 -0.00121083005797118 -0.0181716997176409
-223 0 0 -0.00117216003127396 -0.0175168998539448
-222 0 0 -0.00113301002420485 -0.0168481003493071
-221 0 0 -0.00109329004772007 -0.0161633007228374
-220 0 0 -0.00105286994948983 -0.0154601000249386
-219 0 0 -0.00101162004284561 -0.0147356996312737
-218 0 0 -0.000983570003882051 -0.0142392003908753
-217 0 0 -0.00095501501346007 -0.0137304002419114
-216 0 0 -0.000925879983697087 -0.0132079003378749
-215 0 0 -0.000896079000085592 -0.012669799849391
-214 0 0 -0.000865507987327874 -0.0121141001582146
-213 0 0 -0.00084463699022308 -0.0117325000464916
-212 0 0 -0.000823325011879206 -0.011341099627316
-211 0 0 -0.000801516987849027 -0.0109385997056961
-210 0 0 -0.000779151974711567 -0.0105240000411868
-209 0 0 -0.000756158027797937 -0.0100956000387669
-208 0 0 -0.000740436022169888 -0.00980146043002605
-207 0 0 -0.00072436302434653 -0.00949980970472097
-206 0 0 -0.000707903993315995 -0.0091899000108242
-205 0 0 -0.000691018998622894 -0.00887088011950254
-204 0 0 -0.000673656992148608 -0.00854176003485918
-203 0 0 -0.000655759999062866 -0.00820134021341801
-202 0 0 -0.000643497973214835 -0.00796744041144848
-201 0 0 -0.000630943977739662 -0.00772739993408322
-200 16 4 -0.000618069025222212 -0.00748065998777747
-199 0 0 -0.000604840985033661 -0.0072265500202775
-198 0 0 -0.000591223011724651 -0.00696431985124946
-197 0 0 -0.000577169004827738 -0.00669306004419923
-196 0 0 -0.000567530980333686 -0.00650666980072856
-195 0 0 -0.000557659019250423 -0.00631541013717651
-194 0 0 -0.00054752902360633 -0.00611886009573936
-193 0 0 -0.000537118990905583 -0.00591652980074286
-192 0 0 -0.000526399002410471 -0.0057078399695456
-191 0 0 -0.000515337975230068 -0.00549212982878089
-190 0 0 -0.00050389498937875 -0.00526859983801842
-189 0 0 -0.000496032007504255 -0.00511479005217552
-188 0 0 -0.000487962999613956 -0.00495675997808576
-187 0 0 -0.000479668990010396 -0.004794139880687
-186 0 0 -0.000471128994831815 -0.00462649995461106
-185 0 0 -0.000462318013887852 -0.00445332983508706
-184 0 0 -0.000453207001555711 -0.00427406979724765
-183 0 0 -0.000446949998149648 -0.0041508199647069
-182 0 0 -0.000440533010987565 -0.00402431981638074
-181 0 0 -0.000433942012023181 -0.00389429996721447
-180 0 0 -0.00042716201278381 -0.00376043003052473
-179 0 0 -0.000420175987528637 -0.00362238008528948
-178 0 0 -0.000412963010603562 -0.00347973010502756
-177 0 0 -0.000405500002671033 -0.00333201000466943
-176 0 0 -0.000400373013690114 -0.00323044997639954
-175 0 0 -0.000395112001569942 -0.00312619004398584
-174 0 0 -0.000389708991860971 -0.00301902997307479
-173 0 0 -0.000384148996090516 -0.00290871993638575
-172 0 0 -0.000378421013010666 -0.0027950000949204
-171 0 0 -0.000372507987776771 -0.00267753005027771
-170 0 0 -0.000366393011063337 -0.00255598011426628
-169 0 0 -0.000362193008186296 -0.00247246003709733
-168 0 0 -0.000357887998688966 -0.00238680001348257
-167 0 0 -0.000353468989487737 -0.00229885010048747
-166 0 0 -0.000348926987498999 -0.00220842007547617
-165 0 0 -0.000344253989169374 -0.00211532996036112
-164 0 0 -0.000339438003720716 -0.0020193699747324
-163 0 0 -0.000334468990331516 -0.00192028994206339
-162 0 0 -0.000329331989632919 -0.00181784003507346
-161 0 0 -0.000324013002682477 -0.00171171000692993
-160 0 0 -0.000318497011903673 -0.00160158996004611
-159 0 0 -0.000312763993861154 -0.00148710003122687
-158 0 0 -0.000306795991491526 -0.00136787001974881
-157 0 0 -0.000300571991829202 -0.00124347000382841
-156 0 0 -0.000294072000542656 -0.00111347995698452
-155 0 0 -0.000287275004666299 -0.000977516057901084
-154 0 0 -0.000280167994787917 -0.000835262006148696
-153 0 0 -0.000272742006927729 -0.000686576007865369
-152 0 0 -0.000265006005065516 -0.000531614990904927
-151 0 0 -0.000248730008024722 -0.000205367003218271
-150 15 4 -0.000136079004732892 0.00205758004449308
-149 0 0 -7.29243984096684E-05 0.0033268800470978
-148 0 0 8.15380990388803E-05 0.00641799019649625
-147 0 0 0.00018822199490387 0.00853100977838039
-146 0 0 0.000276757986284792 0.0102650001645088
-145 0 0 0.000355280993971974 0.0117856003344059
-144 0 0 0.000427411985583603 0.0131668001413345
-143 0 0 0.000495126994792372 0.014449100010097
-142 0 0 0.000559645006433129 0.0156577993184328
-141 0 0 0.00062178197549656 0.0168097000569105
-140 0 0 0.00068211299367249 0.0179166998714209
-139 0 0 0.00074106699321419 0.018987899646163
-138 0 0 0.000798969995230436 0.0200299993157387
-137 0 0 0.000856083002872765 0.0210484005510807
-136 0 0 0.000912614981643856 0.0220475997775793
-135 0 0 0.000968741020187736 0.0230311006307602
-134 0 0 0.00102461001370102 0.0240021999925375
-133 0 0 0.00108034000732005 0.0249633993953466
-132 0 0 0.00113605998922139 0.0259169992059469
-131 0 0 0.00119185005314648 0.0268651004880667
-130 0 0 0.00124780996702611 0.0278095994144678
-129 0 0 0.00130401004571468 0.0287520997226238
-128 0 0 0.0013605400454253 0.0296941008418798
-127 0 0 0.00141746003646404 0.0306372009217739
-126 0 0 0.00147482997272164 0.0315826013684273
-125 0 0 0.00151336996350437 0.0322148986160755
-124 0 0 0.0015521600143984 0.0328490994870663
-123 0 0 0.00159121002070606 0.0334856994450092
-122 0 0 0.00163054000586271 0.0341250002384186
-121 0 0 0.00167018000502139 0.0347674004733562
-120 0 0 0.00171014002989978 0.0354131981730461
-119 0 0 0.00175042997580022 0.0360626988112926
-118 0 0 0.00179106998257339 0.0367164015769958
-117 0 0 0.00183207995723933 0.0373743996024132
-116 0 0 0.00187347002793103 0.0380373001098633
-115 0 0 0.00191525998525321 0.038705300539732
-114 0 0 0.00195747008547187 0.0393787994980812
-113 0 0 0.00200010999105871 0.0400580987334251
-112 0 0 0.00204319995827973 0.040743600577116
-111 0 0 0.00208676001057029 0.0414355993270874
-110 0 0 0.00213079992681742 0.0421346016228199
-109 0 0 0.00217533996328712 0.042840801179409
-108 0 0 0.00222039991058409 0.0435548014938831
-107 0 0 0.00225074007175863 0.0440352000296116
-106 0 0 0.00228131003677845 0.0445192009210587
-105 0 0 0.00231214007362723 0.045007199048996
-104 0 0 0.00234321993775666 0.045499000698328
-103 0 0 0.00237456010654569 0.0459949001669884
-102 0 0 0.00240616011433303 0.0464950017631054
-101 0 0 0.0024380199611187 0.0469993986189365
-100 14 4 0.00247016991488636 0.0475082993507385
-99 0 0 0.00250258995220065 0.0480217002332211
-98 0 0 0.00253530009649694 0.048539899289608
-97 0 0 0.00256830011494458 0.0490629002451897
-96 0 0 0.00260159000754356 0.0495909005403519
-95 0 0 0.0026351900305599 0.0501241013407707
-94 0 0 0.00266908993944526 0.0506624989211559
-93 0 0 0.00270329997874796 0.0512062981724739
-92 0 0 0.00273782992735505 0.0517558008432388
-91 0 0 0.00277269002981484 0.052310898900032
-90 0 0 0.00280787004157901 0.0528719983994961
-89 0 0 0.00284338998608291 0.0534390993416309
-88 0 0 0.00287925009615719 0.0540123991668224
-87 0 0 0.00291544990614057 0.0545921996235847
-86 0 0 0.00295199989341199 0.0551784001290798
-85 0 0 0.00298890005797148 0.0557714998722076
-84 0 0 0.00301371002569795 0.0561706013977528
-83 0 0 0.00303866993635893 0.056572899222374
-82 0 0 0.00306380004622042 0.0569784007966518
-81 0 0 0.00308909011073411 0.0573870986700058
-80 0 0 0.00311454990878701 0.0577991008758545
-79 0 0 0.00314016989432275 0.0582143999636173
-78 0 0 0.003165960079059 0.0586331002414227
-77 0 0 0.00319191999733448 0.0590552985668182
-76 0 0 0.0032180598936975 0.0594809018075466
-75 0 0 0.00324435997754335 0.0599102005362511
-74 0 0 0.00327084003947675 0.0603431016206741
-73 0 0 0.00329749006778002 0.0607796013355255
-72 0 0 0.00332432007417083 0.0612199008464813
-71 0 0 0.00335132004693151 0.0616640001535416
-70 0 0 0.00337849999777973 0.0621119998395443
-69 0 0 0.00340584991499782 0.0625639036297798
-68 0 0 0.00343339005485177 0.0630197003483772
-67 0 0 0.00346109992824495 0.0634796023368835
-66 0 0 0.00348899001255631 0.0639436021447182
-65 0 0 0.0035170700866729 0.0644117966294289
-64 0 0 0.00354531989432871 0.0648840963840485
-63 0 0 0.00357374991290271 0.0653607994318008
-62 0 0 0.00360235990956426 0.0658418014645576
-61 0 0 0.00363114988431334 0.0663271993398666
-60 0 0 0.00366012006998062 0.0668170005083084
-59 0 0 0.0036892700009048 0.0673113986849785
-58 0 0 0.00371859990991652 0.0678102970123291
-57 0 0 0.00374810001812875 0.0683138966560364
-56 0 0 0.00377778010442853 0.0688221007585526
-55 0 0 0.00380763993598521 0.0693351030349731
-54 0 0 0.0038376699667424 0.0698529034852982
-53 0 0 0.00386786996386945 0.0703755989670753
-52 0 0 0.00389823992736638 0.0709031000733376
-51 0 0 0.00392878009006381 0.0714356005191803
-50 13 4 0.00394923007115722 0.0717933997511864
-49 0 0 0.00396976014599204 0.0721533969044685
-48 0 0 0.00399036007001996 0.0725155994296074
-47 0 0 0.00401102984324098 0.0728800967335701
-46 0 0 0.00403176993131638 0.0732469037175179
-45 0 0 0.00405257986858487 0.0736159980297089
-44 0 0 0.00407344987615943 0.0739872977137566
-43 0 0 0.0040943999774754 0.0743609964847565
-42 0 0 0.00411541014909744 0.0747369974851608
-41 0 0 0.00413647992536426 0.0751153007149696
-40 0 0 0.00415762001648545 0.0754960030317307
-39 0 0 0.00417882017791271 0.0758790001273155
-38 0 0 0.00420009018853307 0.0762642994523048
-37 0 0 0.00422141002491117 0.0766519978642464
-36 0 0 0.00424278993159533 0.0770421028137207
-35 0 0 0.00426422012969851 0.0774345993995667
-34 0 0 0.00428570993244648 0.077829398214817
-33 0 0 0.00430725002661347 0.0782266035676003
-32 0 0 0.00432883994653821 0.0786262005567551
-31 0 0 0.00435048993676901 0.0790281966328621
-30 0 0 0.00437217019498348 0.0794325992465019
-29 0 0 0.00439391005784273 0.0798392966389656
-28 0 0 0.00441568018868566 0.0802484974265099
-27 0 0 0.00443750014528632 0.0806600004434586
-26 0 0 0.00445934990420938 0.0810739025473595
-25 0 0 0.00448124017566442 0.081490196287632
-24 0 0 0.00450315978378057 0.0819088965654373
-23 0 0 0.00452511012554169 0.0823298990726471
-22 0 0 0.0045470898039639 0.0827533006668091
-21 0 0 0.00456910021603107 0.0831791013479233
-20 0 0 0.00459113018587232 0.0836071968078613
-19 0 0 0.00461318017914891 0.0840376019477844
-18 0 0 0.00463523995131254 0.0844703987240791
-17 0 0 0.00465732021257281 0.0849054008722305
-16 0 0 0.00467940978705883 0.0853428021073341
-15 0 0 0.00470149982720613 0.0857824981212616
-14 0 0 0.00472360011190176 0.0862243995070457
-13 0 0 0.0047456999309361 0.086668498814106
-12 0 0 0.00476780021563172 0.0871149003505707
-11 0 0 0.00478988979011774 0.0875634998083115
-10 0 0 0.00481197983026505 0.0880142971873283
-9 0 0 0.004834049846977 0.0884672999382019
-8 0 0 0.00485609984025359 0.0889223963022232
-7 0 0 0.00487812981009483 0.0893796011805534
-6 0 0 0.00490014022216201 0.0898388996720314
-5 0 0 0.00492211990058422 0.0903002023696899
-4 0 0 0.00494406977668405 0.0907635986804962
-3 0 0 0.00496598985046148 0.0912289991974831
-2 0 0 0.00498057994991541 0.0915404036641121
1 0 0 0.00499999988824129 0.0919568985700607
1 0 0 0.00499999988824129 0.0919568985700607
-2 0 0 0.00501939002424479 0.0923748984932899
-3 0 0 0.00503390002995729 0.0926894992589951
-4 0 0 0.00505563011392951 0.0931627973914146
-5 0 0 0.0050773099064827 0.0936378985643387
-6 0 0 0.00509893009439111 0.0941148996353149
-7 0 0 0.00512047996744514 0.0945935994386673
-8 0 0 0.00514195999130607 0.0950741022825241
-9 0 0 0.00516337994486094 0.0955561995506287
-10 0 0 0.00518471980467439 0.0960400030016899
-11 0 0 0.00520598003640771 0.0965254008769989
-12 0 0 0.00522716017439961 0.0970124006271362
-13 0 0 0.00524824997410178 0.0975008979439735
-14 0 0 0.0052692499011755 0.0979909002780914
-15 0 0 0.00529015017673373 0.0984823033213615
-16 0 0 0.00531096011400223 0.098975196480751
-17 0 0 0.00533166015520692 0.0994694009423256
-18 0 0 0.00535226007923484 0.099964901804924
-19 0 0 0.00537275010719895 0.10046199709177
-20 0 0 0.00539312977343798 0.100960001349449
-21 0 0 0.00541337998583913 0.101458996534348
-22 0 0 0.00543351983651519 0.101958997547626
-23 0 0 0.00545352976769209 0.102461002767086
-24 0 0 0.00547342002391815 0.102963000535965
-25 0 0 0.00549317011609674 0.103467002511024
-26 0 0 0.00551278982311487 0.103970997035503
-27 0 0 0.00553226983174682 0.104477003216743
-28 0 0 0.00555161014199257 0.104983001947403
-29 0 0 0.00557080982252955 0.105489999055862
-30 0 0 0.00558984978124499 0.105998001992702
-31 0 0 0.00560875004157424 0.106507003307343
-32 0 0 0.00562749989330769 0.107015997171402
-33 0 0 0.00564609002321959 0.107525996863842
-34 0 0 0.00566451996564865 0.108037002384663
-35 0 0 0.00568279018625617 0.108548000454903
-36 0 0 0.00570090021938086 0.109059996902943
-37 0 0 0.00571883982047439 0.109572000801563
-38 0 0 0.00573660992085934 0.110085003077984
-39 0 0 0.00575421005487442 0.110597997903824
-40 0 0 0.00577164022251964 0.111111000180244
-41 0 0 0.0057888999581337 0.111625000834465
-42 0 0 0.00580597994849086 0.112139001488686
-43 0 0 0.00582288019359112 0.112654000520706
-44 0 0 0.00583960022777319 0.113168999552727
-45 0 0 0.00585612980648875 0.113683000206947
-46 0 0 0.00587248988449574 0.114197999238968
-47 0 0 0.00588865019381046 0.114713996648788
-48 0 0 0.00590462982654572 0.11522900313139
-49 0 0 0.00592043017968535 0.11574400216341
-50 2 4 0.00593602983281016 0.116259999573231
-51 0 0 0.00595145020633936 0.116774998605251
-52 0 0 0.00596666987985373 0.117289997637272
-53 0 0 0.00598170002922416 0.117806002497673
-54 0 0 0.00599652994424105 0.118321001529694
-55 0 0 0.00601118011400104 0.118836000561714
-56 0 0 0.00602561980485916 0.119350999593735
-57 0 0 0.00603988021612167 0.119865998625755
-58 0 0 0.00605393014848232 0.120380997657776
-59 0 0 0.00606779009103775 0.120894998311996
-60 0 0 0.00608144979923964 0.121408998966217
-61 0 0 0.00609491998329759 0.121922999620438
-62 0 0 0.00610818015411496 0.122437000274658
-63 0 0 0.00612124986946583 0.122950002551079
-64 0 0 0.00613411981612444 0.123462997376919
-65 0 0 0.00615306012332439 0.12423200160265
-66 0 0 0.00617155013605952 0.125
-67 0 0 0.00618958985432982 0.125768005847931
-68 0 0 0.00620718998834491 0.126534000039101
-69 0 0 0.00622433982789516 0.12729899585247
-70 0 0 0.0062410500831902 0.128064006567001
-71 0 0 0.00625731982290745 0.128827005624771
-72 0 0 0.00627314997836947 0.129589006304741
-73 0 0 0.006288540083915 0.13034999370575
-74 0 0 0.00630349013954401 0.131109997630119
-75 0 0 0.00631800992414355 0.131868004798889
-76 0 0 0.00633209990337491 0.132625997066498
-77 0 0 0.00634574983268976 0.133380994200706
-78 0 0 0.00635898998007178 0.134136006236076
-79 0 0 0.00637179985642433 0.134889006614685
-80 0 0 0.0063841799274087 0.135640993714333
-81 0 0 0.00639615999534726 0.136391997337341
-82 0 0 0.00640770979225636 0.13714100420475
-83 0 0 0.00641886005178094 0.137887999415398
-84 0 0 0.00642960984259844 0.138634994626045
-85 0 0 0.00643994985148311 0.139378994703293
-86 0 0 0.00644988985732198 0.14012299478054
-87 0 0 0.00645944010466337 0.140863999724388
-88 0 0 0.00646858988329768 0.141605004668236
-89 0 0 0.00647736014798284 0.142342999577522
-90 0 0 0.00648574996739626 0.143080994486809
-91 0 0 0.00649375980719924 0.143815994262695
-92 0 0 0.0065013999119401 0.144550994038582
-93 0 0 0.00650866003707051 0.145282998681068
-94 0 0 0.00651556020602584 0.146014004945755
-95 0 0 0.00652211019769311 0.14674399793148
-96 0 0 0.00652828998863697 0.147471994161606
-97 0 0 0.00653412006795406 0.148199006915092
-98 0 0 0.00654223002493382 0.1492860019207
-99 0 0 0.00654955999925733 0.150370001792908
-100 3 4 0.00655615003779531 0.151449993252754
-101 0 0 0.00656200014054775 0.152527004480362
-102 0 0 0.00656714010983706 0.153600007295609
-103 0 0 0.00657156994566321 0.154670000076294
-104 0 0 0.0065753199160099 0.155736997723579
-105 0 0 0.00657839979976416 0.156801000237465
-106 0 0 0.00658081984147429 0.157860994338989
-107 0 0 0.00658260006457567 0.158917993307114
-108 0 0 0.00658376002684236 0.159970998764038
-109 0 0 0.00658430997282267 0.161021992564201
110 4 2 0.00658437004312873 0.161471992731094
111 0 0 0.00658407993614674 0.162517994642258
112 0 0 0.00658258004114032 0.164081007242203
113 0 0 0.00657984986901283 0.165637999773026
114 0 0 0.00657592993229628 0.167188003659248
115 0 0 0.00657089008018374 0.16873100399971
116 0 0 0.00656476989388466 0.170267000794411
117 0 0 0.00655760988593102 0.171797007322311
118 0 0 0.00654945988208055 0.17332099378109
119 0 0 0.00654037995263934 0.174839004874229
120 0 0 0.00653041014447808 0.176350995898247
121 0 0 0.00651959981769323 0.177855998277664
122 0 0 0.00650798017159104 0.179357007145882
123 0 0 0.00649560010060668 0.180850997567177
124 0 0 0.00648250989615917 0.182339996099472
125 0 0 0.00646873982623219 0.183824002742767
126 0 0 0.00645434018224478 0.185302004218102
127 0 0 0.00643935007974505 0.186774998903275
128 0 0 0.0064237997867167 0.188244000077248
129 0 0 0.00640774006024003 0.18970699608326
130 0 0 0.00639119977131486 0.191165000200272
131 0 0 0.00637421989813447 0.192618995904922
132 0 0 0.00635682977735996 0.194068998098373
133 0 0 0.00633906992152333 0.195512995123863
134 0 0 0.00632097013294697 0.196953997015953
135 0 0 0.00629324978217483 0.199107006192207
136 0 0 0.00626495014876127 0.201251000165939
137 0 0 0.00623616017401218 0.20338499546051
138 0 0 0.00620699021965265 0.205512002110481
139 0 0 0.00617753015831113 0.20762999355793
140 0 0 0.00614786008372903 0.209739997982979
141 0 0 0.0061180698685348 0.211842998862267
142 0 0 0.00608824007213116 0.213937997817993
143 0 0 0.00605844985693693 0.21602700650692
144 0 0 0.0060287700034678 0.218108996748924
145 0 0 0.00599926989525557 0.220183998346329
146 0 0 0.00597001006826758 0.222252994775772
147 0 0 0.00594105990603566 0.224316999316216
148 0 0 0.00591247016564012 0.226374000310898
149 0 0 0.0058703999966383 0.22945100069046
150 5 4 0.00582943996414542 0.232516005635262
151 0 0 0.00578976003453135 0.235569998621941
152 0 0 0.00575149990618229 0.23861500620842
153 0 0 0.00571478996425867 0.241650998592377
154 0 0 0.00567974988371134 0.244678005576134
155 0 0 0.00564647978171706 0.247696995735168
156 0 0 0.00561506999656558 0.250710010528564
157 0 0 0.00558560993522406 0.253715008497238
158 0 0 0.00555816991254687 0.256714999675751
159 0 0 0.00553281977772713 0.259710013866425
160 0 0 0.00550960982218385 0.262699991464615
161 0 0 0.00547889014706016 0.267176985740662
162 0 0 0.00545322010293603 0.27164700627327
163 0 0 0.00543267978355289 0.276111006736755
164 0 0 0.00541733019053936 0.280571013689041
165 0 0 0.0054072099737823 0.285028010606766
166 0 0 0.00540232006460428 0.289483994245529
167 6 2 0.00540183018893003 0.291417986154556
-168 0 0 0.00540444022044539 0.295875012874603
-169 0 0 0.00541803985834122 0.302567005157471
-170 0 0 0.00544311990961432 0.309267997741699
-171 0 0 0.00547942006960511 0.31598499417305
-172 0 0 0.00552666978910565 0.322721987962723
-173 0 0 0.00558453984558582 0.32948300242424
-174 0 0 0.00565268006175756 0.336272001266479
-175 0 0 0.00573070999234915 0.343093007802963
-176 0 0 0.00581825990229845 0.34995099902153
-177 0 0 0.00591492000967264 0.356849014759064
-178 0 0 0.00602030986919999 0.363792985677719
-179 0 0 0.00613402016460896 0.370784997940063
-180 0 0 0.00625566020607948 0.377829998731613
-181 0 0 0.00638482999056578 0.384932994842529
-182 0 0 0.00652115000411868 0.392096996307373
-183 0 0 0.00666421977803111 0.399325996637344
-184 0 0 0.00681367004290223 0.406625002622604
-185 0 0 0.00696911988779902 0.413998007774353
-186 0 0 0.00713020982220769 0.42144900560379
-187 0 0 0.0072965701110661 0.428983986377716
-188 0 0 0.00746783008798957 0.436605989933014
-189 0 0 0.00764364982023835 0.444321006536484
-190 0 0 0.00782366003841162 0.452132999897003
-191 0 0 0.00800750963389874 0.460047006607056
-192 0 0 0.00819484982639551 0.468068987131119
-193 0 0 0.00838533043861389 0.476202994585037
-194 0 0 0.00857859011739492 0.48445600271225
-195 0 0 0.00877427030354738 0.492832005023956
-196 0 0 0.00897200033068657 0.501339018344879
-197 0 0 0.00917141977697611 0.509980976581573
-198 0 0 0.00937214959412813 0.518765985965729
-199 0 0 0.00957379024475813 0.527698993682861
-200 7 4 0.00977594964206219 0.536787986755371
-201 0 0 0.0099782096222043 0.546039998531342
-202 0 0 0.0101802004501224 0.555463016033173
-203 0 0 0.0103813000023365 0.565061986446381
-204 0 0 0.01058129966259 0.574847996234894
-205 0 0 0.0107795996591449 0.584828019142151
-206 0 0 0.010975600220263 0.595009982585907
-207 0 0 0.0111688999459147 0.605404019355774
-208 0 0 0.0113589996472001 0.616019010543823
-209 0 0 0.0115451999008656 0.626865029335022
-210 0 0 0.0117269996553659 0.637951016426086
-211 0 0 0.0119037004187703 0.649289011955261
-212 0 0 0.0120746996253729 0.660887002944946
-213 0 0 0.0122394002974033 0.672758996486664
-214 0 0 0.0123968999832869 0.684915006160736
-215 0 0 0.012546700425446 0.697367012500763
-216 0 0 0.0126879001036286 0.710128009319305
-217 0 0 0.0128197995945811 0.723208010196686
-218 0 0 0.0129415998235345 0.736621975898743
-219 0 0 0.0130526004359126 0.750380992889404
-220 0 0 0.0131518999114633 0.764500021934509
-221 0 0 0.01323870010674 0.778989017009735
-222 0 0 0.0133124003186822 0.793864011764526
-223 0 0 0.0133720999583602 0.809135019779205
-224 0 0 0.0134172001853585 0.824817001819611
-225 0 0 0.0134469997137785 0.840920984745026
-226 0 0 0.0134610999375582 0.857457995414734
227 8 2 0.0134621998295188 0.863619983196259
228 0 0 0.0134538998827338 0.880768001079559
229 0 0 0.0134290000423789 0.898374021053314
230 0 0 0.013387200422585 0.916447997093201
231 0 0 0.0133285000920296 0.934996008872986
232 0 0 0.0132533004507422 0.954025983810425
233 0 0 0.0131617998704314 0.973542988300323
234 0 0 0.0130546996369958 0.993548989295959
235 0 0 0.0129327997565269 1.01405000686646
236 0 0 0.012797299772501 1.03504002094269
237 0 0 0.0126494998112321 1.05650997161865
238 0 0 0.0124909002333879 1.07848000526428
239 0 0 0.0123233003541827 1.10091996192932
240 0 0 0.0121488003060222 1.12383997440338
241 0 0 0.011969500221312 1.14723002910614
242 0 0 0.0117875998839736 1.17106997966766
243 0 0 0.0116058001294732 1.19535005092621
244 0 0 0.0114265000447631 1.2200700044632
245 0 0 0.0112522998824716 1.24521994590759
246 0 0 0.0110857002437115 1.27076995372772
247 0 0 0.0109294001013041 1.29672002792358
248 0 0 0.0107858004048467 1.32305002212524
249 0 0 0.0106573002412915 1.34975004196167
250 9 4 0.0105461999773979 1.37680995464325
251 0 0 0.0104547003284097 1.40421998500824
252 0 0 0.0103847002610564 1.43195998668671
253 0 0 0.0103380000218749 1.46001994609833
254 0 0 0.0103161996230483 1.48839998245239
-255 10 2 0.0103147998452187 1.49784994125366
-256 0 0 0.0103283999487758 1.52663004398346
-257 0 0 0.0103700002655387 1.55569005012512
-258 0 0 0.0104405004531145 1.58502995967865
-259 0 0 0.0105408998206258 1.6146399974823
-260 0 0 0.0106717003509402 1.64452004432678
-261 0 0 0.0108334003016353 1.67465996742249
-262 0 0 0.011026400141418 1.70503997802734
-263 0 0 0.0112509001046419 1.73566997051239
-264 0 0 0.0115069001913071 1.76653003692627
-265 0 0 0.0117944004014134 1.79762995243073
-266 0 0 0.012113300152123 1.82895004749298
-267 0 0 0.0124631999060512 1.86049997806549
-268 0 0 0.0128440000116825 1.89225995540619
-269 0 0 0.0132550997659564 1.92422997951508
-270 0 0 0.0136960996314883 1.95641005039215
-271 0 0 0.0141665004193783 1.9887900352478
-272 0 0 0.0146656995639205 2.02135992050171
-273 0 0 0.0151931000873446 2.05413007736206
-274 0 0 0.0157481990754604 2.08709001541138
-275 0 0 0.0163301005959511 2.12022995948792
-276 0 0 0.0169382002204657 2.153559923172
-277 0 0 0.0175719000399113 2.18705010414124
-278 0 0 0.0182303003966808 2.22072005271912
-279 0 0 0.0189127996563911 2.2545599937439
-280 0 0 0.0196186993271112 2.28855991363525
-281 0 0 0.0203472003340721 2.32272005081177
-282 0 0 0.0210976004600525 2.35702991485596
-283 0 0 0.0218691993504763 2.3914999961853
-284 0 0 0.0226611997932196 2.42611002922058
-285 0 0 0.0234730001538992 2.46086001396179
-286 0 0 0.024303900077939 2.49574995040894
-287 0 0 0.025153199210763 2.53078007698059
-288 0 0 0.0260201003402472 2.56592988967896
-289 0 0 0.0269041992723942 2.60121011734009
-290 0 0 0.0278046000748873 2.63661003112793
-291 0 0 0.0287209004163742 2.67213010787964
-292 0 0 0.0296523999422789 2.70776009559631
-293 0 0 0.0305984001606703 2.74351000785828
-294 0 0 0.0315584987401962 2.77936005592346
-295 0 0 0.032532099634409 2.81531000137329
-296 0 0 0.0335186012089252 2.85136008262634
-297 0 0 0.0345175005495548 2.88751006126404
-298 0 0 0.0355282984673977 2.92373991012573
-299 0 0 0.0365506000816822 2.96006989479065
-300 11 4 0.0375837981700897 2.99647998809814
-301 0 0 0.0386275015771389 3.03297996520996
-302 0 0 0.0396811999380589 3.06955003738403
-303 0 0 0.040744598954916 3.1061999797821
-304 0 0 0.0418171994388103 3.14292001724243
-305 0 0 0.0428986996412277 3.17970991134644
-306 0 0 0.0439887009561062 3.2165699005127
-307 0 0 0.0450867004692554 3.25348997116089
-308 0 0 0.0461926013231277 3.29046988487244
-309 0 0 0.0473058000206947 3.32751989364624
-310 0 0 0.0484261997044086 3.36461997032166
-311 0 0 0.0495534017682076 3.40177011489868
-312 12 9 0.050687100738287 3.43898010253906
