-323 16 9 -0.0505042001605034 -0.380822002887726
-322 0 0 -0.0497068986296654 -0.374875992536545
-321 0 0 -0.0489090010523796 -0.368966996669769
-320 0 0 -0.0481099002063274 -0.363090991973877
-319 0 0 -0.0473088994622231 -0.35724800825119
-318 0 0 -0.0465054996311665 -0.351433992385864
-317 0 0 -0.0456990003585815 -0.345647007226944
-316 0 0 -0.04488879814744 -0.339884996414185
-315 0 0 -0.0440743006765842 -0.334145992994308
-314 0 0 -0.0432548001408577 -0.328426986932755
-313 0 0 -0.0424295999109745 -0.322726011276245
-312 0 0 -0.0415983013808727 -0.317039996385574
-311 0 0 -0.0407599993050098 -0.311365991830826
-310 0 0 -0.0399142988026142 -0.305703014135361
-309 0 0 -0.0390604995191097 -0.300047010183334
-308 0 0 -0.0381980985403061 -0.294396996498108
-307 0 0 -0.0373263992369175 -0.288747996091843
-306 0 0 -0.0367399007081985 -0.28498101234436
-305 0 0 -0.0361488983035088 -0.281213998794556
-304 0 0 -0.0355532988905907 -0.277444005012512
-303 0 0 -0.0349529013037682 -0.273671001195908
-302 0 0 -0.0343476012349129 -0.269894003868103
-301 0 0 -0.0337373986840248 -0.266111999750137
-300 15 4 -0.0331219993531704 -0.262322992086411
-299 0 0 -0.0325015000998974 -0.258527994155884
-298 0 0 -0.0318756997585297 -0.254723012447357
-297 0 0 -0.0312447007745504 -0.250910013914108
-296 0 0 -0.0306083001196384 -0.247085005044937
-295 0 0 -0.0299666002392769 -0.243248000741005
-294 0 0 -0.0295359008014202 -0.240683004260063
-293 0 0 -0.0291028004139662 -0.23811200261116
-292 0 0 -0.0286672990769148 -0.235533997416496
-291 0 0 -0.0282295998185873 -0.232948005199432
-290 0 0 -0.0277894996106625 -0.230354994535446
-289 0 0 -0.0273473002016544 -0.22775399684906
-288 0 0 -0.0269028004258871 -0.225143998861313
-287 0 0 -0.0264561008661985 -0.222525000572205
-286 0 0 -0.0260073002427816 -0.219896003603935
-285 0 0 -0.0255564004182816 -0.217258006334305
-284 0 0 -0.0251036006957293 -0.214607998728752
-283 0 0 -0.0246488992124796 -0.2119480073452
-282 0 0 -0.0243446994572878 -0.21016700565815
-281 0 0 -0.024039700627327 -0.208381995558739
-280 0 0 -0.0237339995801449 -0.206589996814728
-279 0 0 -0.0234274994581938 -0.204793006181717
-278 0 0 -0.0231203995645046 -0.202989995479584
-277 0 0 -0.0228125005960464 -0.201180994510651
-276 0 0 -0.0225041005760431 -0.199365004897118
-275 0 0 -0.0221950002014637 -0.197541996836662
-274 0 0 -0.0218854993581772 -0.195712998509407
-273 0 0 -0.0215753000229597 -0.193876996636391
-272 0 0 -0.0212648008018732 -0.192032992839813
-271 0 0 -0.0209538005292416 -0.190182000398636
-270 0 0 -0.0206423997879028 -0.188324004411697
-269 0 0 -0.0203306991606951 -0.186456993222237
-268 0 0 -0.0200187005102634 -0.184581995010376
-267 0 0 -0.0197064001113176 -0.182698994874954
-266 0 0 -0.0193939991295338 -0.180806994438171
-265 0 0 -0.019081499427557 -0.178905993700027
-264 0 0 -0.0187688991427422 -0.176995992660522
-263 0 0 -0.0184563994407654 -0.175075992941856
-262 0 0 -0.0181437991559505 -0.173146992921829
-261 0 0 -0.0178315006196499 -0.171207994222641
-260 0 0 -0.0175193008035421 -0.169257998466492
-259 0 0 -0.0172073002904654 -0.167298004031181
-258 0 0 -0.0168957002460957 -0.165326997637749
-257 0 0 -0.016584500670433 -0.163345992565155
-256 0 0 -0.0162739008665085 -0.161353006958961
-255 0 0 -0.0159636996686459 -0.159347996115685
-254 0 0 -0.0156542994081974 -0.157332003116608
-253 0 0 -0.0153454998508096 -0.155303999781609
-252 0 0 -0.0150375999510288 -0.153263002634048
-251 0 0 -0.0147307002916932 -0.151209995150566
-250 14 4 -0.0144247002899647 -0.149145007133484
-249 0 0 -0.0141198998317122 -0.147067993879318
-248 0 0 -0.0138162998482585 -0.144978001713753
-247 0 0 -0.0135140996426344 -0.142875000834465
-246 0 0 -0.0132133001461625 -0.140759006142616
-245 0 0 -0.0129142003133893 -0.138631999492645
-244 0 0 -0.0126168001443148 -0.136491999030113
-243 0 0 -0.0123212998732924 -0.13434000313282
-242 0 0 -0.0120278997346759 -0.132176995277405
-241 0 0 -0.0117365997284651 -0.13000400364399
-240 0 0 -0.0114478003233671 -0.127820000052452
-239 0 0 -0.0111614996567369 -0.125626996159554
-238 0 0 -0.0108781000599265 -0.123427003622055
-237 0 0 -0.0105975996702909 -0.121220000088215
-236 0 0 -0.0103203998878598 -0.119007997214794
-235 0 0 -0.0100467996671796 -0.116792999207973
-234 0 0 -0.00977681018412113 -0.114578001201153
-233 0 0 -0.0095108998939395 -0.112364001572132
-232 0 0 -0.00924929976463318 -0.110154002904892
-231 0 0 -0.00899229012429714 -0.107951000332832
-230 0 0 -0.00874016992747784 -0.105759002268314
-229 0 0 -0.0084932204335928 -0.103579998016357
-228 0 0 -0.00825169961899519 -0.101419001817703
-227 0 0 -0.00801588036119938 -0.0992778986692429
-226 0 0 -0.00778598012402654 -0.0971610993146896
-225 0 0 -0.00756222009658813 -0.0950718000531197
-224 0 0 -0.00734473997727036 -0.0930133014917374
-223 0 0 -0.00713369995355606 -0.0909885987639427
-222 0 0 -0.00692914985120296 -0.0890002995729446
-221 0 0 -0.00673115020617843 -0.087050698697567
-220 0 0 -0.00653968984261155 -0.0851417034864426
-219 0 0 -0.00635473011061549 -0.0832747966051102
-218 0 0 -0.0061761699616909 -0.0814511030912399
-217 0 0 -0.00600389996543527 -0.0796711966395378
-216 0 0 -0.00583775993436575 -0.0779355019330978
-215 0 0 -0.0056775901466608 -0.0762438997626305
-214 0 0 -0.00552320014685392 -0.0745960026979446
-213 0 0 -0.00537435989826918 -0.0729911997914314
-212 0 0 -0.00523087987676263 -0.0714285969734192
-211 0 0 -0.00509251980111003 -0.0699073970317841
-210 0 0 -0.00495905987918377 -0.0684263035655022
-209 0 0 -0.00483027985319495 -0.0669839978218079
-208 0 0 -0.00470595015212893 -0.0655793026089668
-207 0 0 -0.00458587007597089 -0.0642106980085373
-206 0 0 -0.00446981005370617 -0.0628769025206566
-205 0 0 -0.00435758987441659 -0.0615765005350113
-204 0 0 -0.00424899999052286 -0.060307901352644
-203 0 0 -0.0041438601911068 -0.0590699017047882
-202 0 0 -0.00404198979958892 -0.0578610002994537
-201 0 0 -0.00394323002547026 -0.0566799007356167
-200 13 4 -0.00384740997105837 -0.0555253997445107
-199 0 0 -0.00375438993796706 -0.0543959997594357
-198 0 0 -0.00366400997154415 -0.0532906986773014
-197 0 0 -0.0035761499311775 -0.052208200097084
-196 0 0 -0.00349066988565028 -0.0511473007500172
-195 0 0 -0.00340745993889868 -0.0501069985330105
-194 0 0 -0.00332638993859291 -0.0490862987935543
-193 0 0 -0.00324737001210451 -0.0480839014053345
-192 0 0 -0.00317028001882136 -0.0470990985631943
-191 0 0 -0.00309504009783268 -0.0461308993399143
-190 0 0 -0.00302153988741338 -0.0451782010495663
-189 0 0 -0.00294969999231398 -0.0442401990294456
-188 0 0 -0.00287943007424474 -0.0433162003755569
-187 0 0 -0.00281067006289959 -0.0424050986766815
-186 0 0 -0.00274332007393241 -0.0415063016116619
-185 0 0 -0.00267733004875481 -0.0406189002096653
-184 0 0 -0.00261261011473835 -0.0397422015666962
-183 0 0 -0.00254910998046398 -0.038875300437212
-182 0 0 -0.00248676002956927 -0.038017600774765
-181 0 0 -0.0024254999589175 -0.0371683984994888
-180 0 0 -0.00236526993103325 -0.0363267995417118
-179 0 0 -0.00230601010844111 -0.0354922004044056
-178 0 0 -0.00224766996689141 -0.034663800150156
-177 0 0 -0.00219017989002168 -0.033840999007225
-176 0 0 -0.00213351007550955 -0.0330228991806507
-175 0 0 -0.0020775799639523 -0.032208900898695
-174 0 0 -0.0020223599858582 -0.0313980989158154
-173 0 0 -0.00196778005920351 -0.0305898003280163
-172 0 0 -0.00191380002070218 -0.0297832991927862
-171 0 0 -0.00186036003287882 -0.0289775002747774
-170 0 0 -0.00180740002542734 -0.0281716994941235
-169 0 0 -0.0017548700561747 -0.0273649003356695
-168 0 0 -0.00170271005481482 -0.0265561006963253
-167 0 0 -0.00165085995104164 -0.0257440991699696
-166 0 0 -0.00159925001207739 -0.0249278992414474
-165 0 0 -0.00154781003948301 -0.0241061002016068
-164 0 0 -0.0014964600559324 -0.0232772994786501
-163 0 0 -0.00144512997940183 -0.0224398002028465
-162 0 0 -0.0013937100302428 -0.0215918999165297
-161 0 0 -0.00134209997486323 -0.0207314006984234
-160 0 0 -0.00129019003361464 -0.0198558997362852
-159 0 0 -0.00123782001901418 -0.0189625006169081
-158 0 0 -0.00118483998812735 -0.0180476997047663
-157 0 0 -0.00114906998351216 -0.0174240004271269
-156 0 0 -0.00111287005711347 -0.0167874004691839
-155 0 0 -0.00107614998705685 -0.0161361992359161
-154 0 0 -0.00103881000541151 -0.0154683999717236
-153 0 0 -0.00100073998328298 -0.0147813996300101
-152 0 0 -0.000974875001702458 -0.0143114002421498
-151 0 0 -0.000948572997003794 -0.0138304000720382
-150 12 4 -0.000921771978028119 -0.0133373998105526
-149 0 0 -0.000894400989636779 -0.0128306997939944
-148 0 0 -0.000866379996296018 -0.0123087000101805
-147 0 0 -0.000837608997244388 -0.0117693999782205
-146 0 0 -0.000817953026853502 -0.0113989003002644
-145 0 0 -0.000797868007794023 -0.0110186999663711
-144 0 0 -0.000777303008362651 -0.0106277000159025
-143 0 0 -0.000756199995521456 -0.0102246999740601
-142 0 0 -0.000734488014131784 -0.00980819016695023
-141 0 0 -0.000719634990673512 -0.00952215027064085
-140 0 0 -0.000704444013535976 -0.00922871008515358
-139 0 0 -0.000688880973029882 -0.00892715994268656
-138 0 0 -0.000672906986437738 -0.00861665979027748
-137 0 0 -0.000656473974231631 -0.00829624012112617
-136 0 0 -0.000639527977909893 -0.00796473957598209
-135 0 0 -0.00062791199889034 -0.00773689989000559
-134 0 0 -0.000616014993283898 -0.00750304013490677
-133 0 0 -0.000603810010943562 -0.007262600120157
-132 0 0 -0.000591266027186066 -0.00701492000371218
-131 0 0 -0.000578347011469305 -0.00675927009433508
-130 0 0 -0.000565009017009288 -0.00649474002420902
-129 0 0 -0.00055585999507457 -0.00631293002516031
-128 0 0 -0.000546484021469951 -0.00612634979188442
-127 0 0 -0.00053686200408265 -0.00593456020578742
-126 0 0 -0.000526970019564033 -0.00573709001764655
-125 0 0 -0.000516781990882009 -0.0055333599448204
-124 0 0 -0.000506263982970268 -0.00532273016870022
-123 0 0 -0.000495380023494363 -0.00510440021753311
-122 0 0 -0.000487899000290781 -0.00495412992313504
-121 0 0 -0.000480218994198367 -0.00479971012100577
-120 0 0 -0.000472323998110369 -0.00464077014476061
-119 0 0 -0.000464192009530962 -0.00447688018903136
-118 0 0 -0.000455798988696188 -0.00430754013359547
-117 0 0 -0.000447116995928809 -0.00413218978792429
-116 0 0 -0.000441153009887785 -0.00401161005720496
-115 0 0 -0.000435035006375983 -0.00388781004585326
-114 0 0 -0.000428748986450955 -0.00376052991487086
-113 0 0 -0.000422281998908147 -0.00362945999950171
-112 0 0 -0.00041561500984244 -0.0034942498896271
-111 0 0 -0.000408730003982782 -0.00335450004786253
-110 0 0 -0.000401603989303112 -0.00320973992347717
-109 0 0 -0.000396705989260226 -0.0031101698987186
-108 0 0 -0.000391679990570992 -0.00300795002840459
-107 0 0 -0.000386516010621563 -0.00290285004302859
-106 0 0 -0.000381202000426129 -0.00279463990591466
-105 0 0 -0.000375723990146071 -0.00268303998745978
-104 0 0 -0.00037006800994277 -0.00256773992441595
-103 0 0 -0.000364217004971579 -0.0024483900051564
-102 0 0 -0.000360197009285912 -0.00236636004410684
-101 0 0 -0.00035607599420473 -0.00228221993893385
-100 11 4 -0.000351844006218016 -0.0021957999560982
-99 0 0 -0.000347494991729036 -0.00210692989639938
-98 0 0 -0.000343018997227773 -0.00201543001458049
-97 0 0 -0.000338404992362484 -0.00192108994815499
-96 0 0 -0.000333642994519323 -0.00182368000969291
-95 0 0 -0.000330379989463836 -0.00175691000185907
-94 0 0 -0.000327042012941092 -0.00168857001699507
-93 0 0 -0.000323623011354357 -0.0016185799613595
-92 0 0 -0.000320121005643159 -0.0015468499623239
-91 0 0 -0.000316530000418425 -0.00147328001912683
-90 0 0 -0.000312844000291079 -0.00139774999115616
-89 0 0 -0.000309060007566586 -0.00132017000578344
-88 0 0 -0.000305169989587739 -0.00124042003881186
-87 0 0 -0.000301171006867662 -0.00115838996134698
-86 0 0 -0.00029705700580962 -0.001073980005458
-85 0 0 -0.000292823009658605 -0.0009870829526335
-84 0 0 -0.000288465002086014 -0.000897624006029218
-83 0 0 -0.000283981004031375 -0.0008055450161919
-82 0 0 -0.000279369996860623 -0.000710829976014793
-81 0 0 -0.00027463398873806 -0.000613514974247664
-80 0 0 -0.000269777985522524 -0.000513707986101508
-79 0 0 -0.000259743013884872 -0.000307375012198463
-78 0 0 -0.000126422004541382 0.00244131009094417
-77 0 0 -5.51479979549185E-06 0.00493397004902363
-76 0 0 0.000143361001391895 0.00798115041106939
-75 0 0 0.000350290996721014 0.0121392998844385
-74 0 0 0.00066623097518459 0.0182539001107216
-73 0 0 0.000944395025726408 0.0233964007347822
-72 0 0 0.00121537002269179 0.0282227005809546
-71 0 0 0.00149197003338486 0.0330095998942852
-70 0 0 0.00178239995148033 0.0379363000392914
-69 0 0 0.00209349999204278 0.0431570000946522
-68 0 0 0.00243190000765026 0.0488330982625484
-67 0 0 0.00280431006103754 0.0551543012261391
-66 0 0 0.00321689993143082 0.0623552016913891
-65 0 0 0.00367268989793956 0.0707165971398354
-64 0 0 0.00416463986039162 0.0805165022611618
-63 0 0 0.00466385995969176 0.0918627977371216
-62 0 0 0.00511426012963057 0.104456000030041
-61 0 0 0.00545554980635643 0.117634996771812
-60 0 0 0.00565657997503877 0.130787998437881
59 10 2 0.00571961002424359 0.143593996763229
58 0 0 0.00570826977491379 0.149151995778084
57 0 0 0.00560913980007172 0.161320999264717
56 0 0 0.00542915007099509 0.173079997301102
55 0 0 0.00519241997972131 0.184480994939804
54 0 0 0.00492005981504917 0.195580005645752
53 0 0 0.00462972978129983 0.206426993012428
52 0 0 0.00433576013892889 0.217067003250122
51 0 0 0.00404943013563752 0.227535992860794
50 9 4 0.00377932004630566 0.237869992852211
49 0 0 0.0035317400470376 0.248097002506256
48 0 0 0.00331105990335345 0.258244007825851
47 0 0 0.00312012992799282 0.268332988023758
46 0 0 0.00296055991202593 0.278385013341904
45 0 0 0.00283300993032753 0.288419991731644
44 0 0 0.00273741991259158 0.298456013202667
43 0 0 0.00267318007536232 0.308508992195129
42 0 0 0.002639289945364 0.318594992160797
41 8 2 0.00263295997865498 0.325343996286392
-40 0 0 0.00263514998368919 0.329356014728546
-39 0 0 0.00264854007400572 0.336147993803024
-38 0 0 0.0026640600990504 0.340694010257721
-37 0 0 0.00268469005823135 0.345254987478256
-36 0 0 0.00271029002033174 0.349833995103836
-35 0 0 0.00274072005413473 0.354429990053177
-34 0 0 0.00277582998387516 0.359046012163162
-33 0 0 0.00281548989005387 0.363682985305786
-32 0 0 0.002859550062567 0.368340998888016
-31 0 0 0.00290788011625409 0.373021006584167
-30 0 0 0.00296033010818064 0.377727001905441
-29 0 0 0.00301676988601685 0.382456988096237
-28 0 0 0.00307704997248948 0.387214004993439
-27 0 0 0.00314104999415576 0.391999006271362
-26 0 0 0.0032086200080812 0.396813005208969
-25 0 0 0.00327964010648429 0.401657998561859
-24 0 0 0.00335397990420461 0.406533986330032
-23 0 0 0.00343149993568659 0.411442995071411
-22 0 0 0.00351208006031811 0.416386008262634
-21 0 0 0.00359558989293873 0.421364992856979
-20 0 0 0.00368189997971058 0.42638099193573
-19 0 0 0.00377089995890856 0.431434988975525
-18 0 0 0.00386245991103351 0.436529010534286
-17 0 0 0.00395645992830396 0.441664010286331
-16 0 0 0.00405276985839009 0.44684100151062
-15 0 0 0.00415128981694579 0.452062010765076
-14 0 0 0.00425188988447189 0.457329005002975
-13 0 0 0.00435444014146924 0.462642997503281
-12 0 0 0.00445884978398681 0.468006014823914
-11 0 0 0.00456496980041265 0.473419010639191
-10 0 0 0.00467270985245705 0.478882998228073
-9 0 0 0.00478194002062082 0.484400987625122
-8 0 0 0.00485552009195089 0.48811000585556
-7 0 0 0.00490490021184087 0.490597009658813
-6 0 0 0.00493795983493328 0.492260992527008
-5 0 0 0.00496006011962891 0.49337300658226
-4 0 0 0.00497480994090438 0.494116008281708
-3 0 0 0.0049846600741148 0.494610995054245
-2 0 0 0.00499123008921742 0.494942009449005
1 0 0 0.00499999988824129 0.495382994413376
1 0 0 0.00499999988824129 0.495382994413376
-2 0 0 0.00500877993181348 0.495824992656708
-3 0 0 0.00501536019146442 0.496156007051468
-4 0 0 0.00502524990588427 0.496654003858566
-5 0 0 0.00504009006544948 0.497400999069214
-6 0 0 0.00506239011883736 0.498524010181427
-7 0 0 0.00509592005982995 0.500212013721466
-8 0 0 0.00514638004824519 0.502754986286163
-9 0 0 0.00522244023159146 0.506591022014618
-10 0 0 0.00533726019784808 0.51239800453186
-11 0 0 0.00545286014676094 0.51826798915863
-12 0 0 0.00556911015883088 0.524205029010773
-13 0 0 0.00568587984889746 0.530210018157959
-14 0 0 0.00580305000767112 0.536284983158112
-15 0 0 0.0059204800054431 0.542433023452759
-16 0 0 0.00603803992271423 0.548654019832611
-17 0 0 0.00615559006109834 0.55495297908783
-18 0 0 0.00627300003543496 0.561330020427704
-19 0 0 0.00639011012390256 0.567789018154144
-20 0 0 0.00650678994134068 0.574331998825073
-21 0 0 0.00662288023158908 0.580960988998413
-22 0 0 0.00673823012039065 0.587678015232086
-23 0 0 0.00685269013047218 0.594487011432648
-24 0 0 0.00696608005091548 0.60139000415802
-25 0 0 0.007078240159899 0.608389973640442
-26 0 0 0.00718900980427861 0.61548900604248
-27 0 0 0.00729819992557168 0.622690975666046
-28 0 0 0.00740562984719872 0.629998028278351
-29 0 0 0.00751111982390285 0.637413024902344
-30 0 0 0.00761447986587882 0.644940972328186
-31 0 0 0.00771551020443439 0.652583003044128
-32 0 0 0.00781400967389345 0.66034197807312
-33 0 0 0.00790977012366056 0.668223977088928
-34 0 0 0.00800259038805962 0.676229000091553
-35 0 0 0.00809224043041468 0.684363007545471
-36 0 0 0.00817850977182388 0.692628979682922
-37 0 0 0.0082611795514822 0.701030015945435
-38 0 0 0.0083400197327137 0.709568977355957
-39 0 0 0.00841477978974581 0.71825098991394
-40 0 0 0.00848525017499924 0.72707998752594
-41 0 0 0.00855118967592716 0.736057996749878
-42 0 0 0.00861235987395048 0.745190024375916
-43 0 0 0.00866851955652237 0.754480004310608
-44 0 0 0.00871943030506372 0.7639319896698
-45 0 0 0.00876487046480179 0.773548007011414
-46 0 0 0.00880459975451231 0.783334016799927
-47 0 0 0.00883839000016451 0.793292999267578
-48 0 0 0.00886604003608227 0.803429007530212
-49 0 0 0.00888731982558966 0.813745975494385
-50 2 4 0.00890204962342978 0.824245989322662
-51 0 0 0.00891001988202333 0.834935009479523
52 3 2 0.00891150999814272 0.842009007930756
53 0 0 0.00890798028558493 0.853016018867493
54 0 0 0.00889728032052517 0.864220023155212
55 0 0 0.00887931045144796 0.875624001026154
56 0 0 0.00885397009551525 0.8872309923172
57 0 0 0.00882119964808226 0.89904397726059
58 0 0 0.00878094974905252 0.911064982414246
59 0 0 0.0087332297116518 0.923296988010406
60 0 0 0.0086780795827508 0.935742020606995
61 0 0 0.00861555989831686 0.948401987552643
62 0 0 0.00854578986763954 0.961278021335602
63 0 0 0.00846892036497593 0.974371016025543
64 0 0 0.00838517025113106 0.987682998180389
65 0 0 0.00829476956278086 1.00120997428894
66 0 0 0.0081980200484395 1.01496005058289
67 0 0 0.0080952700227499 1.02892994880676
68 0 0 0.00798690039664507 1.04312002658844
69 0 0 0.00787336006760597 1.05752003192902
70 0 0 0.00775511981919408 1.07213997840881
71 0 0 0.00763271003961563 1.08697998523712
72 0 0 0.00750671001151204 1.10203003883362
73 0 0 0.00737771997228265 1.11729001998901
74 0 0 0.00724638998508453 1.1327600479126
75 0 0 0.00711339991539717 1.14842998981476
76 0 0 0.00697945011779666 1.16430997848511
77 0 0 0.00684526981785893 1.18039000034332
78 0 0 0.00671161012724042 1.19666004180908
79 0 0 0.00657921982929111 1.21312999725342
80 0 0 0.00644889008253813 1.22977995872498
81 0 0 0.00632137013599277 1.2466299533844
82 0 0 0.00619745021685958 1.26364994049072
83 0 0 0.00607788003981113 1.28085005283356
84 0 0 0.00596342980861664 1.29823005199432
85 0 0 0.00585481990128756 1.31577003002167
86 0 0 0.0057527800090611 1.33349001407623
87 0 0 0.00565801002085209 1.35135996341705
88 0 0 0.00557116977870464 1.36940002441406
89 0 0 0.00549290981143713 1.38759005069733
90 0 0 0.0054238298907876 1.40593004226685
91 0 0 0.00536451023072004 1.42441999912262
92 0 0 0.00531549006700516 1.44305002689362
93 0 0 0.00527728023007512 1.46182000637054
94 0 0 0.00525035010650754 1.48073995113373
95 0 0 0.00523510994389653 1.49978995323181
-96 4 2 0.00523161003366113 1.51426994800568
-97 0 0 0.00523784989491105 1.53355002403259
-98 0 0 0.00525679020211101 1.5529500246048
-99 0 0 0.00528870988637209 1.57247996330261
-100 5 4 0.00533387996256351 1.59213995933533
-101 0 0 0.00539250997826457 1.6119099855423
-102 0 0 0.00546478992328048 1.63180005550385
-103 0 0 0.00555087998509407 1.65180003643036
-104 0 0 0.00565091008320451 1.67191994190216
-105 0 0 0.00576495006680489 1.69214999675751
-106 0 0 0.00589310005307198 1.71248996257782
-107 0 0 0.00603536982089281 1.73293995857239
-108 0 0 0.00619179988279939 1.75348997116089
-109 0 0 0.00636237999424338 1.77415001392365
-110 0 0 0.00654707010835409 1.79490995407104
-111 0 0 0.0067458301782608 1.81576001644135
-112 0 0 0.00695858988910913 1.83671998977661
-113 0 0 0.00718525983393192 1.85777997970581
-114 0 0 0.00742575014010072 1.87892997264862
-115 0 0 0.00767992995679379 1.90016996860504
-116 0 0 0.00794768985360861 1.9215099811554
-117 0 0 0.00822887010872364 1.94293999671936
-118 0 0 0.00852333009243011 1.96446001529694
-119 0 0 0.00883090030401945 1.98607003688812
-120 0 0 0.00915141031146049 2.00777006149292
-121 0 0 0.00948468968272209 2.02956008911133
-122 0 0 0.00983054004609585 2.05141997337341
-123 0 0 0.0101888002827764 2.07337999343872
-124 0 0 0.010559200309217 2.09541010856628
-125 0 0 0.0109416004270315 2.11753010749817
-126 0 0 0.0113358004018664 2.13972997665405
-127 0 0 0.0117415003478527 2.16199994087219
-128 0 0 0.0121585996821523 2.18436002731323
-129 0 0 0.0125869000330567 2.20678997039795
-130 0 0 0.0130260000005364 2.22929000854492
-131 0 0 0.0134758995845914 2.25186991691589
-132 0 0 0.0139362998306751 2.27451992034912
-133 0 0 0.0144068999215961 2.2972400188446
-134 0 0 0.0148876002058387 2.32002997398376
-135 0 0 0.0153782004490495 2.34289002418518
-136 0 0 0.0158783998340368 2.36581993103027
-137 0 0 0.0163879003375769 2.3888099193573
-138 0 0 0.0169066991657019 2.41187000274658
-139 0 0 0.0174345001578331 2.43499994277954
-140 0 0 0.0179709997028112 2.45817995071411
-141 0 0 0.0185161996632814 2.48143005371094
-142 0 0 0.0190696995705366 2.50473999977112
-143 0 0 0.0196313001215458 2.52810001373291
-144 0 0 0.0202009994536638 2.55152988433838
-145 0 0 0.0207784008234739 2.57501006126404
-146 0 0 0.0213632993400097 2.59854006767273
-147 0 0 0.0219557005912066 2.62212991714478
-148 0 0 0.02255529910326 2.64577007293701
-149 0 0 0.0231618992984295 2.6694700717926
-150 6 4 0.0237753000110388 2.6932098865509
-151 0 0 0.0243954006582499 2.71700000762939
-152 0 0 0.0250220000743866 2.74084997177124
-153 0 0 0.0256549008190632 2.76473999023438
-154 0 0 0.0262938998639584 2.7886700630188
-155 0 0 0.0269389990717173 2.81264996528625
-156 0 0 0.027589799836278 2.83667993545532
-157 0 0 0.0282464008778334 2.86074995994568
-158 0 0 0.0289083998650312 2.88486003875732
-159 0 0 0.0295758005231619 2.90900993347168
-160 0 0 0.030248399823904 2.93319988250732
-161 0 0 0.0309261009097099 2.95742988586426
-162 0 0 0.0316088013350964 2.98168992996216
-163 0 0 0.0322961993515491 3.00600004196167
-164 0 0 0.0329882986843586 3.03033995628357
-165 0 0 0.0336849987506866 3.05470991134644
-166 0 0 0.0343860015273094 3.07911992073059
-167 0 0 0.0350914001464844 3.10355997085571
-168 0 0 0.0358009003102779 3.12804007530212
-169 0 0 0.0365144014358521 3.1525399684906
-170 0 0 0.0372318997979164 3.17707991600037
-171 0 0 0.0379532016813755 3.2016499042511
-172 0 0 0.0386781990528107 3.22623991966248
-173 0 0 0.0394068993628025 3.25085997581482
-174 0 0 0.0401390008628368 3.27552008628845
-175 0 0 0.0408744998276234 3.30018997192383
-176 0 0 0.0416133999824524 3.32489991188049
-177 0 0 0.0423555001616478 3.34963011741638
-178 0 0 0.0431006997823715 3.37438011169434
-179 0 0 0.0438488982617855 3.39915990829468
-180 0 0 0.0446000993251801 3.42395997047424
-181 0 0 0.045354101806879 3.44878005981445
-182 0 0 0.0461108982563019 3.47362995147705
-183 0 0 0.0468703992664814 3.49849009513855
-184 0 0 0.0476326011121273 3.52338004112244
-185 0 0 0.0483971983194351 3.54829001426697
-186 0 0 0.0491643995046616 3.57321000099182
-187 0 0 0.0499338991940022 3.59816002845764
-188 7 9 0.0507058016955853 3.62312006950378
