-473 18 9 -0.0500112995505333 -0.393958002328873
-472 0 0 -0.0493914000689983 -0.38918799161911
-471 0 0 -0.0487728007137775 -0.384443014860153
-470 0 0 -0.0481554009020329 -0.379723995923996
-469 0 0 -0.0475387014448643 -0.375028014183044
-468 0 0 -0.0469225011765957 -0.370355993509293
-467 0 0 -0.046306598931551 -0.365703999996185
-466 0 0 -0.0456904992461205 -0.361074000597
-465 0 0 -0.045074101537466 -0.356462001800537
-464 0 0 -0.0444569997489452 -0.351868987083435
-463 0 0 -0.0438390001654625 -0.347292989492416
-462 0 0 -0.0432195998728275 -0.34273299574852
-461 0 0 -0.0425987988710403 -0.338187992572784
-460 0 0 -0.0419760011136532 -0.333656013011932
-459 0 0 -0.0413511991500854 -0.329136997461319
-458 0 0 -0.0407239012420177 -0.324629008769989
-457 0 0 -0.0400937981903553 -0.320131003856659
-456 0 0 -0.039460800588131 -0.31564199924469
-455 0 0 -0.0388244017958641 -0.311161011457443
-454 0 0 -0.0381844006478786 -0.306686013936996
-453 0 0 -0.0375404991209507 -0.302215993404388
-452 0 0 -0.0368924997746944 -0.297749012708664
-451 0 0 -0.0362400002777576 -0.293285012245178
-450 17 4 -0.0355829000473022 -0.288821011781693
-449 0 0 -0.0349208004772663 -0.284357011318207
-448 0 0 -0.0342536009848118 -0.27989199757576
-447 0 0 -0.0335808992385864 -0.275422006845474
-446 0 0 -0.0329025983810425 -0.270947009325027
-445 0 0 -0.0322185009717941 -0.26646500825882
-444 0 0 -0.0315284989774227 -0.261974990367889
-443 0 0 -0.0308322999626398 -0.257474988698959
-442 0 0 -0.0303648002445698 -0.254467010498047
-441 0 0 -0.0298944003880024 -0.251453995704651
-440 0 0 -0.0294211991131306 -0.248434007167816
-439 0 0 -0.0289452001452446 -0.245407000184059
-438 0 0 -0.0284663997590542 -0.242372006177902
-437 0 0 -0.0279846992343664 -0.239328995347023
-436 0 0 -0.0275001991540194 -0.236276000738144
-435 0 0 -0.027012899518013 -0.233213007450104
-434 0 0 -0.0265226997435093 -0.230140000581741
-433 0 0 -0.0260298997163773 -0.227054998278618
-432 0 0 -0.025534400716424 -0.223958000540733
-431 0 0 -0.0252024997025728 -0.221885994076729
-430 0 0 -0.0248696003109217 -0.219807997345924
-429 0 0 -0.0245354995131493 -0.217722997069359
-428 0 0 -0.0242002997547388 -0.215632006525993
-427 0 0 -0.0238639991730452 -0.213534995913506
-426 0 0 -0.0235267002135515 -0.211428999900818
-425 0 0 -0.0231883991509676 -0.209316998720169
-424 0 0 -0.0228490997105837 -0.207196995615959
-423 0 0 -0.0225088000297546 -0.205068007111549
-422 0 0 -0.0221676994115114 -0.202931001782417
-421 0 0 -0.0218257997184992 -0.200785994529724
-420 0 0 -0.0214830003678799 -0.198631003499031
-419 0 0 -0.0211395006626844 -0.196466997265816
-418 0 0 -0.0207953006029129 -0.194294005632401
-417 0 0 -0.0204504001885653 -0.192110002040863
-416 0 0 -0.0201050005853176 -0.189915001392365
-415 0 0 -0.0197590999305248 -0.187710002064705
-414 0 0 -0.019412700086832 -0.185494005680084
-413 0 0 -0.0190658997744322 -0.183265000581741
-412 0 0 -0.0187187995761633 -0.181024998426437
-411 0 0 -0.0183715000748634 -0.178772002458572
-410 0 0 -0.0180240999907255 -0.176505997776985
-409 0 0 -0.0176765993237495 -0.174226999282837
-408 0 0 -0.0173291005194187 -0.171933993697166
-407 0 0 -0.0169817004352808 -0.169626995921135
-406 0 0 -0.0166344996541739 -0.167304992675781
-405 0 0 -0.0162876006215811 -0.164967998862267
-404 0 0 -0.0159411001950502 -0.16261500120163
-403 0 0 -0.0155951995402575 -0.160246998071671
-402 0 0 -0.0152498995885253 -0.157861992716789
-401 0 0 -0.0149053996428847 -0.155460000038147
-400 16 4 -0.0145616997033358 -0.153042003512383
-399 0 0 -0.0142190996557474 -0.150606006383896
-398 0 0 -0.0138776004314423 -0.148153007030487
-397 0 0 -0.0135374004021287 -0.145682007074356
-396 0 0 -0.0131988003849983 -0.143193006515503
-395 0 0 -0.0128618003800511 -0.140687003731728
-394 0 0 -0.0125265996903181 -0.13816300034523
-393 0 0 -0.0121935000643134 -0.13562199473381
-392 0 0 -0.01186260022223 -0.13306500017643
-391 0 0 -0.0115342997014523 -0.130493000149727
-390 0 0 -0.0112087996676564 -0.127905994653702
-389 0 0 -0.0108864000067115 -0.125306993722916
-388 0 0 -0.0105673996731639 -0.122697003185749
-387 0 0 -0.0102521004155278 -0.120079003274441
-386 0 0 -0.00994092039763927 -0.117454998195171
-385 0 0 -0.00963430013507605 -0.114828996360302
-384 0 0 -0.00933265034109354 -0.112204998731613
-383 0 0 -0.00903641991317272 -0.109586998820305
-382 0 0 -0.00874608010053635 -0.106980003416538
-381 0 0 -0.00846207980066538 -0.104390002787113
-380 0 0 -0.00818489957600832 -0.101822003722191
-379 0 0 -0.00791497994214296 -0.0992818027734756
-378 0 0 -0.00765269994735718 -0.0967757999897003
-377 0 0 -0.00739840976893902 -0.0943093001842499
-376 0 0 -0.00715239997953176 -0.0918876007199287
-375 0 0 -0.00691486010327935 -0.0895154997706413
-374 0 0 -0.00668590981513262 -0.0871969014406204
-373 0 0 -0.00646559009328485 -0.0849352031946182
-372 0 0 -0.00625385018065572 -0.0827327966690063
-371 0 0 -0.00605056993663311 -0.0805914029479027
-370 0 0 -0.00585557008162141 -0.0785119011998177
-369 0 0 -0.00566860986873507 -0.0764942988753319
-368 0 0 -0.00548940990120173 -0.0745382010936737
-367 0 0 -0.00531766982749104 -0.0726426988840103
-366 0 0 -0.00515303993597627 -0.070806197822094
-365 0 0 -0.00499519007280469 -0.0690271034836769
-364 0 0 -0.00484377006068826 -0.0673032999038696
-363 0 0 -0.0046984301880002 -0.065632700920105
-362 0 0 -0.00455883983522654 -0.0640128999948502
-361 0 0 -0.00442468002438545 -0.0624416992068291
-360 0 0 -0.00429562013596296 -0.0609165988862514
-359 0 0 -0.00417135981842875 -0.0594354011118412
-358 0 0 -0.00405162991955876 -0.0579955987632275
-357 0 0 -0.00393615011125803 -0.0565951988101006
-356 0 0 -0.00382466008886695 -0.055231798440218
-355 0 0 -0.00371694006025791 -0.0539034008979797
-354 0 0 -0.00361274997703731 -0.052607998251915
-353 0 0 -0.00351188005879521 -0.0513437017798424
-352 0 0 -0.00341414008289576 -0.0501084998250008
-351 0 0 -0.00331934005953372 -0.0489007011055946
-350 15 4 -0.00322730001062155 -0.0477185994386673
-349 0 0 -0.00313788000494242 -0.046560600399971
-348 0 0 -0.00305090006440878 -0.0454250983893871
-347 0 0 -0.00296623003669083 -0.0443104989826679
-346 0 0 -0.00288374000228941 -0.043215598911047
-345 0 0 -0.00280329002998769 -0.0421388000249863
-344 0 0 -0.00272476999089122 -0.0410788990557194
-343 0 0 -0.00264804996550083 -0.0400344990193844
-342 0 0 -0.00257303006947041 -0.0390044003725052
-341 0 0 -0.00249960995279253 -0.0379871986806393
-340 0 0 -0.00242767995223403 -0.0369818992912769
-339 0 0 -0.0023571599740535 -0.035987101495266
-338 0 0 -0.00228793011046946 -0.0350016988813877
-337 0 0 -0.0022199300583452 -0.0340244993567467
-336 0 0 -0.00215304992161691 -0.0330541990697384
-335 0 0 -0.00208721007220447 -0.0320896990597248
-334 0 0 -0.00202231993898749 -0.0311296004801989
-333 0 0 -0.00195829011499882 -0.0301725994795561
-332 0 0 -0.00189505005255342 -0.0292172990739346
-331 0 0 -0.0018324899720028 -0.0282623991370201
-330 0 0 -0.00177053001243621 -0.0273061990737915
-329 0 0 -0.00170906004495919 -0.0263470001518726
-328 0 0 -0.00164798996411264 -0.0253830999135971
-327 0 0 -0.00158719997853041 -0.0244123991578817
-326 0 0 -0.00152656994760036 -0.0234325006604195
-325 0 0 -0.00146596995182335 -0.0224409997463226
-324 0 0 -0.00140524003654718 -0.0214348006993532
-323 0 0 -0.00134421000257134 -0.0204102993011475
-322 0 0 -0.00128266005776823 -0.0193632002919912
-321 0 0 -0.00124122004490346 -0.0186500996351242
-320 0 0 -0.00119934999383986 -0.0179229006171227
-319 0 0 -0.00115694000851363 -0.017179299145937
-318 0 0 -0.00111386994831264 -0.0164167992770672
-317 0 0 -0.00106999999843538 -0.0156321991235018
-316 0 0 -0.0010402100160718 -0.0150950001552701
-315 0 0 -0.00100991001818329 -0.0145447999238968
-314 0 0 -0.000979027012363076 -0.0139800999313593
-313 0 0 -0.000947467982769012 -0.0133990002796054
-312 0 0 -0.000915120996069163 -0.0127990003675222
-311 0 0 -0.000893053016625345 -0.0123870996758342
-310 0 0 -0.000870527001097798 -0.0119647001847625
-309 0 0 -0.000847484974656254 -0.0115304002538323
-308 0 0 -0.000823861977551132 -0.0110828001052141
-307 0 0 -0.000799576984718442 -0.0106204003095627
-306 0 0 -0.000782972027081996 -0.0103027997538447
-305 0 0 -0.000765995995607227 -0.00997706037014723
-304 0 0 -0.000748610007576644 -0.00964220985770226
-303 0 0 -0.000730768020730466 -0.00929735042154789
-302 0 0 -0.000712415028829128 -0.00894133001565933
-301 0 0 -0.00069348601391539 -0.00857280008494854
-300 14 4 -0.000680509023368359 -0.008319360204041
-299 0 0 -0.000667212996631861 -0.00805907044559717
-298 0 0 -0.000653568014968187 -0.007791250012815
-297 0 0 -0.000639535021036863 -0.00751513009890914
-296 0 0 -0.000625071988906711 -0.00722981011494994
-295 0 0 -0.000610125018283725 -0.00693419016897678
-294 0 0 -0.000599862018134445 -0.00673075998201966
-293 0 0 -0.000589334988035262 -0.00652173021808267
-292 0 0 -0.000578516977839172 -0.00630657002329826
-291 0 0 -0.000567382026929408 -0.00608466984704137
-290 0 0 -0.000555892009288073 -0.0058553097769618
-289 0 0 -0.000544008973520249 -0.00561766000464559
-288 0 0 -0.000535844010300934 -0.0054541202262044
-287 0 0 -0.000527466007042676 -0.00528609985485673
-286 0 0 -0.000518854008987546 -0.00511319003999233
-285 0 0 -0.000509987003169954 -0.00493491999804974
-284 0 0 -0.000500839028973132 -0.0047507700510323
-283 0 0 -0.000491378013975918 -0.00456007989123464
-282 0 0 -0.000484880001749843 -0.0044289599172771
-281 0 0 -0.000478214002214372 -0.00429434003308415
-280 0 0 -0.000471367005957291 -0.00415593991056085
-279 0 0 -0.000464321987237781 -0.00401342008262873
-278 0 0 -0.000457060988992453 -0.00386638008058071
-277 0 0 -0.000449560990091413 -0.00371438008733094
-276 0 0 -0.000441796990344301 -0.00355688994750381
-275 0 0 -0.000433739012805745 -0.00339328008703887
-274 0 0 -0.000425351987360045 -0.003222820116207
-273 0 0 -0.000416591006796807 -0.00304460991173983
-272 0 0 -0.000407404004363343 -0.00285755004733801
-271 0 0 -0.000397725001676008 -0.00266028009355068
-270 0 0 -0.000387470005080104 -0.00245106988586485
-269 0 0 -0.000376534007955343 -0.0022277298849076
-268 0 0 -0.000364776991773397 -0.00198737997561693
-267 0 0 -0.000352016999386251 -0.0017262400360778
-266 0 0 -0.000338012003339827 -0.00143932003993541
-265 0 0 -0.000322454987326637 -0.00112025998532772
-264 0 0 -0.000305021007079631 -0.000762297015171498
-263 0 0 -0.000264425005298108 7.26041034795344E-05
-262 0 0 -0.000192168998182751 0.0015619300538674
-261 0 0 -0.000107901003502775 0.00330027006566525
-260 0 0 -3.42381008522352E-06 0.00545023987069726
-259 0 0 0.000137534996611066 0.00832707993686199
-258 0 0 0.000340296013746411 0.0123864999040961
-257 0 0 0.000654694973491132 0.0184436999261379
-256 0 0 0.000933373987209052 0.0235680006444454
-255 0 0 0.00120576005429029 0.0283892005681992
-254 0 0 0.00148450001142919 0.033178199082613
-253 0 0 0.00177789002191275 0.0381125994026661
-252 0 0 0.0020929800812155 0.0433464013040066
-251 0 0 0.00243678991682827 0.0490415990352631
-250 13 4 0.00281667010858655 0.0553892999887466
-249 0 0 0.00323981000110507 0.0626256018877029
-248 0 0 0.0037108298856765 0.0710328966379166
-247 0 0 0.0042250701226294 0.0808866992592812
-246 0 0 0.00475675007328391 0.0922842994332314
-245 0 0 0.005253029987216 0.104910001158714
-244 0 0 0.00565571989864111 0.118096999824047
-243 0 0 0.0059336400590837 0.131240993738174
-242 0 0 0.00608704006299376 0.144032001495361
241 12 2 0.00613322015851736 0.156381994485855
240 0 0 0.00613173004239798 0.158669993281364
239 0 0 0.0060797999612987 0.17051500082016
238 0 0 0.00596957979723811 0.181989997625351
237 0 0 0.00582057982683182 0.193151995539665
236 0 0 0.005649299826473 0.204050004482269
235 0 0 0.00546923978254199 0.214732006192207
234 0 0 0.00529108988121152 0.225235998630524
233 0 0 0.00512309977784753 0.235596999526024
232 0 0 0.00497137010097504 0.245846003293991
231 0 0 0.00484023988246918 0.256007999181747
230 0 0 0.00473261997103691 0.266108006238937
229 0 0 0.00465021980926394 0.276167005300522
228 0 0 0.00459389993920922 0.286204010248184
227 0 0 0.00456378981471062 0.296238005161285
226 11 2 0.00455811014398932 0.302933990955353
-225 0 0 0.00455824006348848 0.303943991661072
-224 0 0 0.00456552021205425 0.310653001070023
-223 0 0 0.0045837601646781 0.317378014326096
-222 0 0 0.00461264001205564 0.324122995138168
-221 0 0 0.0046518100425601 0.330893009901047
-220 0 0 0.00470086978748441 0.337693005800247
-219 0 0 0.00473889010027051 0.342243999242783
-218 0 0 0.00478099985048175 0.34681099653244
-217 0 0 0.00482709985226393 0.351395010948181
-216 0 0 0.00487704016268253 0.355998009443283
-215 0 0 0.00493070017546415 0.360621005296707
-214 0 0 0.00498796999454498 0.365263998508453
-213 0 0 0.0050487001426518 0.369929999113083
-212 0 0 0.00511277979239821 0.374619007110596
-211 0 0 0.00518007017672062 0.379332989454269
-210 0 0 0.00525045022368431 0.384072005748749
-209 0 0 0.00532379979267716 0.38883900642395
-208 0 0 0.00539998011663556 0.393633008003235
-207 0 0 0.00547887990251184 0.398456990718842
-206 0 0 0.0055603701621294 0.403313010931015
-205 0 0 0.00564434006810188 0.408199995756149
-204 0 0 0.00573064992204309 0.413120001554489
-203 0 0 0.00581918004900217 0.418076008558273
-202 0 0 0.00590982008725405 0.423067003488541
-201 0 0 0.00600244989618659 0.428095012903214
-200 10 4 0.00609692977741361 0.433162987232208
-199 0 0 0.00619316985830665 0.43827098608017
-198 0 0 0.00629102997481823 0.443419992923737
-197 0 0 0.00639038998633623 0.448612004518509
-196 0 0 0.00649113999679685 0.453848987817764
-195 0 0 0.00659315986558795 0.459131002426147
-194 0 0 0.00669632013887167 0.464462012052536
-193 0 0 0.00676567014306784 0.468041986227036
-192 0 0 0.00683544017374516 0.471644997596741
-191 0 0 0.00690559996291995 0.475270986557007
-190 0 0 0.00697608990594745 0.478920012712479
-189 0 0 0.00704690022394061 0.48259299993515
-188 0 0 0.00711798015981913 0.486290007829666
-187 0 0 0.00718929013237357 0.490011990070343
-186 0 0 0.00726079987362027 0.493759006261826
-185 0 0 0.00733246980234981 0.49753201007843
-184 0 0 0.00740425009280443 0.501331984996796
-183 0 0 0.00747611979022622 0.505158007144928
-182 0 0 0.00754803000018001 0.509010970592499
-181 0 0 0.00761994021013379 0.51289302110672
-180 0 0 0.00769180990755558 0.516803026199341
-179 0 0 0.00776359019801021 0.520743012428284
-178 0 0 0.00783525966107845 0.524712026119232
-177 0 0 0.00790676008909941 0.528711020946503
-176 0 0 0.0079780500382185 0.532742023468018
-175 0 0 0.00804909970611334 0.536804020404816
-174 0 0 0.00811984017491341 0.540898025035858
-173 0 0 0.00819025002419949 0.545024991035461
-172 0 0 0.0082602696493268 0.549185991287231
-171 0 0 0.0083298496901989 0.553381025791168
-170 0 0 0.00839895009994507 0.557609975337982
-169 0 0 0.00846752990037203 0.561874985694885
-168 0 0 0.00853552017360926 0.566177010536194
-167 0 0 0.00860289018601179 0.570514976978302
-166 0 0 0.00866957008838654 0.574890971183777
-165 0 0 0.00873551983386278 0.579304993152618
-164 0 0 0.00880067981779575 0.583759009838104
-163 0 0 0.00886500999331474 0.588252007961273
-162 0 0 0.00892843026667833 0.592787027359009
-161 0 0 0.00899090990424156 0.597361981868744
-160 0 0 0.00905236974358559 0.601979970932007
-159 0 0 0.00911276042461395 0.606640994548798
-158 0 0 0.00917202979326248 0.611346006393433
-157 0 0 0.00923009961843491 0.616096019744873
-156 0 0 0.00928691029548645 0.620891988277435
-155 0 0 0.00934240967035294 0.625733971595764
-154 0 0 0.00939652975648642 0.630622982978821
-153 0 0 0.00944919046014547 0.635560989379883
-152 0 0 0.00950033962726593 0.64054799079895
-151 0 0 0.00954989995807409 0.645585000514984
-150 9 4 0.00959780998528004 0.650672972202301
-149 0 0 0.00964398961514235 0.655812978744507
-148 0 0 0.0096883699297905 0.661006987094879
-147 0 0 0.0097308699041605 0.666253983974457
-146 0 0 0.00977141968905926 0.671555995941162
-145 0 0 0.00980995036661625 0.676914989948273
-144 0 0 0.00984636973589659 0.682330012321472
-143 0 0 0.00988062005490065 0.687803983688354
-142 0 0 0.00991259980946779 0.693337023258209
-141 0 0 0.00994222983717918 0.698930025100708
-140 0 0 0.00996944960206747 0.704584002494812
-139 0 0 0.00999415013939142 0.710300981998444
-138 0 0 0.0100162997841835 0.716081023216248
-137 0 0 0.0100357001647353 0.721925973892212
-136 0 0 0.0100523997098207 0.727836012840271
-135 0 0 0.0100662000477314 0.733812987804413
-134 0 0 0.0100771998986602 0.739858984947205
-133 0 0 0.0100851003080606 0.745972990989685
-132 0 0 0.0100899003446102 0.752156972885132
-131 8 2 0.0100915003567934 0.758413016796112
130 0 0 0.0100907003507018 0.762875020503998
129 0 0 0.0100867003202438 0.769255995750427
128 0 0 0.0100792003795505 0.775709986686707
127 0 0 0.0100683001801372 0.782240986824036
126 0 0 0.010053800418973 0.788847982883453
125 0 0 0.0100357001647353 0.795531988143921
124 0 0 0.0100138001143932 0.802295982837677
123 0 0 0.0099881598725915 0.809140026569366
122 0 0 0.00995860993862152 0.816065013408661
121 0 0 0.00992510002106428 0.823073029518127
120 0 0 0.00988757982850075 0.83016300201416
119 0 0 0.0098459804430604 0.837337970733643
118 0 0 0.00980024039745331 0.844599008560181
117 0 0 0.0097503000870347 0.851945996284485
116 0 0 0.00969612039625645 0.859380006790161
115 0 0 0.00963765010237694 0.866903007030487
114 0 0 0.00957485008984804 0.874514997005463
113 0 0 0.00950768031179905 0.882216989994049
112 0 0 0.00943612959235907 0.890009999275208
111 0 0 0.00936015974730253 0.897894024848938
110 0 0 0.00927978008985519 0.905871987342834
109 0 0 0.00919495988637209 0.913941979408264
108 0 0 0.00910571962594986 0.922106981277466
107 0 0 0.00901206955313683 0.930365979671478
106 0 0 0.00891401991248131 0.938719987869263
105 0 0 0.00881162006407976 0.94717001914978
104 0 0 0.00870488956570625 0.955715000629425
103 0 0 0.00859390012919903 0.964357018470764
102 0 0 0.00847870018333197 0.973096013069153
101 0 0 0.00835935957729816 0.981931984424591
100 7 4 0.00823596026748419 0.990864992141724
99 0 0 0.00810861028730869 0.999894976615906
98 0 0 0.00797739997506142 1.00901997089386
97 0 0 0.00784245040267706 1.01824998855591
96 0 0 0.00770389009267092 1.02757000923157
95 0 0 0.00756186014041305 1.03699004650116
94 0 0 0.00741649977862835 1.0465099811554
93 0 0 0.00726797990500927 1.05612003803253
92 0 0 0.00711647002026439 1.06582999229431
91 0 0 0.0069621498696506 1.0756299495697
90 0 0 0.00680522015318274 1.08553004264832
89 0 0 0.00664586992934346 1.09553003311157
88 0 0 0.0064843101426959 1.10562002658844
87 0 0 0.00632078014314175 1.11580002307892
86 0 0 0.00615548994392157 1.12608003616333
85 0 0 0.00598867982625961 1.13644003868103
84 0 0 0.00582059985026717 1.14690005779266
83 0 0 0.00565148983150721 1.15744996070862
82 0 0 0.00548161985352635 1.16808998584747
81 0 0 0.00531123019754887 1.17882001399994
80 0 0 0.00514059979468584 1.18963003158569
79 0 0 0.00496998988091946 1.20053005218506
78 0 0 0.00479967007413507 1.21151995658875
77 0 0 0.00462991977110505 1.22258996963501
76 0 0 0.00446100020781159 1.23373997211456
75 0 0 0.0042931898497045 1.24497997760773
74 0 0 0.00412676017731428 1.25629997253418
73 0 0 0.0039619798772037 1.2676899433136
72 0 0 0.00379912997595966 1.27917003631592
71 0 0 0.00363846006803215 1.29071998596191
70 0 0 0.00348024000413716 1.30235004425049
69 0 0 0.0033247300889343 1.31405997276306
68 0 0 0.00317217991687357 1.32583999633789
67 0 0 0.00302284001372755 1.33768999576569
66 0 0 0.00287694996222854 1.34960997104645
65 0 0 0.00273474003188312 1.36161005496979
64 0 0 0.00259646004997194 1.37366998195648
63 0 0 0.00246231001801789 1.38580000400543
62 0 0 0.00233252998441458 1.39800000190735
61 0 0 0.00220729992724955 1.41026997566223
60 0 0 0.00208683009259403 1.42260003089905
59 0 0 0.00197132001630962 1.43499994277954
58 0 0 0.00186094001401216 1.44746005535126
57 0 0 0.00175586005207151 1.45998001098633
56 0 0 0.0016562599921599 1.47256994247437
55 0 0 0.00156229001004249 1.48520994186401
54 0 0 0.00147410004865378 1.49792003631592
53 0 0 0.00139183003921062 1.51067996025085
52 0 0 0.0013156000059098 1.52349996566772
51 0 0 0.00124554999638349 1.53638005256653
50 6 4 0.00118176999967545 1.54931998252869
49 0 0 0.0011243800399825 1.56230998039246
48 0 0 0.00107348000165075 1.57535994052887
47 0 0 0.00102913996670395 1.58845996856689
46 0 0 0.000991462962701917 1.60160994529724
45 0 0 0.000960505974944681 1.61482000350952
44 0 0 0.000936339027248323 1.62808001041412
43 0 0 0.000919018988497555 1.64138996601105
42 0 0 0.000908595975488424 1.65474998950958
-41 5 2 0.000905113003682345 1.66815996170044
-40 0 0 0.000906340021174401 1.67613005638123
-39 0 0 0.000913986004889011 1.68962001800537
-38 0 0 0.000928652007132769 1.70316004753113
-37 0 0 0.000950361019931734 1.71675002574921
-36 0 0 0.000979125034064054 1.73038005828857
-35 0 0 0.00101494998671114 1.74406003952026
-34 0 0 0.00105784996412694 1.75778996944427
-33 0 0 0.00110780994873494 1.7715699672699
-32 0 0 0.00116483005695045 1.78538000583649
-31 0 0 0.00122889003250748 1.79925000667572
-30 0 0 0.00129998999182135 1.81315994262695
-29 0 0 0.00137809000443667 1.82711005210876
-28 0 0 0.00146317994222045 1.84110999107361
-27 0 0 0.00155521999113262 1.85514998435974
-26 0 0 0.0016541900113225 1.86923003196716
-25 0 0 0.00176003994420171 1.88335001468658
-24 0 0 0.00187274999916553 1.89751994609833
-23 0 0 0.00199226010590792 1.91173005104065
-22 0 0 0.0021185299847275 1.92597997188568
-21 0 0 0.00225152005441487 1.940269947052
-20 0 0 0.00239117001183331 1.95459997653961
-19 0 0 0.00253743003122509 1.96896994113922
-18 0 0 0.00269025005400181 1.98337996006012
-17 0 0 0.00284957000985742 1.99783003330231
-16 0 0 0.00301534007303417 2.01232004165649
-15 0 0 0.00318748992867768 2.02683997154236
-14 0 0 0.00336595997214317 2.04139995574951
-13 0 0 0.00355067988857627 2.05601000785828
-12 0 0 0.00374160008504987 2.07064008712769
-11 0 0 0.0039386497810483 2.08531999588013
-10 0 0 0.00414176005870104 2.10002994537354
-9 0 0 0.00435086013749242 2.11477994918823
-8 0 0 0.00456588016822934 2.1295599937439
-7 0 0 0.00471248989924788 2.13944005966187
-6 0 0 0.00481165992096066 2.14602994918823
-5 0 0 0.00487841013818979 2.15042996406555
-4 0 0 0.00492318999022245 2.15335988998413
-3 0 0 0.0049531701952219 2.15531992912292
-2 0 0 0.00497320992872119 2.15662002563477
1 0 0 0.00499999988824129 2.15836000442505
1 0 0 0.00499999988824129 2.15836000442505
-2 0 0 0.00502686994150281 2.16009998321533
-3 0 0 0.00504706986248493 2.1614100933075
-4 0 0 0.00507745984941721 2.16336989402771
-5 0 0 0.00512323016300797 2.16631007194519
-6 0 0 0.00519229006022215 2.17072010040283
-7 0 0 0.00529681006446481 2.17734003067017
-8 0 0 0.00545568019151688 2.18728995323181
-9 0 0 0.00569863012060523 2.2022500038147
-10 0 0 0.00594707997515798 2.21723008155823
-11 0 0 0.00620097015053034 2.23224997520447
-12 0 0 0.00646022986620665 2.24729990959167
-13 0 0 0.00672477995976806 2.26237988471985
-14 0 0 0.00699455011636019 2.27749991416931
-15 0 0 0.00726945977658033 2.29263997077942
-16 0 0 0.00754944980144501 2.30782008171082
-17 0 0 0.00783444009721279 2.3230299949646
-18 0 0 0.00812435988336802 2.33826994895935
-19 0 0 0.0084191495552659 2.35353994369507
-20 0 0 0.00871871039271355 2.36883997917175
-21 0 0 0.00902299955487251 2.3841700553894
-22 0 0 0.00933193042874336 2.39952993392944
-23 0 0 0.00964543037116528 2.41491007804871
-24 0 0 0.00996343977749348 2.43033003807068
-25 0 0 0.0102858999744058 2.4457700252533
-26 0 0 0.0106127001345158 2.46124005317688
-27 0 0 0.0109438002109528 2.47673988342285
-28 0 0 0.0112790996208787 2.49225997924805
-29 0 0 0.0116186002269387 2.50781011581421
-30 0 0 0.0119621995836496 2.52339005470276
-31 0 0 0.0123097999021411 2.53899002075195
-32 0 0 0.0126614002510905 2.55462002754211
-33 0 0 0.0130169000476599 2.57027006149292
-34 0 0 0.0133761996403337 2.58594989776611
-35 0 0 0.0137392999604344 2.60164999961853
-36 0 0 0.0141061004251242 2.61736989021301
-37 0 0 0.0144765004515648 2.63312005996704
-38 0 0 0.0148505000397563 2.64889001846313
-39 0 0 0.0152281001210213 2.6646900177002
-40 0 0 0.0156091004610062 2.6805100440979
-41 0 0 0.0159935001283884 2.69635009765625
-42 0 0 0.0163812004029751 2.71220993995667
-43 0 0 0.016772199422121 2.7280900478363
-44 0 0 0.0171665009111166 2.74399995803833
-45 0 0 0.0175638999789953 2.75991988182068
-46 0 0 0.0179644003510475 2.77587008476257
-47 0 0 0.018368000164628 2.79184007644653
-48 0 0 0.018774600699544 2.80782008171082
-49 0 0 0.0191842000931501 2.82382988929749
-50 2 4 0.0195966996252537 2.83985996246338
-51 0 0 0.0200120005756617 2.85590004920959
-52 0 0 0.0204300992190838 2.8719699382782
-53 0 0 0.0208509005606174 2.8880500793457
-54 0 0 0.0212744995951653 2.90415000915527
-55 0 0 0.0217007007449865 2.92025995254517
-56 0 0 0.022129500284791 2.93639993667603
-57 0 0 0.0225607994943857 2.95254993438721
-58 0 0 0.0229947008192539 2.96871995925903
-59 0 0 0.0234309993684292 2.9849100112915
-60 0 0 0.023869700729847 3.0011100769043
-61 0 0 0.0243107993155718 3.01732993125916
-62 0 0 0.0247543007135391 3.03356003761292
-63 0 0 0.0252000000327826 3.04980993270874
-64 0 0 0.0256479997187853 3.06608009338379
-65 0 0 0.0260981004685163 3.08236002922058
-66 0 0 0.0265503991395235 3.0986499786377
-67 0 0 0.0270048994570971 3.11495995521545
-68 0 0 0.0274614002555609 3.13127994537354
-69 0 0 0.0279200002551079 3.14761996269226
-70 0 0 0.0283805001527071 3.16396999359131
-71 0 0 0.0288430992513895 3.18033003807068
-72 0 0 0.0293074995279312 3.19671010971069
-73 0 0 0.0297739002853632 3.21309995651245
-74 0 0 0.0302421003580093 3.22950005531311
-75 0 0 0.0307122003287077 3.24591994285583
-76 0 0 0.0311840008944273 3.26235008239746
-77 0 0 0.0316575989127159 3.27878999710083
-78 0 0 0.0321329012513161 3.29523992538452
-79 0 0 0.032609898597002 3.31170010566711
-80 0 0 0.0330885015428066 3.32818007469177
-81 0 0 0.033568799495697 3.34466004371643
-82 0 0 0.0342921987175941 3.36941003799438
-83 0 0 0.0350190997123718 3.39419007301331
-84 0 0 0.0357493981719017 3.41897988319397
-85 0 0 0.0364829003810883 3.44379997253418
-86 0 0 0.0372196994721889 3.46864008903503
-87 0 0 0.0379596017301083 3.49351000785828
-88 0 0 0.0387024991214275 3.51838994026184
-89 0 0 0.0394483990967274 3.54328989982605
-90 0 0 0.0401971004903316 3.56821990013123
-91 0 0 0.0409485995769501 3.59315991401672
-92 0 0 0.0417027994990349 3.61811995506287
-93 0 0 0.042459599673748 3.64310002326965
-94 0 0 0.0432188995182514 3.66809010505676
-95 0 0 0.0439807996153831 3.69310998916626
-96 0 0 0.044744998216629 3.71813988685608
-97 0 0 0.0455115996301174 3.7431800365448
-98 0 0 0.0462803989648819 3.76824998855591
-99 0 0 0.0470515005290508 3.79331994056702
-100 3 4 0.0478246994316578 3.81840991973877
-101 0 0 0.048599898815155 3.84351992607117
-102 0 0 0.0493772998452187 3.86863994598389
-103 4 9 0.0501565001904964 3.89376997947693
