-393 20 9 -0.0503655001521111 -0.419357985258102
-392 0 0 -0.049558699131012 -0.412797003984451
-391 0 0 -0.0487571991980076 -0.406293004751205
-390 0 0 -0.0479602999985218 -0.399841994047165
-389 0 0 -0.0471674017608166 -0.393442988395691
-388 0 0 -0.0463780015707016 -0.387091010808945
-387 0 0 -0.0455912984907627 -0.380786001682281
-386 0 0 -0.0448068007826805 -0.374523013830185
-385 0 0 -0.0440239012241364 -0.36829999089241
-384 0 0 -0.0432420000433922 -0.362114995718002
-383 0 0 -0.0424603000283241 -0.355964988470078
-382 0 0 -0.0416782982647419 -0.349846988916397
-381 0 0 -0.0408953987061977 -0.343759000301361
-380 0 0 -0.0401109009981155 -0.337696999311447
-379 0 0 -0.0393241010606289 -0.331660002470016
-378 0 0 -0.0385344997048378 -0.325643002986908
-377 0 0 -0.0377414003014565 -0.31964498758316
-376 0 0 -0.0369441993534565 -0.313661992549896
-375 0 0 -0.0361423008143902 -0.307691991329193
-374 0 0 -0.0356047004461288 -0.303716987371445
-373 0 0 -0.0350646004080772 -0.299746006727219
-372 0 0 -0.0345217995345592 -0.29577699303627
-371 0 0 -0.033975999802351 -0.291808992624283
-370 0 0 -0.0334272012114525 -0.287840992212296
-369 0 0 -0.0328751988708973 -0.283872991800308
-368 0 0 -0.0323196984827518 -0.279902994632721
-367 0 0 -0.0317608006298542 -0.275929987430573
-366 0 0 -0.0311981998383999 -0.271952986717224
-365 0 0 -0.0306317005306482 -0.267971009016037
-364 0 0 -0.030061399564147 -0.263983011245728
-363 0 0 -0.0294870007783175 -0.259986996650696
-362 0 0 -0.0289085004478693 -0.255982011556625
-361 0 0 -0.0283257998526096 -0.251967012882233
-360 0 0 -0.0277388002723455 -0.247940003871918
-359 0 0 -0.0273451004177332 -0.245249003171921
-358 0 0 -0.0269494000822306 -0.242550998926163
-357 0 0 -0.0265519004315138 -0.239846006035805
-356 0 0 -0.0261524002999067 -0.237134993076324
-355 0 0 -0.0257508996874094 -0.234414994716644
-354 0 0 -0.0253475997596979 -0.231686994433403
-353 0 0 -0.0249423999339342 -0.228951007127762
-352 0 0 -0.0245351996272802 -0.226205006241798
-351 0 0 -0.0241262000054121 -0.223449006676674
-350 19 4 -0.0237153992056847 -0.220682993531227
-349 0 0 -0.0233027990907431 -0.21790599822998
-348 0 0 -0.0228883996605873 -0.215116992592812
-347 0 0 -0.0226112008094788 -0.213250994682312
-346 0 0 -0.0223332997411489 -0.211379006505013
-345 0 0 -0.0220545995980501 -0.209500998258591
-344 0 0 -0.0217752996832132 -0.207617998123169
-343 0 0 -0.0214952006936073 -0.205726996064186
-342 0 0 -0.0212146006524563 -0.203831002116203
-341 0 0 -0.0209331996738911 -0.201927006244659
-340 0 0 -0.0206512995064259 -0.200017005205154
-339 0 0 -0.0203687008470297 -0.198099002242088
-338 0 0 -0.0200855992734432 -0.196173995733261
-337 0 0 -0.0198020003736019 -0.194240003824234
-336 0 0 -0.0195179004222155 -0.192298993468285
-335 0 0 -0.0192332994192839 -0.190349996089935
-334 0 0 -0.0189482998102903 -0.188391998410225
-333 0 0 -0.0186628997325897 -0.186425998806953
-332 0 0 -0.0183771997690201 -0.184450000524521
-331 0 0 -0.0180910993367434 -0.182465001940727
-330 0 0 -0.0178047008812428 -0.180470004677773
-329 0 0 -0.0175180993974209 -0.178464993834496
-328 0 0 -0.0172313991934061 -0.176449999213219
-327 0 0 -0.0169443991035223 -0.17442399263382
-326 0 0 -0.0166574008762836 -0.172388002276421
-325 0 0 -0.0163704007863998 -0.170340001583099
-324 0 0 -0.016083300113678 -0.168281003832817
-323 0 0 -0.0157964006066322 -0.166208997368813
-322 0 0 -0.0155095001682639 -0.164125993847847
-321 0 0 -0.0152227999642491 -0.16203099489212
-320 0 0 -0.0149363996461034 -0.159923002123833
-319 0 0 -0.0146503001451492 -0.157801002264023
-318 0 0 -0.0143646001815796 -0.155667006969452
-317 0 0 -0.0140792997553945 -0.153519004583359
-316 0 0 -0.01379460003227 -0.151357993483543
-315 0 0 -0.0135105000808835 -0.149183005094528
-314 0 0 -0.0132270995527506 -0.14699299633503
-313 0 0 -0.0129444999620318 -0.14478999376297
-312 0 0 -0.0126628000289202 -0.142572999000549
-311 0 0 -0.0123821003362536 -0.140341997146606
-310 0 0 -0.0121026001870632 -0.138098001480103
-309 0 0 -0.0118242995813489 -0.135839998722076
-308 0 0 -0.0115473996847868 -0.133569002151489
-307 0 0 -0.0112720001488924 -0.13128499686718
-306 0 0 -0.0109983999282122 -0.128990992903709
-305 0 0 -0.0107265999540687 -0.126684993505478
-304 0 0 -0.0104569997638464 -0.124370001256466
-303 0 0 -0.010189600288868 -0.122047998011112
-302 0 0 -0.00992480013519526 -0.119718998670578
-301 0 0 -0.00966279022395611 -0.117385998368263
-300 18 4 -0.00940383970737457 -0.115051999688148
-299 0 0 -0.0091482400894165 -0.112718999385834
-298 0 0 -0.0088962996378541 -0.1103900000453
-297 0 0 -0.0086483396589756 -0.108067996799946
-296 0 0 -0.0084046795964241 -0.105757996439934
-295 0 0 -0.00816563982516527 -0.103463999927044
-294 0 0 -0.0079315397888422 -0.101187996566296
-293 0 0 -0.0077026798389852 -0.0989355966448784
-292 0 0 -0.00747933983802795 -0.0967105999588966
-291 0 0 -0.00726176984608173 -0.0945170000195503
-290 0 0 -0.00705017987638712 -0.0923584997653961
-289 0 0 -0.00684473011642694 -0.0902384966611862
-288 0 0 -0.00664553977549076 -0.0881597995758057
-287 0 0 -0.00645268009975553 -0.0861250981688499
-286 0 0 -0.00626617018133402 -0.0841363966464996
-285 0 0 -0.00608598021790385 -0.0821951031684875
-284 0 0 -0.00591203011572361 -0.0803020969033241
-283 0 0 -0.00574420997872949 -0.078458197414875
-282 0 0 -0.00558238010853529 -0.0766630992293358
-281 0 0 -0.00542637007310987 -0.0749168023467064
-280 0 0 -0.00527598988264799 -0.073218397796154
-279 0 0 -0.00513102998957038 -0.0715672001242638
-278 0 0 -0.00499127013608813 -0.0699618011713028
-277 0 0 -0.00485649006441236 -0.068401001393795
-276 0 0 -0.00472646998241544 -0.0668834000825882
-275 0 0 -0.00460099009796977 -0.0654072985053062
-274 0 0 -0.00447981990873814 -0.0639711022377014
-273 0 0 -0.00436276011168957 -0.0625732019543648
-272 0 0 -0.00424958998337388 -0.0612119995057583
-271 0 0 -0.00414011999964714 -0.0598857998847961
-270 0 0 -0.00403414992615581 -0.058592900633812
-269 0 0 -0.00393150979653001 -0.0573316998779774
-268 0 0 -0.00383202009834349 -0.0561008006334305
-267 0 0 -0.00373549992218614 -0.0548986010253429
-266 0 0 -0.00364182004705071 -0.0537235997617245
-265 0 0 -0.00355082005262375 -0.0525745004415512
-264 0 0 -0.00346234999597073 -0.0514498017728329
-263 0 0 -0.00337629998102784 -0.0503484010696411
-262 0 0 -0.00329252006486058 -0.049268800765276
-261 0 0 -0.00321090989746153 -0.0482099987566471
-260 0 0 -0.0031313500367105 -0.047170601785183
-259 0 0 -0.00305372988805175 -0.0461498014628887
-258 0 0 -0.00297795003280044 -0.0451462008059025
-257 0 0 -0.00290392991155386 -0.0441589988768101
-256 0 0 -0.0028315600939095 -0.0431871004402637
-255 0 0 -0.00276076002046466 -0.042229600250721
-254 0 0 -0.0026914500631392 -0.0412853993475437
-253 0 0 -0.00262354989536107 -0.0403537005186081
-252 0 0 -0.0025569899007678 -0.0394335016608238
-251 0 0 -0.002491689985618 -0.0385240986943245
-250 17 4 -0.0024275800678879 -0.0376244001090527
-249 0 0 -0.00236459006555378 -0.0367337986826897
-248 0 0 -0.00230266992002726 -0.0358512997627258
-247 0 0 -0.00224175001494586 -0.0349760018289089
-246 0 0 -0.00218176003545523 -0.0341072008013725
-245 0 0 -0.00212263991124928 -0.0332438983023167
-244 0 0 -0.00206434004940093 -0.0323854014277458
-243 0 0 -0.00200678990222514 -0.0315307006239891
-242 0 0 -0.00194992998149246 -0.0306787993758917
-241 0 0 -0.00189370999578387 -0.0298289991915226
-240 0 0 -0.00183806999120861 -0.0289801005274057
-239 0 0 -0.00178292999044061 -0.0281312000006437
-238 0 0 -0.00172824005130678 -0.0272810999304056
-237 0 0 -0.00167391996365041 -0.0264286007732153
-236 0 0 -0.00161991000641137 -0.0255724992603064
-235 0 0 -0.00156612996943295 -0.024711299687624
-234 0 0 -0.00151249999180436 -0.0238435994833708
-233 0 0 -0.00145891995634884 -0.0229675006121397
-232 0 0 -0.00140529999043792 -0.0220810994505882
-231 0 0 -0.00135151005815715 -0.0211820993572474
-230 0 0 -0.00129745004232973 -0.0202679000794888
-229 0 0 -0.00124293996486813 -0.019335400313139
-228 0 0 -0.00118779996410012 -0.0183809008449316
-227 0 0 -0.00115060003008693 -0.0177301000803709
-226 0 0 -0.00111294002272189 -0.0170658994466066
-225 0 0 -0.00107474997639656 -0.0163864009082317
-224 0 0 -0.0010358999716118 -0.0156893003731966
-223 0 0 -0.000996279995888472 -0.0149720003828406
-222 0 0 -0.000969356973655522 -0.0144809000194073
-221 0 0 -0.000941962993238121 -0.0139781003817916
-220 0 0 -0.000914034026209265 -0.0134624000638723
-219 0 0 -0.000885491026565433 -0.0129319997504354
-218 0 0 -0.000856243015732616 -0.0123849995434284
-217 0 0 -0.000836296996567398 -0.0120099000632763
-216 0 0 -0.000815949984826148 -0.011625699698925
-215 0 0 -0.000795154017396271 -0.0112311998382211
-214 0 0 -0.000773857987951487 -0.0108254998922348
-213 0 0 -0.000751996994949877 -0.0104071004316211
-212 0 0 -0.000729496008716524 -0.00997447967529297
-211 0 0 -0.000714096007868648 -0.00967724993824959
-210 0 0 -0.000698339019436389 -0.00937218964099884
-209 0 0 -0.000682189012877643 -0.00905853044241667
-208 0 0 -0.000665600993670523 -0.0087353503331542
-207 0 0 -0.000648523971904069 -0.0084015903994441
-206 0 0 -0.00063089799368754 -0.0080559803172946
-205 0 0 -0.000618805992417037 -0.00781823042780161
-204 0 0 -0.00060641102027148 -0.00757399015128613
-203 0 0 -0.000593682983890176 -0.00732264015823603
-202 0 0 -0.000580588006414473 -0.00706346007063985
-201 0 0 -0.000567084003705531 -0.0067955800332129
-200 16 4 -0.000553123012650758 -0.00651801005005836
-199 0 0 -0.00054353300947696 -0.00632697017863393
-198 0 0 -0.000533693004399538 -0.00613065995275974
-197 0 0 -0.000523580005392432 -0.00592858996242285
-196 0 0 -0.000513167004100978 -0.00572018977254629
-195 0 0 -0.000502420996781439 -0.00550479022786021
-194 0 0 -0.000491303973831236 -0.00528160994872451
-193 0 0 -0.000483665993670002 -0.0051280502229929
-192 0 0 -0.000475826993351802 -0.00497029023244977
-191 0 0 -0.000467770005343482 -0.00480795977637172
-190 0 0 -0.00045947398757562 -0.00464064022526145
-189 0 0 -0.000450914987595752 -0.00446783006191254
-188 0 0 -0.000442065997049212 -0.00428895000368357
-187 0 0 -0.000435988011304289 -0.00416598981246352
-186 0 0 -0.000429756008088589 -0.00403977977111936
-185 0 0 -0.000423354009399191 -0.00391008006408811
-184 0 0 -0.000416769995354116 -0.00377656007185578
-183 0 0 -0.000409986998420209 -0.0036388800945133
-182 0 0 -0.000402982986997813 -0.00349663989618421
-181 0 0 -0.000395737995859236 -0.0033493700902909
-180 0 0 -0.000390759989386424 -0.00324811995960772
-179 0 0 -0.000385654013371095 -0.00314419995993376
-178 0 0 -0.000380409008357674 -0.00303740007802844
-177 0 0 -0.000375014002202079 -0.00292749004438519
-176 0 0 -0.00036945499596186 -0.00281417998485267
-175 0 0 -0.000363717990694568 -0.00269717001356184
-174 0 0 -0.00035778500023298 -0.00257609994150698
-173 0 0 -0.000353710987837985 -0.0024929300416261
-172 0 0 -0.00034953499562107 -0.0024076399859041
-171 0 0 -0.000345248990925029 -0.00232007005251944
-170 0 0 -0.000340844999300316 -0.00223005004227161
-169 0 0 -0.000336313009029254 -0.0021373899653554
-168 0 0 -0.000331643997924402 -0.00204189005307853
-167 0 0 -0.000326826993841678 -0.00194330001249909
-166 0 0 -0.000321847008308396 -0.00184136000461876
-165 0 0 -0.000316691002808511 -0.00173578003887087
-164 0 0 -0.000311343988869339 -0.00162622996140271
-163 0 0 -0.000305786990793422 -0.00151234003715217
-162 0 0 -0.000300001993309706 -0.00139372004196048
-161 0 0 -0.000293968012556434 -0.00126994994934648
-160 0 0 -0.000287664006464183 -0.00114058994222432
-159 0 0 -0.000281070009805262 -0.00100521999411285
-158 0 0 -0.000274168996838853 -0.000863483990542591
-157 0 0 -0.000266951014054939 -0.000715185014996678
-156 0 0 -0.000259419990470633 -0.000560399028472602
-155 0 0 -0.000243525995756499 -0.000233516999287531
-154 0 0 -0.00013255600060802 0.00205323006957769
-153 0 0 -2.4120299713104E-05 0.00428716000169516
-152 0 0 0.000108385997009464 0.00700059998780489
-151 0 0 0.000206690005143173 0.00899290014058352
-150 15 4 0.000290022988338023 0.0106635000556707
-149 0 0 0.000364692998118699 0.0121441995725036
-148 0 0 0.000433690001955256 0.013497699983418
-147 0 0 0.000498711015097797 0.0147596998140216
-146 0 0 0.000560824002604932 0.0159529000520706
-145 0 0 0.0006207560072653 0.0170926004648209
-144 0 0 0.000679026008583605 0.0181901007890701
-143 0 0 0.00073602597694844 0.0192533992230892
-142 0 0 0.000792055972851813 0.0202891994267702
-141 0 0 0.00084735598647967 0.0213025994598866
-140 0 0 0.000902122992556542 0.0222976002842188
-139 0 0 0.000956518983002752 0.0232778992503881
-138 0 0 0.00101067998912185 0.0242462996393442
-137 0 0 0.00106474000494927 0.0252055991441011
-136 0 0 0.00111877999734133 0.0261578001081944
-135 0 0 0.00117291999049485 0.0271048992872238
-134 0 0 0.00122722995001823 0.0280489008873701
-133 0 0 0.00128177995793521 0.0289913006126881
-132 0 0 0.00133667001500726 0.029933700338006
-131 0 0 0.00139194005168974 0.0308774001896381
-130 0 0 0.00144767004530877 0.0318237990140915
-129 0 0 0.00148510001599789 0.0324569009244442
-128 0 0 0.00152278004679829 0.0330921001732349
-127 0 0 0.00156073004473001 0.0337297990918159
-126 0 0 0.00159895000979304 0.0343704000115395
-125 0 0 0.0016374799888581 0.0350142009556293
-124 0 0 0.00167631998192519 0.0356614999473095
-123 0 0 0.00171549001242965 0.0363127999007702
-122 0 0 0.00175500998739153 0.0369682013988495
-121 0 0 0.00179489003494382 0.0376283004879951
-120 0 0 0.00183514994569123 0.0382932014763355
-119 0 0 0.00187580997589976 0.0389635004103184
-118 0 0 0.00191688002087176 0.0396393015980721
-117 0 0 0.00195838999934494 0.0403212010860443
-116 0 0 0.00200033001601696 0.0410092994570732
-115 0 0 0.00204274989664555 0.0417042002081871
-114 0 0 0.00208564009517431 0.0424062013626099
-113 0 0 0.00212902994826436 0.0431155003607273
-112 0 0 0.00217292993329465 0.0438327006995678
-111 0 0 0.00220249989069998 0.0443154014647007
-110 0 0 0.00223229988478124 0.0448018983006477
-109 0 0 0.00226235995069146 0.0452921986579895
-108 0 0 0.00229266006499529 0.0457866005599499
-107 0 0 0.00232323003001511 0.0462851002812386
-106 0 0 0.00235405005514622 0.0467878989875317
-105 0 0 0.002385149942711 0.0472951009869576
-104 0 0 0.00241651991382241 0.0478067994117737
-103 0 0 0.00244816998019814 0.0483231991529465
-102 0 0 0.00248010992072523 0.048844400793314
-101 0 0 0.00251232995651662 0.049370501190424
-100 14 4 0.00254485988989472 0.0499017015099525
-99 0 0 0.00257768994197249 0.0504381991922855
-98 0 0 0.00261082011274993 0.0509800016880035
-97 0 0 0.00264426996000111 0.0515273995697498
-96 0 0 0.00267803994938731 0.052080400288105
-95 0 0 0.00271213008090854 0.0526392981410027
-94 0 0 0.00274655991233885 0.0532042011618614
-93 0 0 0.00278131989762187 0.0537751987576485
-92 0 0 0.00281643006019294 0.0543526001274586
-91 0 0 0.00285188993439078 0.0549364984035492
-90 0 0 0.00288769998587668 0.055527001619339
-89 0 0 0.00292386999353766 0.0561244003474712
-88 0 0 0.00294818007387221 0.0565266013145447
-87 0 0 0.00297265988774598 0.0569319017231464
-86 0 0 0.00299730990082026 0.0573404990136623
-85 0 0 0.00302212010137737 0.057752400636673
-84 0 0 0.0030471000354737 0.0581675991415977
-83 0 0 0.00307224993593991 0.058586198836565
-82 0 0 0.0030975800473243 0.0590081997215748
-81 0 0 0.00312307989224792 0.0594337992370129
-80 0 0 0.00314874993637204 0.0598630011081696
-79 0 0 0.00317459995858371 0.0602957010269165
-78 0 0 0.00320061994716525 0.0607322007417679
-77 0 0 0.00322682992555201 0.0611723996698856
-76 0 0 0.00325321010313928 0.0616163983941078
-75 0 0 0.00327977002598345 0.0620643012225628
-74 0 0 0.00330651993863285 0.06251610070467
-73 0 0 0.00333345006220043 0.0629718974232674
-72 0 0 0.00336056994274259 0.0634317025542259
-71 0 0 0.00338787003420293 0.0638955980539322
-70 0 0 0.00341535010375082 0.0643637999892235
-69 0 0 0.00344301993027329 0.0648360997438431
-68 0 0 0.00347087997943163 0.0653126984834671
-67 0 0 0.00349892000667751 0.0657937005162239
-66 0 0 0.00352716003544629 0.0662790983915329
-65 0 0 0.00355558004230261 0.0667688995599747
-64 0 0 0.00358418002724648 0.0672632977366447
-63 0 0 0.00361298001371324 0.067762203514576
-62 0 0 0.00364195997826755 0.0682658031582832
-61 0 0 0.00367112993262708 0.0687740966677666
-60 0 0 0.00370049010962248 0.0692872032523155
-59 0 0 0.00373003003187478 0.0698051005601883
-58 0 0 0.00375975994393229 0.0703278034925461
-57 0 0 0.003789670066908 0.070855401456356
-56 0 0 0.00381975993514061 0.0713879987597466
-55 0 0 0.00383992004208267 0.071745902299881
-54 0 0 0.0038601600099355 0.0721059963107109
-53 0 0 0.00388048007152975 0.0724683031439781
-52 0 0 0.00390087999403477 0.0728328973054886
-51 0 0 0.00392134999856353 0.0731998980045319
-50 13 4 0.00394190987572074 0.0735690966248512
-49 0 0 0.00396252982318401 0.073940597474575
-48 0 0 0.00398324010893703 0.0743144005537033
-47 0 0 0.00400401977822185 0.0746904984116554
-46 0 0 0.00402487022802234 0.0750690028071404
-45 0 0 0.00404579006135464 0.0754498019814491
-44 0 0 0.00406678998842835 0.0758330002427101
-43 0 0 0.00408784998580813 0.0762185975909233
-42 0 0 0.00410897983238101 0.076606497168541
-41 0 0 0.00413017999380827 0.0769968032836914
-40 0 0 0.00415145000442863 0.0773895010352135
-39 0 0 0.00417278008535504 0.0777845978736877
-38 0 0 0.00419418001547456 0.0781819969415665
-37 0 0 0.00421562977135181 0.0785818994045258
-36 0 0 0.00423714984208345 0.0789842009544373
-35 0 0 0.00425872020423412 0.0793887972831726
-34 0 0 0.00428035017102957 0.0797958970069885
-33 0 0 0.00430204020813107 0.0802054032683372
-32 0 0 0.00432378007099032 0.0806171968579292
-31 0 0 0.0043455702252686 0.0810315012931824
-30 0 0 0.0043673999607563 0.0814481005072594
-29 0 0 0.00438929023221135 0.0818672031164169
-28 0 0 0.0044112098403275 0.0822886005043983
-27 0 0 0.00443318020552397 0.082712396979332
-26 0 0 0.00445519015192986 0.0831385999917984
-25 0 0 0.00447724014520645 0.0835670977830887
-24 0 0 0.00449931994080544 0.0839980021119118
-23 0 0 0.00452143000438809 0.0844312012195587
-22 0 0 0.00454356987029314 0.0848667994141579
-21 0 0 0.00456573022529483 0.0853046029806137
-20 0 0 0.00458791991695762 0.0857447981834412
-19 0 0 0.00461013009771705 0.0861871987581253
-18 0 0 0.00463235983625054 0.0866319015622139
-17 0 0 0.00465461006388068 0.0870788022875786
-16 0 0 0.00467685982584953 0.0875279977917671
-15 0 0 0.0046991198323667 0.0879793986678123
-14 0 0 0.0047213900834322 0.0884329006075859
-13 0 0 0.0047436598688364 0.0888886004686356
-12 0 0 0.0047659301199019 0.0893464013934135
-11 0 0 0.00478819012641907 0.0898064002394676
-10 0 0 0.00481045013293624 0.0902684032917023
-9 0 0 0.00483269011601806 0.0907324999570847
-8 0 0 0.00485491985455155 0.0911986008286476
-7 0 0 0.00487713003531098 0.0916666984558105
-6 0 0 0.00489930994808674 0.0921367034316063
-5 0 0 0.00492146983742714 0.0926086977124214
-4 0 0 0.00494359992444515 0.0930825024843216
-3 0 0 0.00496570020914078 0.0935581997036934
-2 0 0 0.00498040998354554 0.0938763990998268
1 0 0 0.00499999988824129 0.0943017974495888
1 0 0 0.00499999988824129 0.0943017974495888
-2 0 0 0.00501955021172762 0.0947287008166313
-3 0 0 0.00503419991582632 0.0950497016310692
-4 0 0 0.00505611998960376 0.095532700419426
-5 0 0 0.00507798977196217 0.0960173010826111
-6 0 0 0.0050997999496758 0.0965035036206245
-7 0 0 0.00512155005708337 0.0969913005828857
-8 0 0 0.00514324009418488 0.0974806994199753
-9 0 0 0.005164859816432 0.0979716032743454
-10 0 0 0.00518641015514731 0.0984639003872871
-11 0 0 0.00520789017900825 0.0989577025175095
-12 0 0 0.00522929010912776 0.0994528010487556
-13 0 0 0.00525060016661882 0.0999492034316063
-14 0 0 0.0052718399092555 0.100446999073029
-15 0 0 0.0052929800003767 0.100946001708508
-16 0 0 0.00531403021886945 0.101446002721786
-17 0 0 0.00533497985452414 0.101947002112865
-18 0 0 0.00535584008321166 0.102449998259544
-19 0 0 0.00537658995017409 0.102953001856804
-20 0 0 0.00539724016562104 0.103458002209663
-21 0 0 0.00541776977479458 0.103963002562523
-22 0 0 0.00543820019811392 0.104469999670982
-23 0 0 0.00545851001515985 0.104976996779442
-24 0 0 0.00547870015725493 0.105484999716282
-25 0 0 0.0054987701587379 0.105994001030922
-26 0 0 0.00551872001960874 0.106504000723362
-27 0 0 0.00553853996098042 0.107014000415802
-28 0 0 0.00555822998285294 0.107524998486042
-29 0 0 0.0055777900852263 0.108037002384663
-30 0 0 0.00559721002355218 0.108548998832703
-31 0 0 0.0056165000423789 0.109062001109123
-32 0 0 0.00563564989715815 0.109575003385544
-33 0 0 0.00565464980900288 0.110088996589184
-34 0 0 0.00567351002246141 0.110602997243404
-35 0 0 0.00569223007187247 0.111117996275425
-36 0 0 0.0057107899338007 0.111631996929646
-37 0 0 0.00572921009734273 0.112148001790047
-38 0 0 0.00574747007340193 0.112663000822067
-39 0 0 0.00576558010652661 0.113178998231888
-40 0 0 0.00578354019671679 0.113695003092289
-41 0 0 0.0058013298548758 0.11421100050211
-42 0 0 0.00581897003576159 0.11472699791193
-43 0 0 0.00583645002916455 0.115243002772331
-44 0 0 0.00585376005619764 0.115759998559952
-45 0 0 0.00587092014029622 0.116276003420353
-46 0 0 0.00588790001347661 0.116792999207973
-47 0 0 0.00590472994372249 0.117308996617794
-48 0 0 0.00592138012871146 0.117825001478195
-49 0 0 0.0059378701262176 0.118340998888016
-50 2 4 0.00595419015735388 0.118858002126217
-51 0 0 0.00597034022212029 0.119373999536037
-52 0 0 0.00598631985485554 0.119888998568058
-53 0 0 0.00600212998688221 0.120405003428459
-54 0 0 0.00601777015253901 0.12092100083828
-55 0 0 0.00603323988616467 0.1214359998703
-56 0 0 0.00604852987453341 0.121950998902321
-57 0 0 0.0060636498965323 0.122464999556541
-58 0 0 0.00607859995216131 0.122979998588562
-59 0 0 0.00609338004142046 0.123493999242783
-60 0 0 0.00610797991976142 0.124007001519203
-61 0 0 0.00612956006079912 0.124776996672153
-62 0 0 0.00615074997767806 0.125545993447304
-63 0 0 0.0061715398915112 0.126313999295235
-64 0 0 0.0061919498257339 0.127081006765366
-65 0 0 0.00621196022257209 0.127847000956535
-66 0 0 0.00623157992959023 0.128611996769905
-67 0 0 0.00625082012265921 0.129375994205475
-68 0 0 0.00626967009156942 0.130138993263245
-69 0 0 0.00628812983632088 0.130899995565414
-70 0 0 0.00630621006712317 0.131660997867584
-71 0 0 0.00632390985265374 0.132419005036354
-72 0 0 0.00634123012423515 0.133176997303963
-73 0 0 0.0063581601716578 0.133932992815971
-74 0 0 0.00637472979724407 0.134688004851341
-75 0 0 0.00639091990888119 0.13544200360775
-76 0 0 0.00640673981979489 0.136194005608559
-77 0 0 0.00642218999564648 0.136944994330406
-78 0 0 0.00643726997077465 0.137694001197815
-79 0 0 0.00645199976861477 0.138441994786263
-80 0 0 0.00646635983139277 0.139188006520271
-81 0 0 0.00648037018254399 0.139933004975319
-82 0 0 0.00649402989074588 0.140677005052567
-83 0 0 0.006507339887321 0.141417995095253
-84 0 0 0.00652030017226934 0.142159000039101
-85 0 0 0.00653292005881667 0.142897993326187
-86 0 0 0.0065452097915113 0.143635004758835
-87 0 0 0.00655714981257915 0.144371002912521
-88 0 0 0.00656876992434263 0.145105004310608
-89 0 0 0.00658005988225341 0.145838007330894
-90 0 0 0.0065910299308598 0.14656899869442
-91 0 0 0.00660168007016182 0.147299006581306
-92 0 0 0.00661200983449817 0.148027002811432
-93 0 0 0.00662693008780479 0.149115994572639
-94 0 0 0.00664116023108363 0.150202006101608
-95 0 0 0.00665471004322171 0.151283994317055
-96 0 0 0.00666760001331568 0.152363002300262
-97 0 0 0.00667985016480088 0.153439000248909
-98 0 0 0.00669146003201604 0.154511004686356
-99 0 0 0.00670245988294482 0.155579999089241
-100 3 4 0.00671285018324852 0.156644999980927
-101 0 0 0.00672263978049159 0.157707005739212
-102 0 0 0.00673185987398028 0.158766001462936
-103 0 0 0.00674051977694035 0.159822002053261
-104 0 0 0.00674861995503306 0.160874992609024
-105 0 0 0.00675619021058083 0.161924004554749
-106 0 0 0.00676323007792234 0.162970006465912
-107 0 0 0.00676976004615426 0.164012998342514
-108 0 0 0.00677580013871193 0.165052995085716
-109 0 0 0.00678134988993406 0.166089996695518
-110 0 0 0.0067864297889173 0.167124003171921
-111 0 0 0.00679105008020997 0.168154999613762
-112 0 0 0.00679522985592484 0.169183000922203
-113 0 0 0.00679897982627153 0.170208007097244
-114 0 0 0.00680230977013707 0.171230003237724
-115 0 0 0.00680653983727098 0.172757998108864
-116 0 0 0.00680990004912019 0.174280002713203
-117 0 0 0.0068124202080071 0.175796002149582
-118 0 0 0.00681415013968945 0.177305996417999
-119 0 0 0.00681512989103794 0.178810000419617
120 4 2 0.00681539997458458 0.180126994848251
121 0 0 0.00681506004184484 0.181620001792908
122 0 0 0.00681335991248488 0.183850005269051
123 0 0 0.00681032985448837 0.186067998409271
124 0 0 0.00680609000846744 0.188273996114731
125 0 0 0.00680074980482459 0.190469995141029
126 0 0 0.00679442007094622 0.192653998732567
127 0 0 0.00678720977157354 0.194829002022743
128 0 0 0.00677921017631888 0.196992993354797
129 0 0 0.00677052978426218 0.199147999286652
130 0 0 0.00676125008612871 0.201294004917145
131 0 0 0.00675146980211139 0.203430995345116
132 0 0 0.00674128020182252 0.205559000372887
133 0 0 0.00673073995858431 0.207679003477097
134 0 0 0.0067199501208961 0.209791004657745
135 0 0 0.00670896982774138 0.211896002292633
136 0 0 0.00669788010418415 0.21399299800396
137 0 0 0.00668674008920789 0.216083005070686
138 0 0 0.00667562009766698 0.218165993690491
139 0 0 0.00666458019986749 0.220243006944656
140 0 0 0.00665368000045419 0.2223140001297
141 0 0 0.00664296001195908 0.224379003047943
142 0 0 0.00663249008357525 0.226438000798225
143 0 0 0.00661735003814101 0.229516997933388
144 0 0 0.00660300999879837 0.232584998011589
145 0 0 0.00658961990848184 0.235641002655029
146 0 0 0.00657729990780354 0.238688006997108
147 0 0 0.00656617991626263 0.241725996136665
148 0 0 0.00655634002760053 0.244754999876022
149 0 0 0.00654789991676807 0.247777000069618
150 5 4 0.00654092989861965 0.250791013240814
151 0 0 0.00653549982234836 0.253798991441727
152 0 0 0.0065316897816956 0.256801009178162
153 0 0 0.0065295398235321 0.259797990322113
-154 6 2 0.00652906019240618 0.262028992176056
-155 0 0 0.0065299398265779 0.265017986297607
-156 0 0 0.00653462996706367 0.269495010375977
-157 0 0 0.00654343981295824 0.273963987827301
-158 0 0 0.00655644992366433 0.278429001569748
-159 0 0 0.00657371012493968 0.282889991998672
-160 0 0 0.00659525021910667 0.287348985671997
-161 0 0 0.00662107020616531 0.291808009147644
-162 0 0 0.00665115006268024 0.296268999576569
-163 0 0 0.00668548978865147 0.300731986761093
-164 0 0 0.0067240297794342 0.30519899725914
-165 0 0 0.00676672998815775 0.309671014547348
-166 0 0 0.00681352987885475 0.314150989055634
-167 0 0 0.0068643600679934 0.318637996912003
-168 0 0 0.00694801984354854 0.325388014316559
-169 0 0 0.00704031018540263 0.332163006067276
-170 0 0 0.00714094005525112 0.338968992233276
-171 0 0 0.00724959978833795 0.345807999372482
-172 0 0 0.00736596994102001 0.352685987949371
-173 0 0 0.00748973013833165 0.359605997800827
-174 0 0 0.00762053020298481 0.366571992635727
-175 0 0 0.00775805022567511 0.373589009046555
-176 0 0 0.0079019395634532 0.380659997463226
-177 0 0 0.00805188994854689 0.387791007757187
-178 0 0 0.00820754002779722 0.394984006881714
-179 0 0 0.00836858991533518 0.402244985103607
-180 0 0 0.00853469036519527 0.409577012062073
-181 0 0 0.00870553962886333 0.416985988616943
-182 0 0 0.00888079963624477 0.424474000930786
-183 0 0 0.00906016957014799 0.432047992944717
-184 0 0 0.00924332998692989 0.43971198797226
-185 0 0 0.00942995958030224 0.447468996047974
-186 0 0 0.00961973983794451 0.45532700419426
-187 0 0 0.0098123699426651 0.463288009166718
-188 0 0 0.010007499717176 0.471359997987747
-189 0 0 0.0102049000561237 0.479546993970871
-190 0 0 0.0104040997102857 0.48785400390625
-191 0 0 0.0106049003079534 0.496288001537323
-192 0 0 0.0108067998662591 0.504854023456573
-193 0 0 0.0110096000134945 0.513558983802795
-194 0 0 0.0112129999324679 0.522409975528717
-195 0 0 0.0114163998514414 0.5314120054245
-196 0 0 0.0116195995360613 0.540573000907898
-197 0 0 0.0118220997974277 0.549899995326996
-198 0 0 0.0120235998183489 0.559400975704193
-199 0 0 0.0122234998270869 0.569082975387573
-200 7 4 0.0124214999377728 0.578954994678497
-201 0 0 0.0126170003786683 0.589024007320404
-202 0 0 0.012809700332582 0.599300026893616
-203 0 0 0.0129989003762603 0.60979300737381
-204 0 0 0.0131839998066425 0.62050998210907
-205 0 0 0.0133646996691823 0.63146299123764
-206 0 0 0.013540199957788 0.642660975456238
-207 0 0 0.013709899969399 0.65411502122879
-208 0 0 0.0138731002807617 0.665835976600647
-209 0 0 0.0140292998403311 0.677836000919342
-210 0 0 0.0141775999218225 0.690124988555908
-211 0 0 0.0143173998221755 0.702715992927551
-212 0 0 0.0144478995352983 0.715620994567871
-213 0 0 0.0145683996379375 0.728851974010468
-214 0 0 0.0146781001240015 0.742422997951508
-215 0 0 0.0147761004045606 0.756345987319946
-216 0 0 0.0148617997765541 0.77063399553299
-217 0 0 0.0149343004450202 0.785300016403198
-218 0 0 0.0149929001927376 0.800356984138489
-219 0 0 0.0150368995964527 0.815818011760712
-220 0 0 0.0150656001642346 0.831695973873138
-221 0 0 0.0150784999132156 0.848002016544342
222 8 2 0.0150792002677917 0.852805018424988
223 0 0 0.0150709003210068 0.869679987430573
224 0 0 0.0150456996634603 0.887008011341095
225 0 0 0.0150033999234438 0.904799997806549
226 0 0 0.0149438995867968 0.923062980175018
227 0 0 0.0148673998191953 0.941805005073547
228 0 0 0.0147740999236703 0.961031973361969
229 0 0 0.0146644003689289 0.980747997760773
230 0 0 0.0145391998812556 1.00095999240875
231 0 0 0.0143993999809027 1.02165997028351
232 0 0 0.0142462002113461 1.04285001754761
233 0 0 0.0140810003504157 1.06453001499176
234 0 0 0.01390550006181 1.08669996261597
235 0 0 0.0137216001749039 1.10934996604919
236 0 0 0.0135313998907804 1.13247001171112
237 0 0 0.0133371995761991 1.15604996681213
238 0 0 0.013141400180757 1.18008005619049
239 0 0 0.0129463998600841 1.20456004142761
240 0 0 0.012754900380969 1.22947001457214
241 0 0 0.0125695001333952 1.25479996204376
242 0 0 0.0123928003013134 1.28052997589111
243 0 0 0.0122272996231914 1.30665004253387
244 0 0 0.0120756002143025 1.33315002918243
245 0 0 0.0119399996474385 1.36002004146576
246 0 0 0.0118226995691657 1.38724994659424
247 0 0 0.0117258997634053 1.41480994224548
248 0 0 0.0116515001282096 1.44270002841949
249 0 0 0.0116012003272772 1.47090995311737
250 9 4 0.0115766003727913 1.49942994117737
-251 10 2 0.011574300006032 1.51131999492645
-252 0 0 0.0115881999954581 1.54024994373322
-253 0 0 0.0116309002041817 1.56947004795074
-254 0 0 0.0117031000554562 1.59897005558014
-255 0 0 0.0118055995553732 1.62873005867004
-256 0 0 0.0119390999898314 1.65875995159149
-257 0 0 0.0121037997305393 1.68903994560242
-258 0 0 0.0123001001775265 1.7195600271225
-259 0 0 0.0125281997025013 1.75032997131348
-260 0 0 0.0127879995852709 1.78131997585297
-261 0 0 0.0130794001743197 1.81254994869232
-262 0 0 0.0134022999554873 1.84399998188019
-263 0 0 0.0137563003227115 1.87566995620728
-264 0 0 0.0141411004588008 1.90754997730255
-265 0 0 0.0145562002435327 1.93964004516602
-266 0 0 0.015001299791038 1.97194004058838
-267 0 0 0.0154756000265479 2.00443005561829
-268 0 0 0.0159786008298397 2.03712010383606
-269 0 0 0.0165097005665302 2.0699999332428
-270 0 0 0.017068300396204 2.10307002067566
-271 0 0 0.0176535993814468 2.13631010055542
-272 0 0 0.0182649996131659 2.16973996162415
-273 0 0 0.0189017001539469 2.20334005355835
-274 0 0 0.0195630006492138 2.23709988594055
-275 0 0 0.0202482007443905 2.27102994918823
-276 0 0 0.0209564995020628 2.30513000488281
-277 0 0 0.021687300875783 2.33938002586365
-278 0 0 0.0224398002028465 2.37378001213074
-279 0 0 0.0232132002711296 2.40832996368408
-280 0 0 0.0240070000290871 2.44302010536194
-281 0 0 0.0248201992362738 2.47784996032715
-282 0 0 0.0256523992866278 2.51282000541687
-283 0 0 0.026502700522542 2.5479199886322
-284 0 0 0.0273706000298262 2.58314990997314
-285 0 0 0.0282553993165493 2.61849999427795
-286 0 0 0.0291563998907804 2.65397000312805
-287 0 0 0.0300730001181364 2.68955993652344
-288 0 0 0.0310047008097172 2.72526001930237
-289 0 0 0.0319508016109467 2.76105999946594
-290 0 0 0.0329108014702797 2.79696989059448
-291 0 0 0.0338840000331402 2.83298993110657
-292 0 0 0.0348700992763042 2.86909008026123
-293 0 0 0.0358684994280338 2.90528988838196
-294 0 0 0.0368786007165909 2.94159007072449
-295 0 0 0.0379001013934612 2.97796010971069
-296 0 0 0.0389324016869068 3.01442003250122
-297 0 0 0.0399749986827374 3.05097007751465
-298 0 0 0.0410276018083096 3.08757996559143
-299 0 0 0.0420898012816906 3.12427997589111
-300 11 4 0.0431610010564327 3.16104006767273
-301 0 0 0.0442411005496979 3.19787001609802
-302 0 0 0.045329499989748 3.23477005958557
-303 0 0 0.0464259013533592 3.27172994613647
-304 0 0 0.0475300997495651 3.30874991416931
-305 0 0 0.048641499131918 3.34582996368408
-306 0 0 0.0497600995004177 3.38296008110046
-307 12 9 0.0508854016661644 3.4201500415802
