-335 19 9 -0.0502567999064922 -0.383183002471924
-334 0 0 -0.0495187006890774 -0.377613008022308
-333 0 0 -0.0487806014716625 -0.372076988220215
-332 0 0 -0.0480423010885715 -0.366571009159088
-331 0 0 -0.0473030991852283 -0.361093997955322
-330 0 0 -0.0465627014636993 -0.355645000934601
-329 0 0 -0.0458206012845039 -0.350221008062363
-328 0 0 -0.0450762994587421 -0.344821006059647
-327 0 0 -0.0443294011056423 -0.339442014694214
-326 0 0 -0.0435792990028858 -0.334082990884781
-325 0 0 -0.0428256988525391 -0.328741997480392
-324 0 0 -0.0420681014657021 -0.323415994644165
-323 0 0 -0.0413058996200562 -0.318105012178421
-322 0 0 -0.0405386984348297 -0.312804996967316
-321 0 0 -0.0397661998867989 -0.307514011859894
-320 0 0 -0.0389876998960972 -0.302231013774872
-319 0 0 -0.0382029004395008 -0.296952992677689
-318 0 0 -0.0374112986028194 -0.291678011417389
-317 0 0 -0.0366126000881195 -0.286404013633728
-316 0 0 -0.0358062982559204 -0.281127989292145
-315 0 0 -0.0349919982254505 -0.275848001241684
-314 0 0 -0.0344444997608662 -0.27232500910759
-313 0 0 -0.0338932983577251 -0.268797010183334
-312 0 0 -0.03333830088377 -0.265264987945557
-311 0 0 -0.0327791981399059 -0.261727005243301
-310 0 0 -0.0322161987423897 -0.258183002471924
-309 0 0 -0.0316491015255451 -0.254631012678146
-308 0 0 -0.0310779009014368 -0.251071006059647
-307 0 0 -0.030502500012517 -0.247501999139786
-306 0 0 -0.0299229994416237 -0.243922993540764
-305 0 0 -0.029339199885726 -0.240332007408142
-304 0 0 -0.0287513993680477 -0.236728996038437
-303 0 0 -0.0283570997416973 -0.234319001436234
-302 0 0 -0.0279610995203257 -0.231903001666069
-301 0 0 -0.0275631994009018 -0.229480996727943
-300 18 4 -0.0271634999662638 -0.227051004767418
-299 0 0 -0.0267620999366045 -0.22461299598217
-298 0 0 -0.0263589005917311 -0.222167998552322
-297 0 0 -0.0259540006518364 -0.219714000821114
-296 0 0 -0.0255475006997585 -0.217251002788544
-295 0 0 -0.0251393001526594 -0.214780002832413
-294 0 0 -0.0247294995933771 -0.212298005819321
-293 0 0 -0.0243181996047497 -0.209806993603706
-292 0 0 -0.0239055007696152 -0.207304000854492
-291 0 0 -0.0234913006424904 -0.204790994524956
-290 0 0 -0.0230756998062134 -0.202265992760658
-289 0 0 -0.0226588994264603 -0.1997289955616
-288 0 0 -0.022240899503231 -0.19717900454998
-287 0 0 -0.0218218006193638 -0.194615006446838
-286 0 0 -0.0214016996324062 -0.192037999629974
-285 0 0 -0.0209806002676487 -0.189446002244949
-284 0 0 -0.020558699965477 -0.186838999390602
-283 0 0 -0.0201360993087292 -0.184215992689133
-282 0 0 -0.0197129007428885 -0.181576997041702
-281 0 0 -0.0192891992628574 -0.17892099916935
-280 0 0 -0.0188651997596025 -0.176247000694275
-279 0 0 -0.0184409003704786 -0.173554003238678
-278 0 0 -0.0180165991187096 -0.170842006802559
-277 0 0 -0.0175924003124237 -0.168109998106956
-276 0 0 -0.0171683002263308 -0.165358006954193
-275 0 0 -0.0167446993291378 -0.162584006786346
-274 0 0 -0.016321700066328 -0.159787997603416
-273 0 0 -0.0158993992954493 -0.156968995928764
-272 0 0 -0.0154780996963382 -0.15412800014019
-271 0 0 -0.0150578999891877 -0.151262998580933
-270 0 0 -0.0146391997113824 -0.148372992873192
-269 0 0 -0.0142221003770828 -0.145459994673729
-268 0 0 -0.0138069996610284 -0.142522007226944
-267 0 0 -0.0133940000087023 -0.139559999108315
-266 0 0 -0.0129835996776819 -0.136574000120163
-265 0 0 -0.0125759998336434 -0.133566007018089
-264 0 0 -0.0121718002483249 -0.130536004900932
-263 0 0 -0.0117712002247572 -0.127486005425453
-262 0 0 -0.0113749001175165 -0.124420002102852
-261 0 0 -0.0109833003953099 -0.121339999139309
-260 0 0 -0.0105972001329064 -0.118249997496605
-259 0 0 -0.0102169997990131 -0.115156002342701
-258 0 0 -0.00984365027397871 -0.112062998116016
-257 0 0 -0.00947782024741173 -0.108980000019073
-256 0 0 -0.00912033021450043 -0.105913996696472
-255 0 0 -0.00877199042588472 -0.102872997522354
-254 0 0 -0.00843358971178532 -0.0998682975769043
-253 0 0 -0.00810586009174585 -0.096907801926136
-252 0 0 -0.0077894302085042 -0.0940013006329536
-251 0 0 -0.00748480996116996 -0.0911573022603989
-250 17 4 -0.00719234999269247 -0.0883833020925522
-249 0 0 -0.00691223982721567 -0.0856854990124702
-248 0 0 -0.0066444999538362 -0.0830686017870903
-247 0 0 -0.00638899998739362 -0.0805355980992317
-246 0 0 -0.00614546984434128 -0.0780882015824318
-245 0 0 -0.00591353001073003 -0.0757265985012054
-244 0 0 -0.00569271016865969 -0.0734497010707855
-243 0 0 -0.00548247992992401 -0.0712558031082153
-242 0 0 -0.0052823000587523 -0.0691421031951904
-241 0 0 -0.00509156985208392 -0.0671055018901825
-240 0 0 -0.0049097198061645 -0.065142497420311
-239 0 0 -0.00473617995157838 -0.0632494017481804
-238 0 0 -0.00457041012123227 -0.061422199010849
-237 0 0 -0.00441189017146826 -0.0596573017537594
-236 0 0 -0.00426011998206377 -0.0579507015645504
-235 0 0 -0.00411463994532824 -0.0562989003956318
-234 0 0 -0.00397501001134515 -0.0546980984508991
-233 0 0 -0.00384082994423807 -0.0531450994312763
-232 0 0 -0.00371173000894487 -0.0516365990042686
-231 0 0 -0.0035873600281775 -0.0501695014536381
-230 0 0 -0.0034673900809139 -0.0487406998872757
-229 0 0 -0.0033515200484544 -0.0473476015031338
-228 0 0 -0.00323948008008301 -0.0459875017404556
-227 0 0 -0.00313100009225309 -0.0446578003466129
-226 0 0 -0.0030258500482887 -0.0433560013771057
-225 0 0 -0.00292378989979625 -0.0420800000429153
-224 0 0 -0.00282462011091411 -0.0408274009823799
-223 0 0 -0.00272812996990979 -0.0395960994064808
-222 0 0 -0.0026341499760747 -0.038384098559618
-221 0 0 -0.00254247989505529 -0.0371892005205154
-220 0 0 -0.00245296000503004 -0.0360095016658306
-219 0 0 -0.00236542988568544 -0.0348429009318352
-218 0 0 -0.00227972003631294 -0.0336874984204769
-217 0 0 -0.00219569006003439 -0.0325412005186081
-216 0 0 -0.00211318000219762 -0.0314018987119198
-215 0 0 -0.00203203991986811 -0.0302675999701023
-214 0 0 -0.00195211998652667 -0.029135899618268
-213 0 0 -0.00187325000297278 -0.0280042998492718
-212 0 0 -0.00179528002627194 -0.0268703997135162
-211 0 0 -0.00171802996192127 -0.0257312003523111
-210 0 0 -0.00164131005294621 -0.0245833992958069
-209 0 0 -0.00156492996029556 -0.0234235003590584
-208 0 0 -0.00148862996138632 -0.0222471002489328
-207 0 0 -0.00143768999259919 -0.0214511007070541
-206 0 0 -0.00138658005744219 -0.020643899217248
-205 0 0 -0.00133520003873855 -0.0198231991380453
-204 0 0 -0.00128341000527143 -0.0189867001026869
-203 0 0 -0.00123109004925936 -0.0181316994130611
-202 0 0 -0.00117804994806647 -0.0172546003013849
-201 0 0 -0.00114219996612519 -0.0166555996984243
-200 16 4 -0.00110585999209434 -0.0160434003919363
-199 0 0 -0.00106895004864782 -0.0154163995757699
-198 0 0 -0.00103136000689119 -0.0147724999114871
-197 0 0 -0.000992984976619482 -0.014109100215137
-196 0 0 -0.000966881983913481 -0.0136545998975635
-195 0 0 -0.000940305006224662 -0.0131890000775456
-194 0 0 -0.00091319001512602 -0.0127111999318004
-193 0 0 -0.000885465007741004 -0.012219499796629
-192 0 0 -0.000857040984556079 -0.0117122000083327
-191 0 0 -0.000837651023175567 -0.0113642998039722
-190 0 0 -0.000817866006400436 -0.0110079003497958
-189 0 0 -0.000797642976976931 -0.0106418998911977
-188 0 0 -0.000776931992731988 -0.0102655002847314
-187 0 0 -0.00075567199382931 -0.00987737998366356
-186 0 0 -0.000733794004190713 -0.00947616994380951
-185 0 0 -0.000718822993803769 -0.00920059997588396
-184 0 0 -0.000703509023878723 -0.00891785975545645
-183 0 0 -0.00068781798472628 -0.00862727034837008
-182 0 0 -0.000671710004098713 -0.0083280298858881
-181 0 0 -0.000655137991998345 -0.00801919959485531
-180 0 0 -0.000638046010863036 -0.00769966002553701
-179 0 0 -0.000626329972874373 -0.00748004019260406
-178 0 0 -0.000614329997915775 -0.00725460983812809
-177 0 0 -0.000602017971687019 -0.00702283997088671
-176 0 0 -0.000589365023188293 -0.00678412010893226
-175 0 0 -0.000576333026401699 -0.00653770985081792
-174 0 0 -0.000562880013603717 -0.00628277007490396
-173 0 0 -0.000553652993403375 -0.00610757991671562
-172 0 0 -0.000544197973795235 -0.00592780997976661
-171 0 0 -0.000534495979081839 -0.0057430500164628
-170 0 0 -0.000524524017237127 -0.00555283995345235
-169 0 0 -0.000514252984430641 -0.00535666011273861
-168 0 0 -0.000503654009662569 -0.0051538897678256
-167 0 0 -0.000492689025122672 -0.00494378013536334
-166 0 0 -0.000485155003843829 -0.00479921000078321
-165 0 0 -0.000477422989206389 -0.00465069990605116
-164 0 0 -0.000469476013677195 -0.00449790013954043
-163 0 0 -0.000461293995613232 -0.00434041023254395
-162 0 0 -0.000452854001196101 -0.00417777011170983
-161 0 0 -0.000444128992967308 -0.00400944985449314
-160 0 0 -0.000438137998571619 -0.00389378005638719
-159 0 0 -0.000431994994869456 -0.00377507996745408
-158 0 0 -0.000425687991082668 -0.00365312001667917
-157 0 0 -0.000419202988268808 -0.00352761009708047
-156 0 0 -0.000412522989790887 -0.00339825008995831
-155 0 0 -0.000405630999011919 -0.00326466001570225
-154 0 0 -0.000398503994802013 -0.00312643009237945
-153 0 0 -0.000391117995604873 -0.00298305996693671
-152 0 0 -0.000383442995371297 -0.00283396011218429
-151 0 0 -0.000375445000827312 -0.00267845997586846
-150 15 4 -0.00036708198604174 -0.00251570995897055
-149 0 0 -0.000358302000677213 -0.0023447300773114
-148 0 0 -0.000349042995367199 -0.00216428004205227
-147 0 0 -0.000339229998644441 -0.00197285995818675
-146 0 0 -0.000328766996972263 -0.00176858005579561
-145 0 0 -0.000317536992952228 -0.00154913996811956
-144 0 0 -0.000305396999465302 -0.00131170998793095
-143 0 0 -0.000292187003651634 -0.00105313002131879
-142 0 0 -0.000261968991253525 -0.000460823997855186
-141 0 0 -0.00019448199600447 0.000864983012434095
-140 0 0 -4.9252099415753E-05 0.00372151006013155
-139 0 0 0.000100261000625324 0.00664565991610289
-138 0 0 0.000206949000130408 0.00870900042355061
-137 0 0 0.000296345999231562 0.0104173999279737
-136 0 0 0.000376026990124956 0.0119220996275544
-135 0 0 0.000449451996246353 0.0132921999320388
-134 0 0 0.000518537999596447 0.0145664000883698
-133 0 0 0.00058447802439332 0.015768900513649
-132 0 0 0.000648075016215444 0.016915999352932
-131 0 0 0.000709899002686143 0.0180191993713379
-130 0 0 0.000770375016145408 0.0190871991217136
-129 0 0 0.000829827971756458 0.0201267004013062
-128 0 0 0.000888519978616387 0.0211430005729198
-127 0 0 0.000946659012697637 0.0221404004842043
-126 0 0 0.00100441998802125 0.023122500628233
-125 0 0 0.00106196000706404 0.0240924004465342
-124 0 0 0.00111939001362771 0.0250527001917362
-123 0 0 0.00117684004362673 0.0260055996477604
-122 0 0 0.00123439996968955 0.0269530992954969
-121 0 0 0.00129216001369059 0.0278971996158361
-120 0 0 0.0013502100482583 0.0288394000381231
-119 0 0 0.00140861002728343 0.029781399294734
-118 0 0 0.00146745005622506 0.0307244006544352
-117 0 0 0.00152678997255862 0.0316700004041195
-116 0 0 0.00156666000839323 0.032302301377058
-115 0 0 0.00160680001135916 0.0329368002712727
-114 0 0 0.00164723000489175 0.0335736013948917
-113 0 0 0.0016879600007087 0.034213200211525
-112 0 0 0.00172901002224535 0.0348558984696865
-111 0 0 0.00177040998823941 0.0355020016431808
-110 0 0 0.0018121600151062 0.0361519008874893
-109 0 0 0.00185428000986576 0.0368059985339642
-108 0 0 0.00189680000767112 0.0374646000564098
-107 0 0 0.00193973002023995 0.0381279997527599
-106 0 0 0.00198308005928993 0.0387964993715286
-105 0 0 0.00202687992714345 0.0394706018269062
-104 0 0 0.00207114010117948 0.0401506014168262
-103 0 0 0.00211586989462376 0.0408366993069649
-102 0 0 0.00216110004112124 0.0415294989943504
-101 0 0 0.00220685009844601 0.042229201644659
-100 14 4 0.00225312006659806 0.042936198413372
-99 0 0 0.00229993998073041 0.0436509996652603
-98 0 0 0.00233146990649402 0.0441320016980171
-97 0 0 0.00236324989236891 0.04461669921875
-96 0 0 0.00239529996179044 0.0451052002608776
-95 0 0 0.00242762011475861 0.0455976985394955
-94 0 0 0.00246020988561213 0.0460942015051842
-93 0 0 0.00249306997284293 0.046594999730587
-92 0 0 0.00252622994594276 0.0471001006662846
-91 0 0 0.0025596700143069 0.0476097017526627
-90 0 0 0.00259340996854007 0.048123799264431
-89 0 0 0.00262745004147291 0.0486426986753941
-88 0 0 0.00266180001199245 0.0491665005683899
-87 0 0 0.00269646989181638 0.0496953018009663
-86 0 0 0.00273144990205765 0.0502291992306709
-85 0 0 0.00276676006615162 0.0507684014737606
-84 0 0 0.002802399918437 0.0513130985200405
-83 0 0 0.00283836992457509 0.0518633984029293
-82 0 0 0.00287469010800123 0.052419401705265
-81 0 0 0.00291134999133646 0.052981398999691
-80 0 0 0.00294837006367743 0.0535494014620781
-79 0 0 0.00298575009219348 0.0541236996650696
-78 0 0 0.00302349007688463 0.0547043010592461
-77 0 0 0.00306161004118621 0.0552916005253792
-76 0 0 0.00310009997338057 0.0558856017887592
-75 0 0 0.00312597001902759 0.0562853999435902
-74 0 0 0.00315202004276216 0.0566884018480778
-73 0 0 0.00317823002114892 0.0570944994688034
-72 0 0 0.00320461997762322 0.0575039014220238
-71 0 0 0.00323118991218507 0.0579164996743202
-70 0 0 0.00325793004594743 0.0583325996994972
-69 0 0 0.00328485993668437 0.0587520003318787
-68 0 0 0.00331196002662182 0.0591748990118504
-67 0 0 0.00333924009464681 0.0596012994647026
-66 0 0 0.00336670991964638 0.0600312016904354
-65 0 0 0.00339435995556414 0.0604647994041443
-64 0 0 0.00342219998128712 0.0609021000564098
-63 0 0 0.00345021998509765 0.0613430999219418
-62 0 0 0.00347842997871339 0.0617880001664162
-61 0 0 0.00350682996213436 0.062236700206995
-60 0 0 0.00353540992364287 0.062689296901226
-59 0 0 0.00356418988667428 0.0631458982825279
-58 0 0 0.00359315006062388 0.0636065974831581
-57 0 0 0.00362231000326574 0.0640712976455688
-56 0 0 0.00365165993571281 0.064540296792984
-55 0 0 0.00368120009079576 0.0650134012103081
-54 0 0 0.00371093000285327 0.065490797162056
-53 0 0 0.00374085991643369 0.0659725964069366
-52 0 0 0.0037709700409323 0.0664587020874023
-51 0 0 0.00380127993412316 0.066949300467968
-50 13 4 0.00383178004994988 0.0674445033073425
-49 0 0 0.00386246992275119 0.067944198846817
-48 0 0 0.00389335001818836 0.0684484988451004
-47 0 0 0.00392442010343075 0.0689575001597404
-46 0 0 0.00395567016676068 0.0694712027907372
-45 0 0 0.00398711999878287 0.069989800453186
-44 0 0 0.00401875004172325 0.0705130994319916
-43 0 0 0.00405055982992053 0.0710413977503777
-42 0 0 0.004082549829036 0.0715745985507965
-41 0 0 0.00410398002713919 0.0719328001141548
-40 0 0 0.00412548007443547 0.072293296456337
-39 0 0 0.00414706999436021 0.0726559981703758
-38 0 0 0.00416873022913933 0.0730210021138191
-37 0 0 0.00419047009199858 0.0733881965279579
-36 0 0 0.00421227980405092 0.0737577006220818
-35 0 0 0.00423417007550597 0.0741294994950294
-34 0 0 0.00425613019615412 0.0745036005973816
-33 0 0 0.00427816016599536 0.0748799964785576
-32 0 0 0.00430027022957802 0.0752587988972664
-31 0 0 0.00432243989780545 0.0756397992372513
-30 0 0 0.00434467988088727 0.0760231986641884
-29 0 0 0.00436697993427515 0.0764089971780777
-28 0 0 0.00438936008140445 0.0767970979213715
-27 0 0 0.00441179005429149 0.0771875008940697
-26 0 0 0.00443428987637162 0.0775803029537201
-25 0 0 0.00445683998987079 0.0779754966497421
-24 0 0 0.00447945995256305 0.078373096883297
-23 0 0 0.00450213020667434 0.0787729993462563
-22 0 0 0.0045248600654304 0.0791753008961678
-21 0 0 0.00454762997105718 0.0795800015330315
-20 0 0 0.00457045994699001 0.079986996948719
-19 0 0 0.00459334021434188 0.0803963989019394
-18 0 0 0.00461626006290317 0.080808199942112
-17 0 0 0.00463923020288348 0.0812224000692368
-16 0 0 0.00466223014518619 0.081638902425766
-15 0 0 0.00468527991324663 0.0820577964186668
-14 0 0 0.00470835994929075 0.0824790000915527
-13 0 0 0.00473146978765726 0.0829026028513908
-12 0 0 0.00475462013855577 0.0833285003900528
-11 0 0 0.00477779004722834 0.0837567001581192
-10 0 0 0.00480097997933626 0.0841872990131378
-9 0 0 0.00482420017942786 0.0846202000975609
-8 0 0 0.00484743993729353 0.08505529910326
-7 0 0 0.00487068993970752 0.0854927003383636
-6 0 0 0.00489395996555686 0.0859323963522911
-5 0 0 0.0049172299914062 0.0863744020462036
-4 0 0 0.00494050979614258 0.0868185013532639
-3 0 0 0.00496379006654024 0.0872649028897285
-2 0 0 0.00497931009158492 0.0875637009739876
1 0 0 0.00499999988824129 0.0879636034369469
1 0 0 0.00499999988824129 0.0879636034369469
-2 0 0 0.00502069015055895 0.0883651971817017
-3 0 0 0.00503619993105531 0.0886674970388412
-4 0 0 0.0050594499334693 0.0891226977109909
-5 0 0 0.00508269015699625 0.0895799994468689
-6 0 0 0.00510590011253953 0.0900394022464752
-7 0 0 0.00512909982353449 0.0905008018016815
-8 0 0 0.00515225995332003 0.0909641981124878
-9 0 0 0.00517540005967021 0.0914295986294746
-10 0 0 0.00519848987460136 0.0918970033526421
-11 0 0 0.00522154988721013 0.0923663005232811
-12 0 0 0.00524456985294819 0.0928374007344246
-13 0 0 0.0052675399929285 0.0933104008436203
-14 0 0 0.00529045006260276 0.0937851965427399
-15 0 0 0.0053133200854063 0.0942618027329445
-16 0 0 0.00533611979335546 0.0947401002049446
-17 0 0 0.00535885989665985 0.0952200964093208
-18 0 0 0.00538153015077114 0.0957017987966537
-19 0 0 0.00540413009002805 0.0961851999163628
-20 0 0 0.00542664993554354 0.0966700986027718
-21 0 0 0.0054490901529789 0.0971565023064613
-22 0 0 0.00547144981101155 0.0976445004343987
-23 0 0 0.00549372006207705 0.0981338992714882
-24 0 0 0.0055158999748528 0.0986248031258583
-25 0 0 0.0055379900150001 0.0991170033812523
-26 0 0 0.0055599701590836 0.0996105968952179
-27 0 0 0.00558185018599033 0.100105002522469
-28 0 0 0.00560363009572029 0.100602000951767
-29 0 0 0.00562528986483812 0.101098999381065
-30 0 0 0.00564684020355344 0.101597003638744
-31 0 0 0.00566826993599534 0.102096997201443
-32 0 0 0.00568957021459937 0.102597996592522
-33 0 0 0.00571076013147831 0.103099003434181
-34 0 0 0.00573180988430977 0.10360199958086
-35 0 0 0.00575273018330336 0.10410600155592
-36 0 0 0.00577350985258818 0.104610003530979
-37 0 0 0.00579416006803513 0.105116002261639
-38 0 0 0.00581465987488627 0.105622000992298
-39 0 0 0.00583501998335123 0.106128998100758
-40 0 0 0.00585521990433335 0.106637001037598
-41 0 0 0.00587528012692928 0.107144996523857
-42 0 0 0.00589518016204238 0.107653997838497
-43 0 0 0.00591492978855968 0.108163997530937
-44 0 0 0.00593452015891671 0.108673997223377
-45 0 0 0.00595394009724259 0.109185002744198
-46 0 0 0.00597319984808564 0.109696000814438
-47 0 0 0.00599229009822011 0.110207997262478
-48 0 0 0.00601122016087174 0.110720001161098
-49 0 0 0.00602997001260519 0.111233003437519
-50 2 4 0.00604854011908174 0.111745998263359
-51 0 0 0.00606693979352713 0.11225900053978
-52 0 0 0.00608516996726394 0.1127720028162
-53 0 0 0.00610321015119553 0.113286003470421
-54 0 0 0.00612107012420893 0.113799996674061
-55 0 0 0.00613874988630414 0.114313997328281
-56 0 0 0.00615624990314245 0.114827997982502
-57 0 0 0.00617355993017554 0.115341998636723
-58 0 0 0.00619067996740341 0.115855999290943
-59 0 0 0.00620761001482606 0.116369999945164
-60 0 0 0.00622435007244349 0.116884998977184
-61 0 0 0.00624090014025569 0.117398999631405
-62 0 0 0.00625726021826267 0.117913000285625
-63 0 0 0.00627342984080315 0.118427000939846
-64 0 0 0.00628940016031265 0.118941001594067
-65 0 0 0.00630518002435565 0.119455002248287
-66 0 0 0.00632076011970639 0.119969002902508
-67 0 0 0.00633613998070359 0.120481997728348
-68 0 0 0.00635132985189557 0.120995998382568
-69 0 0 0.00636631995439529 0.121509000658989
-70 0 0 0.0063811200670898 0.122020997107029
-71 0 0 0.00639571016654372 0.12253399938345
-72 0 0 0.00641010981053114 0.12304600328207
-73 0 0 0.00642431015148759 0.12355799973011
-74 0 0 0.00644524022936821 0.12432499974966
-75 0 0 0.006465720012784 0.125091999769211
-76 0 0 0.00648574996739626 0.125856995582581
-77 0 0 0.00650533987209201 0.126622006297112
-78 0 0 0.00652447994798422 0.127386003732681
-79 0 0 0.00654317019507289 0.128148004412651
-80 0 0 0.00656143017113209 0.128910005092621
-81 0 0 0.00657923985272646 0.129669994115829
-82 0 0 0.00659660995006561 0.130429998040199
-83 0 0 0.00661353999748826 0.131188005208969
-84 0 0 0.00663003977388144 0.131944999098778
-85 0 0 0.00664609996601939 0.132699996232986
-86 0 0 0.00666172988712788 0.133453994989395
-87 0 0 0.00667693978175521 0.134206995368004
-88 0 0 0.00669171987101436 0.134958997368813
-89 0 0 0.00670607015490532 0.135709002614021
-90 0 0 0.00672001019120216 0.136457994580269
-91 0 0 0.00673353020101786 0.137206003069878
-92 0 0 0.00674663996323943 0.137951999902725
-93 0 0 0.00675933994352818 0.138696998357773
-94 0 0 0.00677163014188409 0.13944000005722
-95 0 0 0.00678353011608124 0.140181005001068
-96 0 0 0.00679501984268427 0.140921995043755
-97 0 0 0.00680611981078982 0.141660004854202
-98 0 0 0.00681683979928493 0.142397999763489
-99 0 0 0.00682715978473425 0.143132999539375
-100 3 4 0.00683711003512144 0.143867999315262
-101 0 0 0.0068466798402369 0.144601002335548
-102 0 0 0.00685587991029024 0.145331993699074
-103 0 0 0.00686470977962017 0.14606200158596
-104 0 0 0.0068731801584363 0.146789997816086
-105 0 0 0.00688127987086773 0.147516995668411
-106 0 0 0.00688904011622071 0.148241996765137
-107 0 0 0.00690001016482711 0.149326995015144
-108 0 0 0.0069102100096643 0.150407999753952
-109 0 0 0.00691966013982892 0.151486992835999
-110 0 0 0.00692836008965969 0.152562007308006
-111 0 0 0.00693634012714028 0.153632998466492
-112 0 0 0.00694361003115773 0.154700994491577
-113 0 0 0.00695018004626036 0.155765995383263
-114 0 0 0.00695607997477055 0.156828001141548
-115 0 0 0.0069613098166883 0.157885998487473
-116 0 0 0.00696589983999729 0.158941000699997
-117 0 0 0.00696985982358456 0.15999299287796
-118 0 0 0.00697320001199841 0.161042004823685
-119 0 0 0.00697593996301293 0.162088006734848
-120 0 0 0.00697808992117643 0.16313000023365
-121 0 0 0.00697968015447259 0.164169996976852
-122 0 0 0.00698071997612715 0.165206000208855
-123 0 0 0.0069812098518014 0.166240006685257
124 4 2 0.00698126014322042 0.16669499874115
125 0 0 0.00698099983856082 0.167724996805191
126 0 0 0.00697968015447259 0.169263005256653
127 0 0 0.00697728013619781 0.170794993638992
128 0 0 0.00697383983060718 0.172321006655693
129 0 0 0.00696941977366805 0.173840001225471
130 0 0 0.00696406001225114 0.17535400390625
131 0 0 0.00695780990645289 0.176861003041267
132 0 0 0.00695070996880531 0.178362995386124
133 0 0 0.00694279978051782 0.17985899746418
134 0 0 0.00693413987755775 0.181349992752075
135 0 0 0.00692476006224751 0.18283499777317
136 0 0 0.00691471016034484 0.184314996004105
137 0 0 0.00690401997417212 0.185789003968239
138 0 0 0.00689273979514837 0.187259003520012
139 0 0 0.00688089989125729 0.188723996281624
140 0 0 0.00686853984370828 0.190183997154236
141 0 0 0.00685570016503334 0.191639006137848
142 0 0 0.00684241997078061 0.193088993430138
143 0 0 0.00682872999459505 0.194535002112389
144 0 0 0.00681466003879905 0.195977002382278
145 0 0 0.00680025015026331 0.197413995862007
146 0 0 0.00677805999293923 0.1995629966259
147 0 0 0.00675527984276414 0.201701998710632
148 0 0 0.0067320098169148 0.203832000494003
149 0 0 0.00670835003256798 0.205954000353813
150 5 4 0.00668438989669085 0.208067998290062
151 0 0 0.0066602099686861 0.21017499268055
152 0 0 0.0066359001211822 0.212273001670837
153 0 0 0.00661155022680759 0.214365005493164
154 0 0 0.00658721989020705 0.21645000576973
155 0 0 0.0065629999153316 0.218528002500534
156 0 0 0.00653894012793899 0.220599994063377
157 0 0 0.00651512015610933 0.222665995359421
158 0 0 0.00649160007014871 0.224726006388664
159 0 0 0.00646843016147614 0.226779997348785
160 0 0 0.00643446017056704 0.229852005839348
161 0 0 0.00640159007161856 0.232912003993988
162 0 0 0.00636996980756521 0.235962003469467
163 0 0 0.00633974000811577 0.239003002643585
164 0 0 0.00631103990599513 0.242034003138542
165 0 0 0.00628399010747671 0.245057001709938
166 0 0 0.00625868001952767 0.248072996735573
167 0 0 0.00623521022498608 0.251080989837646
168 0 0 0.00621367013081908 0.254083007574081
169 0 0 0.00619413005188107 0.257079988718033
170 0 0 0.0061766398139298 0.260071009397507
171 0 0 0.00616127997636795 0.263058006763458
172 0 0 0.00614228984341025 0.267529994249344
173 0 0 0.00612829998135567 0.271995007991791
174 0 0 0.00611939979717135 0.276454985141754
175 0 0 0.00611564004793763 0.280909985303879
-176 6 2 0.00611551012843847 0.281913012266159
-177 0 0 0.00611810991540551 0.286365985870361
-178 0 0 0.00613173982128501 0.29304501414299
-179 0 0 0.00615702010691166 0.299726992845535
-180 0 0 0.00619377987459302 0.306418001651764
-181 0 0 0.00624183006584644 0.313122004270554
-182 0 0 0.00630090991035104 0.319844007492065
-183 0 0 0.00637071998789907 0.326588988304138
-184 0 0 0.00645093014463782 0.333359003067017
-185 0 0 0.00654119020327926 0.340160012245178
-186 0 0 0.00664112018421292 0.346996009349823
-187 0 0 0.00675034988671541 0.353870987892151
-188 0 0 0.00686847977340221 0.360789000988007
-189 0 0 0.00699514010921121 0.367754012346268
-190 0 0 0.00712992995977402 0.374769985675812
-191 0 0 0.00727246981114149 0.381841003894806
-192 0 0 0.00742236990481615 0.388972014188766
-193 0 0 0.00757924979552627 0.396165996789932
-194 0 0 0.007742740213871 0.403427988290787
-195 0 0 0.00791247002780437 0.410760998725891
-196 0 0 0.00808806996792555 0.418172001838684
-197 0 0 0.00826918985694647 0.425662994384766
-198 0 0 0.00845548044890165 0.433239012956619
-199 0 0 0.00864658039063215 0.4409059882164
-200 7 4 0.00884214043617249 0.448666989803314
-201 0 0 0.00904181972146034 0.456528007984161
-202 0 0 0.00924528017640114 0.464493989944458
-203 0 0 0.00945216976106167 0.472570985555649
-204 0 0 0.00966214016079903 0.480762004852295
-205 0 0 0.00987484026700258 0.489075005054474
-206 0 0 0.0100899003446102 0.497514009475708
-207 0 0 0.0103070000186563 0.506087005138397
-208 0 0 0.0105258002877235 0.514797985553741
-209 0 0 0.0107458001002669 0.523654997348785
-210 0 0 0.0109668001532555 0.532662987709045
-211 0 0 0.0111881997436285 0.541831016540527
-212 0 0 0.0114097995683551 0.551164984703064
-213 0 0 0.0116309002041817 0.560672998428345
-214 0 0 0.0118514001369476 0.570361971855164
-215 0 0 0.0120705002918839 0.580241024494171
-216 0 0 0.0122880004346371 0.590318024158478
-217 0 0 0.0125032998621464 0.600601017475128
-218 0 0 0.0127157997339964 0.611100971698761
-219 0 0 0.0129249999299645 0.621824979782104
-220 0 0 0.0131302997469902 0.632785022258759
-221 0 0 0.0133311999961734 0.643989980220795
-222 0 0 0.0135270999744534 0.655449986457825
-223 0 0 0.0137171996757388 0.667177021503448
-224 0 0 0.0139007996767759 0.67918199300766
-225 0 0 0.0140773998573422 0.691475987434387
-226 0 0 0.0142462002113461 0.70407098531723
-227 0 0 0.0144063998013735 0.716978013515472
-228 0 0 0.0145571995526552 0.730211973190308
-229 0 0 0.0146979996934533 0.743782997131348
-230 0 0 0.0148278996348381 0.757705986499786
-231 0 0 0.0149461003020406 0.771992027759552
-232 0 0 0.015051900409162 0.786653995513916
-233 0 0 0.0151445996016264 0.80170601606369
-234 0 0 0.0152233997359872 0.817158997058868
-235 0 0 0.0152877997606993 0.833025991916656
-236 0 0 0.0153369996696711 0.849318981170654
-237 0 0 0.015370599925518 0.866047978401184
-238 0 0 0.0153882000595331 0.883225977420807
239 8 2 0.0153909996151924 0.893428981304169
240 0 0 0.0153828002512455 0.911333978176117
241 0 0 0.0153580997139215 0.929708003997803
242 0 0 0.0153171997517347 0.948559999465942
243 0 0 0.015260299667716 0.967893004417419
244 0 0 0.0151880001649261 0.987712979316711
245 0 0 0.0151011003181338 1.00802004337311
246 0 0 0.015000400133431 1.0288200378418
247 0 0 0.0148873999714851 1.05009996891022
248 0 0 0.0147633003070951 1.07186996936798
249 0 0 0.0146300001069903 1.09412002563477
250 9 4 0.0144891999661922 1.11684000492096
251 0 0 0.014343099668622 1.14002001285553
252 0 0 0.0141938999295235 1.16366994380951
253 0 0 0.0140439998358488 1.18775999546051
254 0 0 0.0138958003371954 1.21228003501892
255 0 0 0.0137518998235464 1.23722994327545
256 0 0 0.0136147001758218 1.26259994506836
257 0 0 0.0134867997840047 1.28835999965668
258 0 0 0.0133707001805305 1.31450998783112
259 0 0 0.0132688004523516 1.34103000164032
260 0 0 0.013183300383389 1.36791002750397
261 0 0 0.0131163997575641 1.39514005184174
262 0 0 0.0130701996386051 1.42270994186401
263 0 0 0.0130463000386953 1.45060002803802
-264 10 2 0.0130433002486825 1.46450996398926
-265 0 0 0.0130559001117945 1.49286997318268
-266 0 0 0.013094799593091 1.5215300321579
-267 0 0 0.0131611004471779 1.55048000812531
-268 0 0 0.0132556995376945 1.57972002029419
-269 0 0 0.0133796995505691 1.60922002792358
-270 0 0 0.0135335996747017 1.63899004459381
-271 0 0 0.0137179000303149 1.66902005672455
-272 0 0 0.0139330001547933 1.69930994510651
-273 0 0 0.0141791002824903 1.72983002662659
-274 0 0 0.0144563997164369 1.76059997081757
-275 0 0 0.0147647000849247 1.79159998893738
-276 0 0 0.0151040004566312 1.82281994819641
-277 0 0 0.0154740996658802 1.85426998138428
-278 0 0 0.0158746000379324 1.88593995571136
-279 0 0 0.0163051001727581 1.91781997680664
-280 0 0 0.0167653001844883 1.94990003108978
-281 0 0 0.0172544997185469 1.98219001293182
-282 0 0 0.0177723001688719 2.01467990875244
-283 0 0 0.0183180999010801 2.04736995697021
-284 0 0 0.0188912004232407 2.08024001121521
-285 0 0 0.0194910001009703 2.11330008506775
-286 0 0 0.0201166998594999 2.14653992652893
-287 0 0 0.0207678005099297 2.17996001243591
-288 0 0 0.0214434992522001 2.21356010437012
-289 0 0 0.0221430007368326 2.24731993675232
-290 0 0 0.0228658001869917 2.28123998641968
-291 0 0 0.0236108992248774 2.31533002853394
-292 0 0 0.0243778005242348 2.34957003593445
-293 0 0 0.0251656994223595 2.38397002220154
-294 0 0 0.0259738992899656 2.41850996017456
-295 0 0 0.0268016997724771 2.45320010185242
-296 0 0 0.0276482999324799 2.4880199432373
-297 0 0 0.0285132993012667 2.5229799747467
-298 0 0 0.0293958000838757 2.55807995796204
-299 0 0 0.0302952006459236 2.59330010414124
-300 11 4 0.0312108993530273 2.62863993644714
-301 0 0 0.032142199575901 2.66409993171692
-302 0 0 0.0330885984003544 2.69968008995056
-303 0 0 0.0340494997799397 2.73536992073059
-304 0 0 0.0350241996347904 2.77116990089417
-305 0 0 0.0360122993588448 2.80707001686096
-306 0 0 0.0370131991803646 2.8430700302124
-307 0 0 0.0380262993276119 2.87916994094849
-308 0 0 0.0390513017773628 2.91535997390747
-309 0 0 0.0400874987244606 2.9516499042511
-310 0 0 0.0411344990134239 2.9880199432373
-311 0 0 0.0421919003129005 3.02447009086609
-312 0 0 0.0432591997087002 3.06100010871887
-313 0 0 0.044336099177599 3.09760999679565
-314 0 0 0.0454219989478588 3.13428997993469
-315 0 0 0.0465166009962559 3.17105007171631
-316 0 0 0.0476195998489857 3.20787000656128
-317 0 0 0.0487306006252766 3.24476003646851
-318 0 0 0.0498492009937763 3.28170990943909
-319 12 9 0.0509750992059708 3.31872010231018
