-274 16 9 -0.0504934005439281 -0.409204006195068
-273 0 0 -0.0498881004750729 -0.404334008693695
-272 0 0 -0.0492849014699459 -0.399493008852005
-271 0 0 -0.0486835017800331 -0.394679993391037
-270 0 0 -0.0480835996568203 -0.389896005392075
-269 0 0 -0.0474850013852119 -0.385136991739273
-268 0 0 -0.0468873009085655 -0.380405008792877
-267 0 0 -0.0462903007864952 -0.375696003437042
-266 0 0 -0.0456936992704868 -0.371010005474091
-265 0 0 -0.0450971014797688 -0.3663469851017
-264 0 0 -0.0445003993809223 -0.361703991889954
-263 0 0 -0.0439032018184662 -0.357080012559891
-262 0 0 -0.0433051995933056 -0.352476000785828
-261 0 0 -0.0427060984075069 -0.347887992858887
-260 0 0 -0.0421056002378464 -0.343317002058029
-259 0 0 -0.0415035001933575 -0.338761001825333
-258 0 0 -0.0408993996679783 -0.334217995405197
-257 0 0 -0.040293101221323 -0.329688996076584
-256 0 0 -0.0396841987967491 -0.325170993804932
-255 0 0 -0.0390724986791611 -0.320663005113602
-254 0 0 -0.0384575985372066 -0.31616398692131
-253 0 0 -0.0378394015133381 -0.311672985553741
-252 0 0 -0.0372174009680748 -0.307188987731934
-251 0 0 -0.036591500043869 -0.302709013223648
-250 15 4 -0.0359613001346588 -0.298233985900879
-249 0 0 -0.03532649949193 -0.293760985136032
-248 0 0 -0.0346871018409729 -0.289288997650146
-247 0 0 -0.0340424999594688 -0.284817010164261
-246 0 0 -0.0333927012979984 -0.280342012643814
-245 0 0 -0.0327375009655952 -0.275864988565445
-244 0 0 -0.0320765003561974 -0.271382004022598
-243 0 0 -0.0314096994698048 -0.266892999410629
-242 0 0 -0.0307368002831936 -0.262394994497299
-241 0 0 -0.0300577003508806 -0.257887005805969
-240 0 0 -0.0296014994382858 -0.254873991012573
-239 0 0 -0.0291424002498388 -0.251855999231339
-238 0 0 -0.0286804996430874 -0.248832002282143
-237 0 0 -0.0282157007604837 -0.245800003409386
-236 0 0 -0.0277481004595757 -0.242760002613068
-235 0 0 -0.0272776000201702 -0.239711999893188
-234 0 0 -0.0268043000251055 -0.236654996871948
-233 0 0 -0.0263280998915434 -0.233586996793747
-232 0 0 -0.025849100202322 -0.230508998036385
-231 0 0 -0.0253672990947962 -0.227420002222061
-230 0 0 -0.0248828008770943 -0.224317997694016
-229 0 0 -0.0245584007352591 -0.222242996096611
-228 0 0 -0.0242327004671097 -0.220162004232407
-227 0 0 -0.0239059999585152 -0.21807399392128
-226 0 0 -0.0235780999064445 -0.215979993343353
-225 0 0 -0.0232491996139288 -0.213879004120827
-224 0 0 -0.022919200360775 -0.211770996451378
-223 0 0 -0.022588100284338 -0.209656000137329
-222 0 0 -0.0222561992704868 -0.207532003521919
-221 0 0 -0.0219231992959976 -0.205401003360748
-220 0 0 -0.0215894002467394 -0.203261002898216
-219 0 0 -0.0212546996772289 -0.201113000512123
-218 0 0 -0.0209192000329494 -0.198954999446869
-217 0 0 -0.0205830000340939 -0.196787998080254
-216 0 0 -0.0202459990978241 -0.194610998034477
-215 0 0 -0.0199085008352995 -0.19242399930954
-214 0 0 -0.0195703003555536 -0.190227001905441
-213 0 0 -0.0192316006869078 -0.188019007444382
-212 0 0 -0.0188925005495548 -0.1857990026474
-211 0 0 -0.0185529999434948 -0.183567002415657
-210 0 0 -0.0182131994515657 -0.181324005126953
-209 0 0 -0.0178730990737677 -0.179067999124527
-208 0 0 -0.0175330005586147 -0.17679899930954
-207 0 0 -0.0171927008777857 -0.174516007304192
-206 0 0 -0.0168524999171495 -0.172220006585121
-205 0 0 -0.0165123995393515 -0.169909000396729
-204 0 0 -0.0161725003272295 -0.167584002017975
-203 0 0 -0.0158328991383314 -0.165242999792099
-202 0 0 -0.015493799932301 -0.162887006998062
-201 0 0 -0.0151551999151707 -0.160514995455742
-200 14 4 -0.0148171996697783 -0.158125996589661
-199 0 0 -0.0144800003618002 -0.155719995498657
-198 0 0 -0.0141436997801065 -0.153298005461693
-197 0 0 -0.0138085000216961 -0.150857999920845
-196 0 0 -0.0134744001552463 -0.148399993777275
-195 0 0 -0.0131417000666261 -0.145925000309944
-194 0 0 -0.0128103997558355 -0.14343099296093
-193 0 0 -0.0124808000400662 -0.140919998288155
-192 0 0 -0.0121531002223492 -0.138392001390457
-191 0 0 -0.0118274996057153 -0.135846003890038
-190 0 0 -0.0115040997043252 -0.133283004164696
-189 0 0 -0.0111833000555634 -0.130704998970032
-188 0 0 -0.010865299962461 -0.128113001585007
-187 0 0 -0.0105504002422094 -0.125507995486259
-186 0 0 -0.0102388001978397 -0.122891001403332
-185 0 0 -0.00993102975189686 -0.120265997946262
-184 0 0 -0.00962734967470169 -0.117634996771812
-183 0 0 -0.00932817999273539 -0.115001998841763
-182 0 0 -0.00903395004570484 -0.112370997667313
-181 0 0 -0.00874510034918785 -0.109745003283024
-180 0 0 -0.00846207980066538 -0.107129998505116
-179 0 0 -0.00818535033613443 -0.10453200340271
-178 0 0 -0.00791535992175341 -0.101957000792027
-177 0 0 -0.00765254022553563 -0.0994087010622025
-176 0 0 -0.00739726983010769 -0.0968948006629944
-175 0 0 -0.00714987982064486 -0.0944205969572067
-174 0 0 -0.0069106500595808 -0.0919914022088051
-173 0 0 -0.00667975982651114 -0.0896119996905327
-172 0 0 -0.00645733019337058 -0.0872863978147507
-171 0 0 -0.00624337000772357 -0.085018202662468
-170 0 0 -0.00603784015402198 -0.0828095972537994
-169 0 0 -0.00584060978144407 -0.0806623995304108
-168 0 0 -0.00565150007605553 -0.0785775035619736
-167 0 0 -0.00547026004642248 -0.0765549018979073
-166 0 0 -0.00529662007465959 -0.0745942965149879
-165 0 0 -0.00513025000691414 -0.0726945996284485
-164 0 0 -0.00497084995731711 -0.0708542987704277
-163 0 0 -0.00481805019080639 -0.0690717026591301
-162 0 0 -0.00467152986675501 -0.0673447996377945
-161 0 0 -0.00453092996031046 -0.0656711980700493
-160 0 0 -0.00439593009650707 -0.0640489012002945
-159 0 0 -0.00426620990037918 -0.0624752007424831
-158 0 0 -0.00414144992828369 -0.0609479993581772
-157 0 0 -0.00402134982869029 -0.0594648011028767
-156 0 0 -0.0039056499954313 -0.0580233000218868
-155 0 0 -0.00379408011212945 -0.0566212013363838
-154 0 0 -0.00368637009523809 -0.055256299674511
-153 0 0 -0.00358231994323432 -0.0539265982806683
-152 0 0 -0.00348168006166816 -0.0526298992335796
-151 0 0 -0.00338425999507308 -0.0513643994927406
-150 13 4 -0.00328986998647451 -0.050128199160099
-149 0 0 -0.00319832004606724 -0.0489194989204407
-148 0 0 -0.00310944998636842 -0.0477364994585514
-147 0 0 -0.00302309007383883 -0.0465776994824409
-146 0 0 -0.00293908989988267 -0.0454414002597332
-145 0 0 -0.00285733002237976 -0.0443262010812759
-144 0 0 -0.00277766003273427 -0.0432306006550789
-143 0 0 -0.00269996002316475 -0.0421532988548279
-142 0 0 -0.0026241100858897 -0.0410928018391132
-141 0 0 -0.00255001010373235 -0.040047999471426
-140 0 0 -0.00247753993608057 -0.0390174016356468
-139 0 0 -0.0024065999314189 -0.037999801337719
-138 0 0 -0.00233709998428822 -0.0369940996170044
-137 0 0 -0.00226893997751176 -0.0359990000724792
-136 0 0 -0.00220203003846109 -0.0350132994353771
-135 0 0 -0.0021362800616771 -0.0340357981622219
-134 0 0 -0.00207160995341837 -0.0330651998519897
-133 0 0 -0.00200794008560479 -0.0321004018187523
-132 0 0 -0.0019451699918136 -0.0311401002109051
-131 0 0 -0.00188322004396468 -0.0301828999072313
-130 0 0 -0.0018220100319013 -0.0292275007814169
-129 0 0 -0.00176144996657968 -0.0282723996788263
-128 0 0 -0.00170144997537136 -0.0273161008954048
-127 0 0 -0.00164191995281726 -0.0263567995280027
-126 0 0 -0.0015827399911359 -0.0253928005695343
-125 0 0 -0.00152382999658585 -0.0244219992309809
-124 0 0 -0.00146505003795028 -0.0234421007335186
-123 0 0 -0.00140626996289939 -0.0224505998194218
-122 0 0 -0.00134734995663166 -0.0214444007724524
-121 0 0 -0.00128811004105955 -0.0204198993742466
-120 0 0 -0.00122834998182952 -0.0193729996681213
-119 0 0 -0.00118808995466679 -0.0186599995940924
-118 0 0 -0.00114741001743823 -0.0179328992962837
-117 0 0 -0.00110619002953172 -0.0171895008534193
-116 0 0 -0.00106431997846812 -0.0164270997047424
-115 0 0 -0.00102165003772825 -0.0156427007168531
-114 0 0 -0.000992669956758618 -0.0151055995374918
-113 0 0 -0.000963190977927297 -0.0145557001233101
-112 0 0 -0.000933135976083577 -0.0139912003651261
-111 0 0 -0.000902416009921581 -0.0134103000164032
-110 0 0 -0.000870922987814993 -0.0128105999901891
-109 0 0 -0.000849433010444045 -0.0123990001156926
-108 0 0 -0.000827494019176811 -0.0119767999276519
-107 0 0 -0.000805050018243492 -0.0115427998825908
-106 0 0 -0.000782035989686847 -0.0110956002026796
-105 0 0 -0.000758374982979149 -0.0106335002928972
-104 0 0 -0.000742195989005268 -0.0103161996230483
-103 0 0 -0.000725653022527695 -0.00999070983380079
-102 0 0 -0.000708709994796664 -0.00965620018541813
-101 0 0 -0.000691320979967713 -0.00931170023977757
-100 12 4 -0.000673433009069413 -0.00895608961582184
-99 0 0 -0.000654983974527568 -0.00858801975846291
-98 0 0 -0.000642334984149784 -0.0083349198102951
-97 0 0 -0.000629374990239739 -0.00807498954236507
-96 0 0 -0.000616075005382299 -0.00780757982283831
-95 0 0 -0.000602397019974887 -0.00753191020339727
-94 0 0 -0.000588299997616559 -0.00724708987399936
-93 0 0 -0.000573733006604016 -0.00695203011855483
-92 0 0 -0.000563730020076036 -0.00674901017919183
-91 0 0 -0.000553470978047699 -0.00654042977839708
-90 0 0 -0.000542929978109896 -0.00632575992494822
-89 0 0 -0.000532079022377729 -0.0061043999157846
-88 0 0 -0.000520885980222374 -0.00587564008310437
-87 0 0 -0.000509309000335634 -0.00563865015283227
-86 0 0 -0.000501355971209705 -0.00547559978440404
-85 0 0 -0.000493197003379464 -0.00530810002237558
-84 0 0 -0.00048481099656783 -0.00513576017692685
-83 0 0 -0.00047617798554711 -0.00495812995359302
-82 0 0 -0.000467272009700537 -0.00477465987205505
-81 0 0 -0.000458065012935549 -0.00458473991602659
-80 0 0 -0.000451741012511775 -0.00445416988804936
-79 0 0 -0.00044525699922815 -0.00432016002014279
-78 0 0 -0.000438596005551517 -0.00418240996077657
-77 0 0 -0.000431746011599898 -0.00404059002175927
-76 0 0 -0.000424686004407704 -0.0038943300023675
-75 0 0 -0.000417397008277476 -0.00374317006208003
-74 0 0 -0.000409853004384786 -0.00358662009239197
-73 0 0 -0.000402028003009036 -0.0034240500535816
-72 0 0 -0.000393885013181716 -0.00325476005673409
-71 0 0 -0.000385385006666183 -0.00307785999029875
-70 0 0 -0.000376476004021242 -0.00289229000918567
-69 0 0 -0.000367097003618255 -0.00269672996364534
-68 0 0 -0.000357167999027297 -0.00248952000401914
-67 0 0 -0.000346588989486918 -0.00226852996274829
-66 0 0 -0.000335229007760063 -0.0020309800747782
-65 0 0 -0.000322915002470836 -0.00177323003299534
-64 0 0 -0.000309418013785034 -0.00149041996337473
-63 0 0 -0.000294441997539252 -0.00117627996951342
-62 0 0 -0.000277652987278998 -0.000823715003207326
-61 0 0 -0.000258863990893587 -0.000428728992119431
-60 0 0 -0.000217805005377159 0.000435750000178814
-59 0 0 -0.00010875199950533 0.00273643992841244
-58 0 0 3.57970998265955E-06 0.00510365981608629
-57 0 0 0.00025467001250945 0.0103291999548674
-56 0 0 0.000583535002078861 0.0169271007180214
-55 0 0 0.000859520980156958 0.0222139991819859
-54 0 0 0.00112367002293468 0.0270846001803875
-53 0 0 0.00139075005427003 0.0318633988499641
-52 0 0 0.00166953995358199 0.0367433987557888
-51 0 0 0.00196704990230501 0.041881401091814
-50 11 4 0.00228994991630316 0.047435101121664
-49 0 0 0.00264518009498715 0.0535861998796463
-48 0 0 0.00303970999084413 0.0605583004653454
-47 0 0 0.00347882998175919 0.0686241015791893
-46 0 0 0.00396100990474224 0.0780740976333618
-45 0 0 0.00446732016280293 0.0890804007649422
-44 0 0 0.00495212012901902 0.101452998816967
-43 0 0 0.00535639002919197 0.114580996334553
-42 0 0 0.00564126996323466 0.12779900431633
-41 0 0 0.00580062996596098 0.140716999769211
40 10 2 0.00584900006651878 0.153199002146721
39 0 0 0.00582796987146139 0.161788001656532
38 0 0 0.00573793984949589 0.173544004559517
37 0 0 0.00559645984321833 0.184943005442619
36 0 0 0.00542216002941132 0.196040004491806
35 0 0 0.00523066008463502 0.206885993480682
34 0 0 0.00503461994230747 0.217526003718376
33 0 0 0.00484398985281587 0.227996006608009
32 0 0 0.00466636009514332 0.238331004977226
31 0 0 0.00450729019939899 0.24856099486351
30 0 0 0.00437068985775113 0.258709996938705
29 0 0 0.00425908016040921 0.268803000450134
28 0 0 0.00417392980307341 0.278860002756119
27 0 0 0.0041158702224493 0.288901001214981
26 0 0 0.00408488977700472 0.298941999673843
25 9 2 0.00407904991880059 0.305644989013672
-24 0 0 0.00408412981778383 0.311955988407135
-23 0 0 0.00410052016377449 0.318686991930008
-22 0 0 0.00412790989503264 0.325441002845764
-21 0 0 0.0041659502312541 0.332219988107681
-20 0 0 0.00421427004039288 0.339029014110565
-19 0 0 0.00425199000164866 0.343585997819901
-18 0 0 0.0042939898557961 0.34816101193428
-17 0 0 0.00434014014899731 0.352753013372421
-16 0 0 0.00439031980931759 0.357363998889923
-15 0 0 0.00444439984858036 0.361995011568069
-14 0 0 0.00450228014960885 0.366647005081177
-13 0 0 0.00456380983814597 0.371322005987167
-12 0 0 0.00462889019399881 0.376020014286041
-11 0 0 0.00469738990068436 0.380742996931076
-10 0 0 0.00476919021457434 0.385493010282516
-9 0 0 0.00484417006373405 0.390269994735718
-8 0 0 0.0048958701081574 0.393471002578735
-7 0 0 0.0049310801550746 0.395612001419067
-6 0 0 0.00495486985892057 0.397042006254196
-5 0 0 0.00497086998075247 0.397996991872787
-4 0 0 0.0049816002137959 0.398634999990463
-3 0 0 0.00498879002407193 0.399060010910034
-2 0 0 0.0049935900606215 0.399343997240067
1 0 0 0.00499999988824129 0.399722009897232
1 0 0 0.00499999988824129 0.399722009897232
-2 0 0 0.00500643020495772 0.400101006031036
-3 0 0 0.00501126982271671 0.400384992361069
-4 0 0 0.00501854019239545 0.400810986757278
-5 0 0 0.00502949021756649 0.401450991630554
-6 0 0 0.0050459997728467 0.402411997318268
-7 0 0 0.00507098017260432 0.403854995965958
-8 0 0 0.00510889012366533 0.406026005744934
-9 0 0 0.00516674015671015 0.409294009208679
-10 0 0 0.00525570008903742 0.41422501206398
-11 0 0 0.00534714991226792 0.419189989566803
-12 0 0 0.00544098997488618 0.424192011356354
-13 0 0 0.00553712015971541 0.429232001304626
-14 0 0 0.00563541008159518 0.434311002492905
-15 0 0 0.00573576008901 0.439429998397827
-16 0 0 0.00583805982023478 0.444590985774994
-17 0 0 0.00594221008941531 0.449795991182327
-18 0 0 0.00604808982461691 0.455045998096466
-19 0 0 0.00615561008453369 0.460341989994049
-20 0 0 0.00626464001834393 0.465685993432999
-21 0 0 0.00637509021908045 0.471078991889954
-22 0 0 0.00648684008046985 0.476523995399475
-23 0 0 0.0065997801721096 0.482021003961563
-24 0 0 0.00671382015570998 0.487572997808456
-25 0 0 0.00682883011177182 0.493180990219116
-26 0 0 0.00694470992311835 0.498847991228104
-27 0 0 0.00706133991479874 0.504574000835419
-28 0 0 0.00717861019074917 0.510361015796661
-29 0 0 0.00729640992358327 0.516211986541748
-30 0 0 0.00741461012512445 0.522128999233246
-31 0 0 0.00753309996798635 0.528113007545471
-32 0 0 0.00765174999833107 0.534166991710663
-33 0 0 0.00777044985443354 0.540292024612427
-34 0 0 0.00788905005902052 0.546491026878357
-35 0 0 0.00800743978470564 0.552766978740692
-36 0 0 0.00812548026442528 0.559119999408722
-37 0 0 0.00824302993714809 0.565554022789001
-38 0 0 0.00835995003581047 0.572071015834808
-39 0 0 0.00847609993070364 0.578674018383026
-40 0 0 0.00859132967889309 0.585364997386932
-41 0 0 0.00870549026876688 0.592145979404449
-42 0 0 0.00881841033697128 0.599021017551422
-43 0 0 0.00892995018512011 0.605991005897522
-44 0 0 0.00903991982340813 0.613061010837555
-45 0 0 0.00914817024022341 0.620231986045837
-46 0 0 0.00925450958311558 0.627506971359253
-47 0 0 0.00935877021402121 0.634890019893646
-48 0 0 0.0094607500359416 0.642383992671967
-49 0 0 0.00956027023494244 0.649991989135742
-50 2 4 0.0096571296453476 0.657716989517212
-51 0 0 0.00975111965090036 0.665561974048615
-52 0 0 0.00984205026179552 0.673530995845795
-53 0 0 0.00992968957871199 0.681626975536346
-54 0 0 0.0100138001143932 0.689854025840759
-55 0 0 0.0100942999124527 0.698215007781982
-56 0 0 0.0101707000285387 0.706713974475861
-57 0 0 0.0102431001141667 0.715354979038239
-58 0 0 0.0103110000491142 0.724141001701355
-59 0 0 0.0103741995990276 0.733075976371765
-60 0 0 0.010432600043714 0.742164015769958
-61 0 0 0.0104858996346593 0.751408994197845
-62 0 0 0.010533900000155 0.760814011096954
-63 0 0 0.0105763003230095 0.770384013652802
-64 0 0 0.0106127997860312 0.780121982097626
-65 0 0 0.0106434002518654 0.790032029151917
-66 0 0 0.0106677003204823 0.800118029117584
-67 0 0 0.0106854997575283 0.810383975505829
-68 0 0 0.0106966998428106 0.82083398103714
-69 0 0 0.0107009997591376 0.831471025943756
70 3 2 0.0107009997591376 0.832746028900146
71 0 0 0.0106974998489022 0.8435959815979
72 0 0 0.010686700232327 0.854641020298004
73 0 0 0.0106686996296048 0.865884006023407
74 0 0 0.0106431003659964 0.877327978610992
75 0 0 0.0106100998818874 0.888976991176605
76 0 0 0.0105694001540542 0.900830984115601
77 0 0 0.0105211995542049 0.912895977497101
78 0 0 0.0104652997106314 0.92517101764679
79 0 0 0.0104018999263644 0.937660992145538
80 0 0 0.0103310002014041 0.950366020202637
81 0 0 0.0102527001872659 0.963288009166718
82 0 0 0.0101672001183033 0.976427972316742
83 0 0 0.0100747998803854 0.989786982536316
84 0 0 0.00997566990554333 1.0033700466156
85 0 0 0.00987012032419443 1.01716005802155
86 0 0 0.00975853018462658 1.03118002414703
87 0 0 0.00964129995554686 1.04542005062103
88 0 0 0.00951888039708138 1.05987000465393
89 0 0 0.00939176976680756 1.07454001903534
90 0 0 0.00926051009446383 1.08942997455597
91 0 0 0.00912567973136902 1.10452997684479
92 0 0 0.00898792035877705 1.11984002590179
93 0 0 0.00884786993265152 1.1353600025177
94 0 0 0.00870623998343945 1.15108001232147
95 0 0 0.00856372993439436 1.16700994968414
96 0 0 0.0084210904315114 1.18314003944397
97 0 0 0.00827907957136631 1.19946002960205
98 0 0 0.00813846010714769 1.215980052948
99 0 0 0.00800000969320536 1.23267996311188
100 4 4 0.00786453019827604 1.24957001209259
101 0 0 0.00773276994004846 1.26663994789124
102 0 0 0.00760552007704973 1.28389000892639
103 0 0 0.00748352985829115 1.30131995677948
104 0 0 0.00736754992976785 1.31891000270844
105 0 0 0.00725828995928168 1.33667004108429
106 0 0 0.00715644983574748 1.35459005832672
107 0 0 0.00706272013485432 1.37267005443573
108 0 0 0.00697770994156599 1.39090001583099
109 0 0 0.0069020502269268 1.40928995609283
110 0 0 0.00683629978448153 1.4278199672699
111 0 0 0.00678100995719433 1.44649004936218
112 0 0 0.00673667993396521 1.46530997753143
113 0 0 0.00670376978814602 1.48426997661591
114 0 0 0.00668270979076624 1.50336003303528
115 0 0 0.00667387992143631 1.52258002758026
-116 5 2 0.00667360983788967 1.52653002738953
-117 0 0 0.0066800001077354 1.54591000080109
-118 0 0 0.00669933995231986 1.56541001796722
-119 0 0 0.00673191016539931 1.58503997325897
-120 0 0 0.00677795009687543 1.60477995872498
-121 0 0 0.00683765020221472 1.62463998794556
-122 0 0 0.00691119022667408 1.64461994171143
-123 0 0 0.00699868984520435 1.66472005844116
-124 0 0 0.00710027990862727 1.68491995334625
-125 0 0 0.00721600977703929 1.70524001121521
-126 0 0 0.00734596000984311 1.72565996646881
-127 0 0 0.00749013014137745 1.74618995189667
-128 0 0 0.00764852995052934 1.76681995391846
-129 0 0 0.00782113987952471 1.7875599861145
-130 0 0 0.00800792034715414 1.80839002132416
-131 0 0 0.008208810351789 1.82932996749878
-132 0 0 0.00842371955513954 1.8503600358963
-133 0 0 0.0086525697261095 1.87149000167847
-134 0 0 0.00889522954821587 1.89271998405457
-135 0 0 0.0091515900567174 1.91403996944427
-136 0 0 0.00942150037735701 1.9354499578476
-137 0 0 0.00970481988042593 1.95694994926453
-138 0 0 0.0100013995543122 1.97853994369507
-139 0 0 0.0103110000491142 2.00022006034851
-140 0 0 0.0106335999444127 2.02198004722595
-141 0 0 0.0109687997028232 2.04382991790771
-142 0 0 0.0113166002556682 2.06576991081238
-143 0 0 0.0116766998544335 2.08779001235962
-144 0 0 0.0120489997789264 2.10988998413086
-145 0 0 0.0124330995604396 2.13207006454468
-146 0 0 0.0128290001302958 2.1543300151825
-147 0 0 0.0132363997399807 2.17666006088257
-148 0 0 0.0136550003662705 2.19907999038696
-149 0 0 0.0140846995636821 2.22156000137329
-150 6 4 0.0145252998918295 2.24412989616394
-151 0 0 0.0149764996021986 2.2667601108551
-152 0 0 0.015438100323081 2.28946995735168
-153 0 0 0.0159099008888006 2.3122398853302
-154 0 0 0.0163917001336813 2.33508992195129
-155 0 0 0.0168832000344992 2.35800004005432
-156 0 0 0.0173843000084162 2.38098001480103
-157 0 0 0.0178948007524014 2.40403008460999
-158 0 0 0.0184142999351025 2.4271399974823
-159 0 0 0.0189427994191647 2.45030999183655
-160 0 0 0.019479900598526 2.47355008125305
-161 0 0 0.0200255997478962 2.49684000015259
-162 0 0 0.0205795001238585 2.52019000053406
-163 0 0 0.0211415998637676 2.54361009597778
-164 0 0 0.0217115003615618 2.56707000732422
-165 0 0 0.0222891997545958 2.59060001373291
-166 0 0 0.0228742994368076 2.61418008804321
-167 0 0 0.0234667994081974 2.63780999183655
-168 0 0 0.024066399782896 2.66148996353149
-169 0 0 0.0246728993952274 2.68523001670837
-170 0 0 0.0252861995249987 2.70900988578796
-171 0 0 0.0259061995893717 2.73284006118774
-172 0 0 0.0265324991196394 2.75672006607056
-173 0 0 0.027165099978447 2.7806499004364
-174 0 0 0.0278037991374731 2.80462002754211
-175 0 0 0.028448399156332 2.82863998413086
-176 0 0 0.0290987994521856 2.85269999504089
-177 0 0 0.029754800722003 2.87680006027222
-178 0 0 0.0304161999374628 2.90093994140625
-179 0 0 0.0310830008238554 2.92512011528015
-180 0 0 0.0317548997700214 2.94935011863708
-181 0 0 0.0324319005012512 2.97360992431641
-182 0 0 0.0331137999892235 2.99790000915527
-183 0 0 0.0338004007935524 3.02223992347717
-184 0 0 0.0344915986061096 3.0466001033783
-185 0 0 0.0351873002946377 3.07101011276245
-186 0 0 0.0358874015510082 3.09543991088867
-187 0 0 0.0365918017923832 3.11991000175476
-188 0 0 0.0373001992702484 3.14440989494324
-189 0 0 0.0380126982927322 3.16894006729126
-190 0 0 0.0387291014194489 3.19350004196167
-191 0 0 0.0394493006169796 3.21809005737305
-192 0 0 0.0401730984449387 3.24271011352539
-193 0 0 0.0409004986286163 3.26735997200012
-194 0 0 0.0416315011680126 3.29203009605408
-195 0 0 0.042365700006485 3.31673002243042
-196 0 0 0.0431033000349998 3.34145998954773
-197 0 0 0.0438441000878811 3.36619997024536
-198 0 0 0.0445878989994526 3.39098000526428
-199 0 0 0.0453348010778427 3.41578006744385
-200 7 4 0.046084601432085 3.44058990478516
-201 0 0 0.0468371994793415 3.46544003486633
-202 0 0 0.0475925989449024 3.49029994010925
-203 0 0 0.0483506992459297 3.5151801109314
-204 0 0 0.0491112992167473 3.54009008407593
-205 0 0 0.0498744994401932 3.56501007080078
-206 8 9 0.0506401993334293 3.58995008468628
