-458 18 9 -0.050161000341177 -0.413356006145477
-457 0 0 -0.0495662987232208 -0.408468991518021
-456 0 0 -0.0489736013114452 -0.40361300110817
-455 0 0 -0.0483828000724316 -0.398786991834641
-454 0 0 -0.0477935001254082 -0.393988013267517
-453 0 0 -0.0472053997218609 -0.389218002557755
-452 0 0 -0.0466183014214039 -0.384472995996475
-451 0 0 -0.0460320003330708 -0.379752993583679
-450 17 4 -0.0454461015760899 -0.375057011842728
-449 0 0 -0.0448602996766567 -0.370384007692337
-448 0 0 -0.0442745015025139 -0.365732997655869
-447 0 0 -0.0436882004141808 -0.361102014780045
-446 0 0 -0.0431012995541096 -0.356489986181259
-445 0 0 -0.0425134003162384 -0.351897001266479
-444 0 0 -0.0419243015348911 -0.347321003675461
-443 0 0 -0.0413336008787155 -0.342761009931564
-442 0 0 -0.0407411009073257 -0.338214993476868
-441 0 0 -0.0401466004550457 -0.333683013916016
-440 0 0 -0.0395497009158134 -0.329163998365402
-439 0 0 -0.0389501005411148 -0.324656009674072
-438 0 0 -0.0383475981652737 -0.320158004760742
-437 0 0 -0.0377417989075184 -0.315669000148773
-436 0 0 -0.0371325984597206 -0.311186999082565
-435 0 0 -0.0365195982158184 -0.306712001562119
-434 0 0 -0.0359025001525879 -0.302240997552872
-433 0 0 -0.0352810993790627 -0.297775000333786
-432 0 0 -0.0346551984548569 -0.293309986591339
-431 0 0 -0.0340243987739086 -0.288846999406815
-430 0 0 -0.0333885997533798 -0.284382998943329
-429 0 0 -0.0327474996447563 -0.279917001724243
-428 0 0 -0.0321009010076523 -0.275447010993958
-427 0 0 -0.0314485989511013 -0.270972013473511
-426 0 0 -0.0307903997600079 -0.266490012407303
-425 0 0 -0.0301261004060507 -0.261999994516373
-424 0 0 -0.0294557996094227 -0.257499009370804
-423 0 0 -0.0290053002536297 -0.25449201464653
-422 0 0 -0.0285521000623703 -0.251478999853134
-421 0 0 -0.0280961003154516 -0.248458996415138
-420 0 0 -0.0276372004300356 -0.245432004332542
-419 0 0 -0.0271754991263151 -0.242396995425224
-418 0 0 -0.0267108995467424 -0.239353999495506
-417 0 0 -0.0262435004115105 -0.236301004886627
-416 0 0 -0.0257732998579741 -0.233237996697426
-415 0 0 -0.0253004003316164 -0.230165004730225
-414 0 0 -0.0248246993869543 -0.227080002427101
-413 0 0 -0.024346400052309 -0.223983004689217
-412 0 0 -0.0240260008722544 -0.221910998225212
-411 0 0 -0.0237045995891094 -0.219833001494408
-410 0 0 -0.0233820006251335 -0.217748001217842
-409 0 0 -0.0230583008378744 -0.215656995773315
-408 0 0 -0.0227336008101702 -0.213559001684189
-407 0 0 -0.0224077999591827 -0.211454004049301
-406 0 0 -0.0220810994505882 -0.209342002868652
-405 0 0 -0.0217534005641937 -0.207221001386642
-404 0 0 -0.021424800157547 -0.205092996358871
-403 0 0 -0.0210953000932932 -0.202956005930901
-402 0 0 -0.0207650996744633 -0.200810998678207
-401 0 0 -0.0204339995980263 -0.198655992746353
-400 16 4 -0.0201021991670132 -0.196492001414299
-399 0 0 -0.0197698008269072 -0.194318994879723
-398 0 0 -0.0194368008524179 -0.192135006189346
-397 0 0 -0.0191031992435455 -0.189941003918648
-396 0 0 -0.0187692008912563 -0.187735006213188
-395 0 0 -0.0184346996247768 -0.185518994927406
-394 0 0 -0.0180999003350735 -0.183291003108025
-393 0 0 -0.017764899879694 -0.181050002574921
-392 0 0 -0.0174295995384455 -0.178798004984856
-391 0 0 -0.017094299197197 -0.176532000303268
-390 0 0 -0.0167590007185936 -0.17425300180912
-389 0 0 -0.0164237003773451 -0.17195999622345
-388 0 0 -0.0160885993391275 -0.169652998447418
-387 0 0 -0.0157538000494242 -0.167330995202065
-386 0 0 -0.0154192997142673 -0.16499400138855
-385 0 0 -0.0150853004306555 -0.162642002105713
-384 0 0 -0.0147518999874592 -0.160273000597954
-383 0 0 -0.014419199898839 -0.157887995243073
-382 0 0 -0.0140872998163104 -0.15548700094223
-381 0 0 -0.013756399974227 -0.153069004416466
-380 0 0 -0.0134266000241041 -0.150633007287979
-379 0 0 -0.0130979996174574 -0.148178994655609
-378 0 0 -0.0127707999199629 -0.145708993077278
-377 0 0 -0.0124452002346516 -0.143220007419586
-376 0 0 -0.0121213002130389 -0.140714004635811
-375 0 0 -0.0117993000894785 -0.138190001249313
-374 0 0 -0.0114794000983238 -0.135649994015694
-373 0 0 -0.0111619001254439 -0.133092999458313
-372 0 0 -0.0108468998223543 -0.13052099943161
-371 0 0 -0.0105347996577621 -0.127933993935585
-370 0 0 -0.0102259004488587 -0.125334993004799
-369 0 0 -0.0099203297868371 -0.122725002467632
-368 0 0 -0.00961857009679079 -0.120105996727943
-367 0 0 -0.00932095013558865 -0.117481999099255
-366 0 0 -0.00902786012738943 -0.114855997264385
-365 0 0 -0.00873969960957766 -0.112231999635696
-364 0 0 -0.00845691002905369 -0.109613999724388
-363 0 0 -0.00817991979420185 -0.107006996870041
-362 0 0 -0.00790918990969658 -0.104415997862816
-361 0 0 -0.0076451301574707 -0.101847998797894
-360 0 0 -0.00738816009834409 -0.0993079021573067
-359 0 0 -0.00713864993304014 -0.0968014001846313
-358 0 0 -0.00689692003652453 -0.0943344011902809
-357 0 0 -0.00666321022436023 -0.0919122025370598
-356 0 0 -0.00643771002069116 -0.089539498090744
-355 0 0 -0.00622051022946835 -0.0872203037142754
-354 0 0 -0.00601164996623993 -0.0849580019712448
-353 0 0 -0.00581105006858706 -0.0827549025416374
-352 0 0 -0.00561858993023634 -0.0806128978729248
-351 0 0 -0.00543410005047917 -0.0785325989127159
-350 15 4 -0.00525732012465596 -0.0765144005417824
-349 0 0 -0.0050879898481071 -0.0745576992630959
-348 0 0 -0.00492578977718949 -0.0726614966988564
-347 0 0 -0.00477042002603412 -0.07082449644804
-346 0 0 -0.00462152017280459 -0.0690447986125946
-345 0 0 -0.00447876984253526 -0.0673203989863396
-344 0 0 -0.00434183981269598 -0.0656493008136749
-343 0 0 -0.00421039992943406 -0.0640290006995201
-342 0 0 -0.00408412981778383 -0.062457300722599
-341 0 0 -0.00396273005753756 -0.0609317012131214
-340 0 0 -0.00384591007605195 -0.0594500005245209
-339 0 0 -0.0037334100343287 -0.0580099001526833
-338 0 0 -0.00362495006993413 -0.0566090010106564
-337 0 0 -0.00352030992507935 -0.0552452988922596
-336 0 0 -0.00341925001703203 -0.0539165996015072
-335 0 0 -0.00332155008800328 -0.0526207983493805
-334 0 0 -0.00322701991535723 -0.0513562001287937
-333 0 0 -0.00313546997494996 -0.0501207001507282
-332 0 0 -0.00304672005586326 -0.0489125996828079
-331 0 0 -0.00296060997061431 -0.0477303005754948
-330 0 0 -0.00287697999738157 -0.0465719997882843
-329 0 0 -0.00279568997211754 -0.0454363003373146
-328 0 0 -0.0027165999636054 -0.0443216003477573
-327 0 0 -0.00263958005234599 -0.0432263985276222
-326 0 0 -0.00256452010944486 -0.0421494990587234
-325 0 0 -0.00249129999428988 -0.0410894006490707
-324 0 0 -0.00241981004364789 -0.0400447994470596
-323 0 0 -0.0023499398957938 -0.0390144996345043
-322 0 0 -0.0022815999109298 -0.0379973016679287
-321 0 0 -0.0022146999835968 -0.0369918011128902
-320 0 0 -0.00214913999661803 -0.035996999591589
-319 0 0 -0.0020848501008004 -0.035011500120163
-318 0 0 -0.0020217199344188 -0.0340342000126839
-317 0 0 -0.00195968989282846 -0.0330638997256756
-316 0 0 -0.00189865997526795 -0.0320992991328239
-315 0 0 -0.00183856999501586 -0.0311390999704599
-314 0 0 -0.00177931995131075 -0.0301821008324623
-313 0 0 -0.00172083999495953 -0.0292268004268408
-312 0 0 -0.00166305003222078 -0.0282719004899263
-311 0 0 -0.0016058599576354 -0.0273157004266977
-310 0 0 -0.00154917000327259 -0.0263566002249718
-309 0 0 -0.00149290997069329 -0.0253926999866962
-308 0 0 -0.00143695995211601 -0.0244219992309809
-307 0 0 -0.00138121994677931 -0.0234423000365496
-306 0 0 -0.0013255700469017 -0.0224508997052908
-305 0 0 -0.00126985996030271 -0.0214447993785143
-304 0 0 -0.00121392996516079 -0.0204204991459846
-303 0 0 -0.00115760997869074 -0.0193737000226974
-302 0 0 -0.00111972005106509 -0.0186608005315065
-301 0 0 -0.00108147994615138 -0.0179338008165359
-300 14 4 -0.00104278000071645 -0.0171904992312193
-299 0 0 -0.00100351998116821 -0.0164282992482185
-298 0 0 -0.000963556987699121 -0.0156440008431673
-297 0 0 -0.000936448981519789 -0.0151070998981595
-296 0 0 -0.000908898015040904 -0.0145571995526552
-295 0 0 -0.000880836974829435 -0.0139929000288248
-294 0 0 -0.000852181983646005 -0.0134121002629399
-293 0 0 -0.000822835019789636 -0.0128125995397568
-292 0 0 -0.000802827009465545 -0.0124011002480984
-291 0 0 -0.000782413990236819 -0.0119789997115731
-290 0 0 -0.000761546019930393 -0.0115451002493501
-289 0 0 -0.000740165007300675 -0.0110980002209544
-288 0 0 -0.000718198018148541 -0.010636099614203
-287 0 0 -0.000703185971360654 -0.0103189004585147
-286 0 0 -0.000687845982611179 -0.00999358016997576
-285 0 0 -0.000672142021358013 -0.00965921021997929
-284 0 0 -0.00065603299299255 -0.00931487046182156
-283 0 0 -0.000639471982140094 -0.00895943958312273
-282 0 0 -0.000622398976702243 -0.00859156996011734
-281 0 0 -0.000610699993558228 -0.00833861995488405
-280 0 0 -0.000598718994297087 -0.00807886011898518
-279 0 0 -0.000586426991503686 -0.00781163014471531
-278 0 0 -0.000573791970964521 -0.00753615982830524
-277 0 0 -0.000560774991754442 -0.00725156022235751
-276 0 0 -0.000547329022083431 -0.00695675984025002
-275 0 0 -0.000538100022822618 -0.00675392989069223
-274 0 0 -0.000528637028764933 -0.00654555018991232
-273 0 0 -0.00051891797920689 -0.00633110012859106
-272 0 0 -0.000508915982209146 -0.00610999017953873
-271 0 0 -0.00049860100261867 -0.00588151020929217
-270 0 0 -0.000487937999423593 -0.00564484018832445
-269 0 0 -0.000480615010019392 -0.00548201985657215
-268 0 0 -0.000473102991236374 -0.00531477993354201
-267 0 0 -0.000465385994175449 -0.00514271995052695
-266 0 0 -0.000457443005871028 -0.00496539007872343
-265 0 0 -0.000449251005193219 -0.0047822599299252
-264 0 0 -0.000440784991951659 -0.00459271995350718
-263 0 0 -0.00043497298611328 -0.00446244003251195
-262 0 0 -0.000429014005931094 -0.00432873005047441
-261 0 0 -0.000422895012889057 -0.00419131992384791
-260 0 0 -0.00041660200804472 -0.00404987018555403
-259 0 0 -0.000410120002925396 -0.00390400993637741
-258 0 0 -0.000403429003199562 -0.00375330005772412
-257 0 0 -0.000396507995901629 -0.00359724997542799
-256 0 0 -0.000389330991310999 -0.00343524990603328
-255 0 0 -0.000381866004317999 -0.00326659996062517
-254 0 0 -0.000374077004380524 -0.00309043005108833
-253 0 0 -0.000365918007446453 -0.00290571991354227
-252 0 0 -0.000357334007276222 -0.00271116010844707
-251 0 0 -0.000348253990523517 -0.00250513991340995
-250 13 4 -0.000338587997248396 -0.00228559994138777
-249 0 0 -0.000328221009112895 -0.00204984005540609
-248 0 0 -0.000316999008646235 -0.00179435999598354
-247 0 0 -0.000304718996630982 -0.00151445996016264
-246 0 0 -0.000291119999019429 -0.00120413000695407
-245 0 0 -0.000275905011221766 -0.000856473983731121
-244 0 0 -0.000240096997004002 -3.67825996363536E-05
-243 0 0 -0.000173453998286277 0.00149264000356197
-242 0 0 -9.6507697890047E-05 0.00326031004078686
-241 0 0 6.72522000968456E-05 0.00700245006009936
-240 0 0 0.000421892007580027 0.0148389004170895
-239 0 0 0.000689474982209504 0.0204195007681847
-238 0 0 0.000939366989769042 0.0253868997097015
-237 0 0 0.00118952000048012 0.030171699821949
-236 0 0 0.0014492500340566 0.0349964983761311
-235 0 0 0.00172536005266011 0.0400247983634472
-234 0 0 0.0020240698941052 0.0454109013080597
-233 0 0 0.00235168007202446 0.051325399428606
-232 0 0 0.00271463999524713 0.0579748004674911
-231 0 0 0.00311841000802815 0.0656139999628067
-230 0 0 0.00356390001252294 0.0745337978005409
-229 0 0 0.00403901003301144 0.0849711000919342
-228 0 0 0.00450769020244479 0.0968903973698616
-227 0 0 0.00491339014843106 0.109810002148151
-226 0 0 0.00520865013822913 0.123037002980709
-225 0 0 0.00537757994607091 0.136070996522903
-224 12 2 0.00542959989979863 0.148699000477791
223 0 0 0.0054229199886322 0.153354004025459
222 0 0 0.00534794013947248 0.165377005934715
221 0 0 0.00520754978060722 0.177008002996445
220 0 0 0.0050221998244524 0.188299998641014
219 0 0 0.00480946013703942 0.19930799305439
218 0 0 0.00458393013104796 0.210078999400139
217 0 0 0.0043572997674346 0.220657005906105
216 0 0 0.00413868017494678 0.231077000498772
215 0 0 0.00393493985757232 0.241371005773544
214 0 0 0.00375103997066617 0.251567989587784
213 0 0 0.00359038007445633 0.261691987514496
212 0 0 0.00345510011538863 0.271766006946564
211 0 0 0.00334632000885904 0.281810998916626
210 0 0 0.00326441996730864 0.291844010353088
209 0 0 0.00320919998921454 0.30188399553299
208 0 0 0.0031799899879843 0.311946988105774
207 11 2 0.00317453010939062 0.318675011396408
-206 0 0 0.00317667005583644 0.322930991649628
-205 0 0 0.00318864989094436 0.329697012901306
-204 0 0 0.00321084004826844 0.336490988731384
-203 0 0 0.00323110003955662 0.34103798866272
-202 0 0 0.00325560010969639 0.345600992441177
-201 0 0 0.00328421010635793 0.350180000066757
-200 10 4 0.00331680988892913 0.354777991771698
-199 0 0 0.00335327000357211 0.359394997358322
-198 0 0 0.00339346006512642 0.36403301358223
-197 0 0 0.00343724992126226 0.368692994117737
-196 0 0 0.00348452990874648 0.37337601184845
-195 0 0 0.00353517010807991 0.378082990646362
-194 0 0 0.00358903990127146 0.382815003395081
-193 0 0 0.00364602007903159 0.38757398724556
-192 0 0 0.00370598002336919 0.392361998558044
-191 0 0 0.00376880005933344 0.397177994251251
-190 0 0 0.00383437005802989 0.402025014162064
-189 0 0 0.00390256009995937 0.406902998685837
-188 0 0 0.00397324981167912 0.411814987659454
-187 0 0 0.00404633022844791 0.416761010885239
-186 0 0 0.00412167981266975 0.421741992235184
-185 0 0 0.00419917982071638 0.426761001348495
-184 0 0 0.00427871011197567 0.431818008422852
-183 0 0 0.00436017010360956 0.436915010213852
-182 0 0 0.00444344012066722 0.442052990198135
-181 0 0 0.00452840002253652 0.447234004735947
-180 0 0 0.00461493991315365 0.452459007501602
-179 0 0 0.00470294989645481 0.457729011774063
-178 0 0 0.00479230983182788 0.463046997785568
-177 0 0 0.00488290982320905 0.46841299533844
-176 0 0 0.00497463997453451 0.473829001188278
-175 0 0 0.00506736990064383 0.479297995567322
-174 0 0 0.00516099995002151 0.484820008277893
-173 0 0 0.00525540998205543 0.49039700627327
-172 0 0 0.00535047985613346 0.496031999588013
-171 0 0 0.00544608989730477 0.501725018024445
-170 0 0 0.0055421101860702 0.507479012012482
-169 0 0 0.00563844013959169 0.513294994831085
-168 0 0 0.00573492981493473 0.519176006317139
-167 0 0 0.0058314697816968 0.525123000144958
-166 0 0 0.00592793012037873 0.531138002872467
-165 0 0 0.00602417020127177 0.537225008010864
-164 0 0 0.00612006010487676 0.543383002281189
-163 0 0 0.00621544988825917 0.549616992473602
-162 0 0 0.00631021987646818 0.555926978588104
-161 0 0 0.00640420988202095 0.56231701374054
-160 0 0 0.00649728020653129 0.568789005279541
-159 0 0 0.00658927019685507 0.575344026088715
-158 0 0 0.00668002013117075 0.581987023353577
-157 0 0 0.00676938006654382 0.588717997074127
-156 0 0 0.0068571800366044 0.595541000366211
-155 0 0 0.00694323983043432 0.602459013462067
-154 0 0 0.00702738994732499 0.609474003314972
-153 0 0 0.00710945017635822 0.61658900976181
-152 0 0 0.00718923006206751 0.623805999755859
-151 0 0 0.00726654985919595 0.63112998008728
-150 9 4 0.00734120002016425 0.638562977313995
-149 0 0 0.00741297984495759 0.646107017993927
-148 0 0 0.00748167978599668 0.653766989707947
-147 0 0 0.00754708983004093 0.661544978618622
-146 0 0 0.00760899018496275 0.669445991516113
-145 0 0 0.00766714988276362 0.677470982074738
-144 0 0 0.00772135006263852 0.685625016689301
-143 0 0 0.0077713499777019 0.693911015987396
-142 0 0 0.0078169098123908 0.702332973480225
-141 0 0 0.00785777997225523 0.710893988609314
-140 0 0 0.00789372995495796 0.719599008560181
-139 0 0 0.00792449992150068 0.728450000286102
-138 0 0 0.00794983003288507 0.73745197057724
-137 0 0 0.00796949025243521 0.746608018875122
-136 0 0 0.00798320025205612 0.755922019481659
-135 0 0 0.00799072999507189 0.765398979187012
-134 8 2 0.00799219030886889 0.77180802822113
133 0 0 0.00799219030886889 0.77182000875473
132 0 0 0.0079907001927495 0.778304994106293
131 0 0 0.00798621028661728 0.784865975379944
130 0 0 0.00797863956540823 0.791503012180328
129 0 0 0.00796790979802608 0.798219978809357
128 0 0 0.00795398000627756 0.805015027523041
127 0 0 0.00793675985187292 0.81189101934433
126 0 0 0.00791618973016739 0.81884902715683
125 0 0 0.00789221003651619 0.825890004634857
124 0 0 0.00786476954817772 0.833014011383057
123 0 0 0.00783380959182978 0.840223014354706
122 0 0 0.0077992700971663 0.847518026828766
121 0 0 0.00776111008599401 0.854898989200592
120 0 0 0.00771928019821644 0.862369000911713
119 0 0 0.00767375016584992 0.869926989078522
118 0 0 0.00762449018657207 0.877574980258942
117 0 0 0.00757144996896386 0.885312974452972
116 0 0 0.00751462019979954 0.893141984939575
115 0 0 0.0074539901688695 0.901063978672028
114 0 0 0.00738953007385135 0.909078001976013
113 0 0 0.00732125993818045 0.91718602180481
112 0 0 0.00724916998296976 0.925388991832733
111 0 0 0.00717326998710632 0.933685004711151
110 0 0 0.00709359021857381 0.942077994346619
109 0 0 0.00701013999059796 0.950565993785858
108 0 0 0.00692297983914614 0.959150016307831
107 0 0 0.00683212978765368 0.967831015586853
106 0 0 0.00673766992986202 0.976607978343964
105 0 0 0.00663963984698057 0.98548299074173
104 0 0 0.00653812009841204 0.994454979896545
103 0 0 0.00643320009112358 1.00352001190186
102 0 0 0.00632497016340494 1.01268994808197
101 0 0 0.0062135299667716 1.02195000648499
100 7 4 0.00609898986294866 1.03131997585297
99 0 0 0.00598147977143526 1.04077005386353
98 0 0 0.00586111983284354 1.05033004283905
97 0 0 0.00573805999010801 1.05998003482819
96 0 0 0.00561243994161487 1.06973004341125
95 0 0 0.00548443011939526 1.07957005500793
94 0 0 0.00535418977960944 1.08950996398926
93 0 0 0.00522190006449819 1.09953999519348
92 0 0 0.00508775003254414 1.10967004299164
91 0 0 0.00495191989466548 1.11988997459412
90 0 0 0.00481460988521576 1.13020002841949
89 0 0 0.00467603001743555 1.14060997962952
88 0 0 0.00453640008345246 1.15110003948212
87 0 0 0.00439591985195875 1.16168999671936
86 0 0 0.0042548100464046 1.17235994338989
85 0 0 0.00411331001669168 1.18312001228333
84 0 0 0.0039716400206089 1.19396996498108
83 0 0 0.00383003009483218 1.20491003990173
82 0 0 0.00368872005492449 1.21592998504639
81 0 0 0.00354793993756175 1.22703003883362
80 0 0 0.00340792001225054 1.23821997642517
79 0 0 0.00326890009455383 1.2494900226593
78 0 0 0.00313110998831689 1.26084005832672
77 0 0 0.00299478997476399 1.27225995063782
76 0 0 0.00286016007885337 1.28376996517181
75 0 0 0.00272746011614799 1.2953599691391
74 0 0 0.00259691011160612 1.30701994895935
73 0 0 0.002468730090186 1.31875002384186
72 0 0 0.00234314007684588 1.33055996894836
71 0 0 0.00222035008482635 1.34244000911713
70 0 0 0.00210056989453733 1.35439002513885
69 0 0 0.00198398996144533 1.36641001701355
68 0 0 0.00187081994954497 1.37850999832153
67 0 0 0.00176124996505678 1.39066994190216
66 0 0 0.00165544997435063 1.40288996696472
65 0 0 0.00155359995551407 1.41518998146057
64 0 0 0.00145588000304997 1.42754995822906
63 0 0 0.00136243994347751 1.43997001647949
62 0 0 0.00127343996427953 1.45245003700256
61 0 0 0.00118903000839055 1.4650000333786
60 0 0 0.00110933999530971 1.47760999202728
59 0 0 0.00103450997266918 1.4902800321579
58 0 0 0.000964671024121344 1.50301003456116
57 0 0 0.00089992699213326 1.51579999923706
56 0 0 0.000840394000988454 1.52864003181458
55 0 0 0.000786173972301185 1.54154002666473
54 0 0 0.000737362017389387 1.55449998378754
53 0 0 0.000694044982083142 1.56751000881195
52 0 0 0.000656304007861763 1.58057999610901
51 0 0 0.000624213018454611 1.59370005130768
50 6 4 0.000597839010879397 1.6068799495697
49 0 0 0.000577241007704288 1.62011003494263
48 0 0 0.000562474015168846 1.63338994979858
47 0 0 0.000553584017325193 1.64672005176544
46 5 2 0.000550611992366612 1.66009998321533
-45 0 0 0.000550649012438953 1.66158998012543
-44 0 0 0.000554296013433486 1.67502999305725
-43 0 0 0.000563928973861039 1.68850994110107
-42 0 0 0.000579571991693228 1.70204997062683
-41 0 0 0.000601241015829146 1.71563005447388
-40 0 0 0.00062895001610741 1.72925996780396
-39 0 0 0.000662707025185227 1.74293994903564
-38 0 0 0.000702514022123069 1.75665998458862
-37 0 0 0.000748371006920934 1.77042996883392
-36 0 0 0.000800270994659513 1.78425002098083
-35 0 0 0.00085820397362113 1.79811000823975
-34 0 0 0.000922158011235297 1.81201004981995
-33 0 0 0.000992113957181573 1.82596004009247
-32 0 0 0.00106805004179478 1.83995997905731
-31 0 0 0.00114994996692985 1.85398995876312
-30 0 0 0.00123776996042579 1.86807000637054
-29 0 0 0.00133148999884725 1.88218998908997
-28 0 0 0.00143108004704118 1.896360039711
-27 0 0 0.00153650005813688 1.91056001186371
-26 0 0 0.00164770998526365 1.92481005191803
-25 0 0 0.00176467001438141 1.93909001350403
-24 0 0 0.00188733998220414 1.95342004299164
-23 0 0 0.0020156700629741 1.96779000759125
-22 0 0 0.00214962009340525 1.98219001293182
-21 0 0 0.00228912988677621 1.99663996696472
-20 0 0 0.0024341600947082 2.01112008094788
-19 0 0 0.00258464994840324 2.02565002441406
-18 0 0 0.00274056009948254 2.04021000862122
-17 0 0 0.00290182000026107 2.05481004714966
-16 0 0 0.00306839006952941 2.06943988800049
-15 0 0 0.00324019999243319 2.08411002159119
-14 0 0 0.00341719994321465 2.09881997108459
-13 0 0 0.00359932007268071 2.11356997489929
-12 0 0 0.00378652010113001 2.12835001945496
-11 0 0 0.00397873017936945 2.14316010475159
-10 0 0 0.00417588977143168 2.15801000595093
-9 0 0 0.00437794020399451 2.17289996147156
-8 0 0 0.00458481023088098 2.18781995773315
-7 0 0 0.00472537986934185 2.19777989387512
-6 0 0 0.00482026021927595 2.20444011688232
-5 0 0 0.00488403020426631 2.20886993408203
-4 0 0 0.00492676999419928 2.21182990074158
-3 0 0 0.00495536997914314 2.21380996704102
-2 0 0 0.00497447000816464 2.21512007713318
1 0 0 0.00499999988824129 2.21688008308411
1 0 0 0.00499999988824129 2.21688008308411
-2 0 0 0.00502560008317232 2.21864008903503
-3 0 0 0.00504483981058002 2.21994996070862
-4 0 0 0.00507376994937658 2.22193002700806
-5 0 0 0.00511731021106243 2.22490000724792
-6 0 0 0.00518296007066965 2.22935009002686
-7 0 0 0.00528217991814017 2.23603010177612
-8 0 0 0.00543271005153656 2.24606990814209
-9 0 0 0.00566226989030838 2.26114988327026
-10 0 0 0.00589628983289003 2.2762598991394
-11 0 0 0.00613472005352378 2.29140996932983
-12 0 0 0.00637747021391988 2.30658006668091
-13 0 0 0.00662451004609466 2.32178997993469
-14 0 0 0.00687575014308095 2.33702993392944
-15 0 0 0.00713114999234676 2.35228991508484
-16 0 0 0.00739064021036029 2.36758995056152
-17 0 0 0.00765415001660585 2.38292002677917
-18 0 0 0.00792163982987404 2.39826989173889
-19 0 0 0.00819301977753639 2.41366004943848
-20 0 0 0.00846826005727053 2.42906999588013
-21 0 0 0.00874727964401245 2.44450998306274
-22 0 0 0.00903001986443996 2.45998001098633
-23 0 0 0.00931643042713404 2.47548007965088
-24 0 0 0.00960644986480474 2.4909999370575
-25 0 0 0.00990002043545246 2.50655007362366
-26 0 0 0.0101971002295613 2.52211999893188
-27 0 0 0.0104975998401642 2.53771996498108
-28 0 0 0.0108014000579715 2.55334997177124
-29 0 0 0.0111085996031761 2.56900000572205
-30 0 0 0.0114190997555852 2.58468008041382
-31 0 0 0.0117327999323606 2.60037994384766
-32 0 0 0.0120495995506644 2.61610007286072
-33 0 0 0.0123694995418191 2.63185000419617
-34 0 0 0.0126924999058247 2.64761996269226
-35 0 0 0.0130185000598431 2.66341996192932
-36 0 0 0.0133474003523588 2.6792299747467
-37 0 0 0.0136793004348874 2.69507002830505
-38 0 0 0.0140139004215598 2.71093010902405
-39 0 0 0.014351399615407 2.72681999206543
-40 0 0 0.0146915996447206 2.74271988868713
-41 0 0 0.0150344995781779 2.75865006446838
-42 0 0 0.0153801003471017 2.77459001541138
-43 0 0 0.0157281998544931 2.79056000709534
-44 0 0 0.0160789005458355 2.80655002593994
-45 0 0 0.0164321009069681 2.82255005836487
-46 0 0 0.0167877990752459 2.83857989311218
-47 0 0 0.0171459000557661 2.8546199798584
-48 0 0 0.0175064001232386 2.87068009376526
-49 0 0 0.0178692005574703 2.88677000999451
-50 2 4 0.0182342994958162 2.90286993980408
-51 0 0 0.0186016000807285 2.91897988319397
-52 0 0 0.018971199169755 2.93512010574341
-53 0 0 0.0193428993225098 2.95127010345459
-54 0 0 0.0197167005389929 2.96743988990784
-55 0 0 0.020092599093914 2.98362994194031
-56 0 0 0.0204706005752087 2.9998300075531
-57 0 0 0.0208506006747484 3.01605010032654
-58 0 0 0.0212325006723404 3.03227996826172
-59 0 0 0.0216163992881775 3.04853010177612
-60 0 0 0.022002199664712 3.06480002403259
-61 0 0 0.0223897993564606 3.08107995986938
-62 0 0 0.0227793008089066 3.0973699092865
-63 0 0 0.0231705997139215 3.11367988586426
-64 0 0 0.0235635992139578 3.13000011444092
-65 0 0 0.0239582993090153 3.14633989334106
-66 0 0 0.0243548005819321 3.16268992424011
-67 0 0 0.0247529000043869 3.1790599822998
-68 0 0 0.0251525994390249 3.1954300403595
-69 0 0 0.0255539007484913 3.21182990074158
-70 0 0 0.0259568002074957 3.22822999954224
-71 0 0 0.0263612996786833 3.24464988708496
-72 0 0 0.0267671998590231 3.26107001304626
-73 0 0 0.027174599468708 3.27750992774963
-74 0 0 0.0275835003703833 3.29397010803223
-75 0 0 0.0279938001185656 3.31043004989624
-76 0 0 0.0284055005759001 3.3269100189209
-77 0 0 0.0288184992969036 3.34338998794556
-78 0 0 0.029440600425005 3.36813998222351
-79 0 0 0.0300657004117966 3.39292001724243
-80 0 0 0.0306934993714094 3.417720079422
-81 0 0 0.0313242003321648 3.44253993034363
-82 0 0 0.0319574996829033 3.46738004684448
-83 0 0 0.0325934998691082 3.4922399520874
-84 0 0 0.0332319997251034 3.51712989807129
-85 0 0 0.0338728986680508 3.54203009605408
-86 0 0 0.0345163010060787 3.56696009635925
-87 0 0 0.0351620018482208 3.59190011024475
-88 0 0 0.035809900611639 3.61686992645264
-89 0 0 0.0364600010216236 3.64184999465942
-90 0 0 0.0371122993528843 3.66685009002686
-91 0 0 0.0377665981650352 3.69185996055603
-92 0 0 0.0384229011833668 3.71689009666443
-93 0 0 0.0390812009572983 3.74194002151489
-94 0 0 0.039741400629282 3.767009973526
-95 0 0 0.0404033996164799 3.79207992553711
-96 0 0 0.0410672016441822 3.81717991828918
-97 0 0 0.0417327992618084 3.84228992462158
-98 0 0 0.0423999987542629 3.8674099445343
-99 0 0 0.0430689007043839 3.89253997802734
-100 3 4 0.0437393002212048 3.91769003868103
-101 0 0 0.044411301612854 3.94285011291504
-102 0 0 0.0450848005712032 3.96802997589111
-103 0 0 0.0457598008215427 3.99321007728577
-104 0 0 0.0464362017810345 4.01841020584106
-105 0 0 0.0471138991415501 4.04362010955811
-106 0 0 0.0477930009365082 4.06884002685547
-107 0 0 0.0484733991324902 4.09406995773315
-108 0 0 0.0491551011800766 4.11930990219116
-109 0 0 0.0498379990458488 4.14455986022949
-110 4 9 0.0505219995975494 4.16981983184814
